11.0
17.0
42.0
40.0
16.0
23.0
19.0
9.0
18.0
16.0
22.0
11.0
13.0
19.0
7.0
21.0
33.0
26.0
37.0
13.0
7.0
21.0
22.0
16.0
13.0
30.0
32.0
26.0
12.0
8.0
31.0
17.0
29.0
51.0
23.0
39.0
30.0
25.0
16.0
32.0
49.0
14.0
39.0
33.0
15.0
19.0
19.0
13.0
21.0
25.0
13.0
22.0
17.0
16.0
23.0
25.0
24.0
37.0
32.0
14.0
34.0
26.0
14.0
16.0
25.0
13.0
21.0
17.0
21.0
27.0
26.0
28.0
18.0
13.0
22.0
24.0
9.0
12.0
20.0
8.0
21.0
10.0
15.0
20.0
21.0
19.0
16.0
18.0
12.0
6.0
58.0
23.0
13.0
19.0
27.0
15.0
10.0
27.0
21.0
12.0
37.0
15.0
12.0
22.0
49.0
29.0
14.0
17.0
18.0
60.0
21.1111111111
47.7777777778
34.4444444444
26.6666666667
24.4444444444
47.7777777778
26.6666666667
41.1111111111
20.0
45.5555555556
111.111111111
24.4444444444
31.1111111111
52.2222222222
20.0
38.8888888889
14.4444444444
65.0
20.0
71.6666666667
31.1111111111
46.6666666667
23.3333333333
70.0
20.0
132.222222222
80.0
41.1111111111
20.0
66.6666666667
18.8888888889
77.7777777778
122.222222222
42.2222222222
52.2222222222
17.7777777778
56.6666666667
36.6666666667
24.4444444444
73.3333333333
26.6666666667
144.444444444
47.7777777778
64.4444444444
52.2222222222
42.2222222222
64.4444444444
46.6666666667
33.3333333333
20.0
50.0
20.0
75.5555555556
27.7777777778
120.0
53.3333333333
153.333333333
20.0
37.7777777778
21.1111111111
26.6666666667
44.4444444444
