0 
0 
1.250000e-01 
0 
2.080000e-02 
4.583000e-01 
6.250000e-02 
0 
0 
0 
2.080000e-02 
0 
0 
0 
6.250000e-02 
0 
0 
1.250000e-01 
2.500000e-01 
0 
0 
2.708000e-01 
1.042000e-01 
0 
0 
2.080000e-02 
1.042000e-01 
0 
4.170000e-02 
1.250000e-01 
0 
0 
2.080000e-02 
1.667000e-01 
0 
8.330000e-02 
7.917000e-01 
1.875000e-01 
0 
2.080000e-02 
1.458000e-01 
0 
0 
2.080000e-02 
6.042000e-01 
3.333000e-01 
0 
0 
1.667000e-01 
0 
0 
0 
3.125000e-01 
8.330000e-02 
0 
2.080000e-02 
0 
0 
2.292000e-01 
5.208000e-01 
0 
2.080000e-02 
6.250000e-02 
0 
0 
8.330000e-02 
0 
0 
2.917000e-01 
2.917000e-01 
0 
0 
2.500000e-01 
2.083000e-01 
0 
0 
0 
8.333000e-01 
2.080000e-02 
0 
7.500000e-01 
1.667000e-01 
0 
0 
4.170000e-02 
2.083000e-01 
0 
2.080000e-02 
0 
8.330000e-02 
1 
0 
0 
2.080000e-02 
6.250000e-02 
6.250000e-02 
2.080000e-02 
0 
2.080000e-02 
0 
0 
0 
2.080000e-02 
2.080000e-02 
6.250000e-02 
0 
0 
2.080000e-02 
0 
0 
1.250000e-01 
1.042000e-01 
4.170000e-02 
1.250000e-01 
0 
2.080000e-02 
2.080000e-02 
0 
2.080000e-02 
0 
0 
0 
0 
0 
1.042000e-01 
2.080000e-02 
6.250000e-02 
6.250000e-02 
0 
0 
0 
0 
0 
2.080000e-02 
4.170000e-02 
0 
4.170000e-02 
0 
0 
0 
0 
0 
0 
0 
8.330000e-02 
6.250000e-02 
0 
0 
2.080000e-02 
2.080000e-02 
8.330000e-02 
0 
0 
0 
0 
0 
0 
0 
8.330000e-02 
0 
0 
1.875000e-01 
0 
2.080000e-02 
4.170000e-02 
0 
0 
0 
4.170000e-02 
2.080000e-02 
2.080000e-02 
6.250000e-02 
4.170000e-02 
1.042000e-01 
0 
4.170000e-02 
2.080000e-02 
6.250000e-02 
0 
0 
8.330000e-02 
2.080000e-02 
0 
0 
4.170000e-02 
0 
1.250000e-01 
0 
0 
0 
0 
0 
2.080000e-02 
6.250000e-02 
0 
0 
0 
2.080000e-02 
0 
4.170000e-02 
2.080000e-02 
6.250000e-02 
2.083000e-01 
0 
4.170000e-02 
1.458000e-01 
0 
0 
6.250000e-02 
2.080000e-02 
0 
2.080000e-02 
0 
8.330000e-02 
0 
0 
0 
2.080000e-02 
0 
0 
0 
4.170000e-02 
0 
0 
0 
0 
0 
0 
0 
0 
8.330000e-02 
0 
2.080000e-02 
4.170000e-02 
0 
0 
0 
2.080000e-02 
0 
2.080000e-02 
0 
0 
0 
0 
2.080000e-02 
2.080000e-02 
0 
0 
0 
0 
0 
0 
0 
0 
1.458000e-01 
2.080000e-02 
0 
0 
0 
4.170000e-02 
0 
0 
4.170000e-02 
0 
4.170000e-02 
2.080000e-02 
0 
0 
0 
0 
4.170000e-02 
0 
0 
2.080000e-02 
2.080000e-02 
0 
0 
2.080000e-02 
1.875000e-01 
0 
0 
4.170000e-02 
0 
0 
0 
0 
4.170000e-02 
0 
6.250000e-02 
0 
4.170000e-02 
0 
0 
4.170000e-02 
4.170000e-02 
0 
0 
2.080000e-02 
0 
0 
0 
2.083000e-01 
2.080000e-02 
0 
0 
0 
4.170000e-02 
0 
0 
0 
0 
0 
0 
0 
2.080000e-02 
0 
2.080000e-02 
0 
0 
0 
0 
0 
0 
0 
0 
0 
0 
0 
0 
6.250000e-02 
0 
2.080000e-02 
0 
0 
0 
0 
2.080000e-02 
0 
1.042000e-01 
2.080000e-02 
0 
6.250000e-02 
0 
2.080000e-02 
0 
0 
0 
4.170000e-02 
0 
0 
2.080000e-02 
0 
0 
0 
0 
0 
2.080000e-02 
4.170000e-02 
2.080000e-02 
6.250000e-02 
0 
1.042000e-01 
