5.410000e-02 
2.703000e-01 
5.410000e-02 
1.351000e-01 
5.135000e-01 
8.110000e-02 
1.081000e-01 
1.081000e-01 
1.892000e-01 
0 
8.110000e-02 
1.892000e-01 
4.865000e-01 
1.892000e-01 
1.351000e-01 
8.110000e-02 
7.027000e-01 
2.700000e-02 
8.110000e-02 
2.973000e-01 
6.757000e-01 
8.110000e-02 
1.351000e-01 
1.892000e-01 
6.216000e-01 
2.700000e-02 
2.432000e-01 
3.514000e-01 
5.405000e-01 
5.410000e-02 
0 
1.081000e-01 
2.700000e-02 
2.700000e-02 
2.973000e-01 
2.432000e-01 
1.081000e-01 
0 
8.110000e-02 
1.081000e-01 
5.410000e-02 
2.432000e-01 
4.595000e-01 
3.514000e-01 
2.703000e-01 
0 
0 
2.700000e-02 
1.081000e-01 
2.162000e-01 
4.865000e-01 
2.432000e-01 
3.243000e-01 
2.700000e-02 
0 
2.700000e-02 
7.297000e-01 
1.622000e-01 
1.351000e-01 
1.081000e-01 
1.892000e-01 
1.622000e-01 
2.700000e-02 
1.892000e-01 
2.432000e-01 
5.410000e-02 
1.622000e-01 
3.243000e-01 
1.622000e-01 
0 
5.410000e-02 
3.243000e-01 
1.892000e-01 
2.700000e-02 
2.973000e-01 
5.405000e-01 
2.703000e-01 
2.700000e-02 
8.110000e-02 
2.703000e-01 
2.432000e-01 
8.110000e-02 
3.514000e-01 
6.216000e-01 
2.162000e-01 
1.081000e-01 
5.410000e-02 
1.622000e-01 
4.595000e-01 
2.432000e-01 
5.410000e-02 
8.110000e-02 
3.243000e-01 
1.622000e-01 
1.081000e-01 
8.110000e-02 
2.432000e-01 
5.410000e-02 
2.432000e-01 
3.243000e-01 
7.568000e-01 
8.110000e-02 
1.351000e-01 
5.410000e-02 
5.410000e-02 
1.351000e-01 
5.410000e-02 
3.514000e-01 
1 
5.410000e-02 
1.081000e-01 
2.700000e-02 
1.622000e-01 
1.622000e-01 
2.973000e-01 
3.514000e-01 
5.405000e-01 
5.410000e-02 
0 
5.410000e-02 
1.081000e-01 
1.622000e-01 
3.784000e-01 
2.973000e-01 
8.108000e-01 
5.410000e-02 
1.351000e-01 
2.700000e-02 
8.110000e-02 
1.892000e-01 
1.622000e-01 
4.054000e-01 
7.027000e-01 
8.110000e-02 
0 
5.410000e-02 
1.081000e-01 
8.110000e-02 
1.892000e-01 
2.432000e-01 
6.757000e-01 
8.110000e-02 
1.081000e-01 
2.700000e-02 
1.892000e-01 
8.110000e-02 
2.973000e-01 
3.243000e-01 
8.108000e-01 
1.081000e-01 
1.622000e-01 
1.892000e-01 
2.162000e-01 
1.081000e-01 
2.703000e-01 
2.162000e-01 
4.595000e-01 
5.410000e-02 
8.110000e-02 
3.243000e-01 
2.162000e-01 
5.410000e-02 
5.410000e-02 
1.622000e-01 
1.081000e-01 
4.595000e-01 
5.410000e-02 
4.324000e-01 
1.892000e-01 
1.622000e-01 
2.973000e-01 
2.162000e-01 
1.892000e-01 
4.865000e-01 
1.892000e-01 
5.676000e-01 
1.081000e-01 
0 
3.514000e-01 
2.162000e-01 
1.892000e-01 
4.324000e-01 
1.892000e-01 
2.703000e-01 
2.703000e-01 
2.700000e-02 
1.622000e-01 
1.622000e-01 
2.432000e-01 
2.432000e-01 
8.110000e-02 
4.324000e-01 
2.162000e-01 
8.110000e-02 
1.892000e-01 
1.351000e-01 
2.162000e-01 
2.162000e-01 
5.410000e-02 
4.324000e-01 
1.351000e-01 
5.410000e-02 
1.351000e-01 
5.410000e-02 
3.243000e-01 
1.081000e-01 
1.351000e-01 
5.405000e-01 
1.081000e-01 
1.081000e-01 
1.351000e-01 
8.110000e-02 
8.110000e-02 
6.486000e-01 
1.351000e-01 
5.405000e-01 
8.110000e-02 
8.110000e-02 
2.703000e-01 
1.081000e-01 
2.432000e-01 
1.351000e-01 
1.351000e-01 
5.410000e-02 
4.324000e-01 
1.081000e-01 
2.432000e-01 
1.351000e-01 
2.703000e-01 
1.351000e-01 
2.432000e-01 
2.432000e-01 
8.110000e-02 
1.622000e-01 
4.054000e-01 
1.081000e-01 
3.243000e-01 
8.110000e-02 
2.973000e-01 
3.243000e-01 
1.081000e-01 
2.162000e-01 
1.351000e-01 
1.081000e-01 
2.432000e-01 
1.081000e-01 
1.892000e-01 
1.622000e-01 
1.622000e-01 
8.110000e-02 
4.054000e-01 
1.622000e-01 
8.110000e-02 
1.351000e-01 
2.432000e-01 
2.703000e-01 
8.110000e-02 
2.700000e-02 
1.081000e-01 
4.324000e-01 
8.108000e-01 
1.351000e-01 
8.110000e-02 
1.081000e-01 
2.973000e-01 
2.973000e-01 
1.351000e-01 
3.243000e-01 
4.595000e-01 
1.081000e-01 
1.351000e-01 
5.676000e-01 
2.973000e-01 
2.973000e-01 
4.054000e-01 
1.622000e-01 
8.110000e-02 
1.892000e-01 
2.973000e-01 
1.892000e-01 
1.081000e-01 
2.700000e-02 
1.351000e-01 
4.865000e-01 
6.216000e-01 
1.622000e-01 
1.351000e-01 
1.622000e-01 
2.162000e-01 
2.432000e-01 
1.351000e-01 
3.514000e-01 
5.135000e-01 
1.081000e-01 
1.622000e-01 
5.946000e-01 
1.622000e-01 
2.703000e-01 
5.405000e-01 
2.162000e-01 
1.351000e-01 
3.514000e-01 
1.622000e-01 
1.622000e-01 
1.081000e-01 
3.243000e-01 
5.946000e-01 
4.054000e-01 
1.892000e-01 
2.162000e-01 
4.595000e-01 
4.865000e-01 
8.110000e-02 
1.622000e-01 
2.162000e-01 
6.216000e-01 
3.243000e-01 
4.054000e-01 
4.595000e-01 
1.622000e-01 
1.622000e-01 
1.892000e-01 
2.432000e-01 
5.676000e-01 
2.973000e-01 
4.324000e-01 
5.405000e-01 
1.622000e-01 
2.432000e-01 
5.410000e-02 
1.892000e-01 
5.410000e-02 
8.110000e-02 
1.622000e-01 
1.351000e-01 
1.351000e-01 
7.568000e-01 
3.514000e-01 
2.703000e-01 
3.514000e-01 
1.892000e-01 
5.410000e-02 
2.973000e-01 
2.162000e-01 
1.892000e-01 
2.973000e-01 
2.432000e-01 
1.892000e-01 
8.110000e-02 
1.351000e-01 
2.432000e-01 
2.162000e-01 
7.568000e-01 
4.324000e-01 
3.243000e-01 
1.081000e-01 
7.027000e-01 
2.432000e-01 
1.351000e-01 
8.110000e-02 
1.081000e-01 
2.432000e-01 
