9.073000e-01 
6.146000e-01 
6.341000e-01 
6.049000e-01 
7.927000e-01 
5.756000e-01 
6.829000e-01 
6.732000e-01 
5.659000e-01 
6.439000e-01 
6.537000e-01 
5.610000e-01 
6.341000e-01 
5.561000e-01 
7.195000e-01 
6.244000e-01 
5.073000e-01 
6.537000e-01 
5.854000e-01 
6.220000e-01 
6.829000e-01 
6.220000e-01 
7.317000e-01 
4.585000e-01 
6.341000e-01 
6.927000e-01 
6.634000e-01 
5.366000e-01 
5.561000e-01 
6.537000e-01 
7.512000e-01 
7.024000e-01 
6.146000e-01 
5.366000e-01 
5.561000e-01 
6.634000e-01 
6.146000e-01 
7.805000e-01 
7.707000e-01 
6.220000e-01 
6.049000e-01 
7.512000e-01 
7.317000e-01 
7.805000e-01 
7.415000e-01 
7.805000e-01 
6.829000e-01 
5.171000e-01 
5.122000e-01 
6.049000e-01 
5.488000e-01 
5.976000e-01 
8.878000e-01 
8.415000e-01 
5.561000e-01 
7.073000e-01 
7.683000e-01 
5.561000e-01 
7.220000e-01 
8.780000e-01 
5.171000e-01 
6.463000e-01 
8.878000e-01 
4.756000e-01 
6.927000e-01 
5.659000e-01 
4.488000e-01 
5.732000e-01 
5.756000e-01 
7.902000e-01 
6.537000e-01 
4.878000e-01 
5.122000e-01 
6.146000e-01 
7.805000e-01 
6.537000e-01 
5.463000e-01 
7.220000e-01 
7.610000e-01 
6.098000e-01 
2.927000e-01 
6.463000e-01 
6.098000e-01 
4.976000e-01 
7.024000e-01 
8.049000e-01 
5.366000e-01 
6.463000e-01 
9.659000e-01 
6.439000e-01 
8.878000e-01 
7.415000e-01 
4.683000e-01 
7.024000e-01 
7.317000e-01 
6.439000e-01 
5.366000e-01 
5.073000e-01 
6.098000e-01 
6.829000e-01 
7.122000e-01 
4.976000e-01 
5.463000e-01 
6.634000e-01 
3.293000e-01 
4.780000e-01 
7.024000e-01 
4.878000e-01 
7.927000e-01 
6.951000e-01 
6.927000e-01 
5.951000e-01 
4.390000e-01 
4.390000e-01 
6.049000e-01 
4.683000e-01 
7.024000e-01 
5.610000e-01 
7.610000e-01 
5.366000e-01 
3.805000e-01 
6.951000e-01 
7.317000e-01 
7.512000e-01 
6.634000e-01 
7.805000e-01 
5.244000e-01 
5.561000e-01 
4.195000e-01 
4.878000e-01 
6.732000e-01 
4.756000e-01 
8.902000e-01 
7.220000e-01 
6.439000e-01 
5.073000e-01 
4.683000e-01 
5.756000e-01 
6.634000e-01 
7.561000e-01 
9.854000e-01 
5.561000e-01 
6.341000e-01 
6.537000e-01 
6.146000e-01 
5.268000e-01 
5.659000e-01 
4.878000e-01 
1 
6.341000e-01 
6.732000e-01 
4.976000e-01 
3.610000e-01 
4.585000e-01 
7.683000e-01 
5.073000e-01 
8.780000e-01 
6.049000e-01 
5.756000e-01 
5.366000e-01 
7.073000e-01 
5.073000e-01 
6.341000e-01 
6.829000e-01 
6.732000e-01 
7.512000e-01 
6.634000e-01 
6.829000e-01 
6.634000e-01 
5.073000e-01 
8.293000e-01 
7.024000e-01 
6.098000e-01 
6.098000e-01 
6.341000e-01 
6.244000e-01 
8.171000e-01 
5.659000e-01 
6.220000e-01 
6.439000e-01 
6.220000e-01 
7.805000e-01 
4.780000e-01 
9.659000e-01 
7.439000e-01 
5.073000e-01 
5.171000e-01 
6.098000e-01 
4.756000e-01 
6.732000e-01 
6.341000e-01 
8.049000e-01 
7.805000e-01 
5.244000e-01 
7.512000e-01 
6.049000e-01 
5.073000e-01 
1 
6.829000e-01 
7.707000e-01 
6.707000e-01 
7.317000e-01 
9.268000e-01 
6.707000e-01 
4.976000e-01 
7.707000e-01 
5.561000e-01 
6.537000e-01 
7.122000e-01 
5.854000e-01 
6.707000e-01 
6.341000e-01 
4.634000e-01 
8.659000e-01 
6.537000e-01 
8.171000e-01 
8.659000e-01 
5.854000e-01 
7.927000e-01 
6.829000e-01 
5.171000e-01 
7.415000e-01 
6.098000e-01 
6.951000e-01 
7.024000e-01 
8.195000e-01 
7.439000e-01 
5.659000e-01 
5.000000e-01 
4.488000e-01 
6.439000e-01 
6.220000e-01 
5.366000e-01 
6.634000e-01 
5.171000e-01 
6.829000e-01 
6.732000e-01 
4.512000e-01 
5.463000e-01 
5.951000e-01 
6.439000e-01 
5.463000e-01 
5.756000e-01 
8.000000e-01 
5.488000e-01 
5.366000e-01 
7.683000e-01 
5.366000e-01 
7.439000e-01 
5.122000e-01 
8.293000e-01 
5.366000e-01 
7.195000e-01 
5.659000e-01 
5.561000e-01 
6.341000e-01 
4.780000e-01 
5.244000e-01 
5.854000e-01 
6.341000e-01 
9.171000e-01 
5.268000e-01 
4.683000e-01 
5.268000e-01 
4.585000e-01 
6.341000e-01 
7.707000e-01 
8.049000e-01 
8.415000e-01 
6.244000e-01 
6.927000e-01 
6.244000e-01 
5.951000e-01 
5.610000e-01 
6.537000e-01 
6.146000e-01 
5.976000e-01 
5.366000e-01 
5.854000e-01 
6.829000e-01 
4.488000e-01 
4.878000e-01 
5.659000e-01 
6.244000e-01 
7.512000e-01 
6.463000e-01 
4.878000e-01 
5.659000e-01 
5.951000e-01 
4.878000e-01 
6.732000e-01 
4.878000e-01 
7.122000e-01 
5.854000e-01 
5.610000e-01 
4.268000e-01 
5.854000e-01 
6.927000e-01 
8.585000e-01 
5.854000e-01 
5.463000e-01 
5.951000e-01 
6.341000e-01 
4.585000e-01 
4.683000e-01 
5.463000e-01 
7.561000e-01 
5.561000e-01 
7.317000e-01 
6.244000e-01 
4.390000e-01 
6.341000e-01 
5.244000e-01 
5.756000e-01 
4.488000e-01 
4.585000e-01 
5.073000e-01 
5.268000e-01 
5.976000e-01 
6.439000e-01 
4.390000e-01 
5.244000e-01 
4.390000e-01 
3.610000e-01 
5.073000e-01 
5.244000e-01 
8.390000e-01 
5.366000e-01 
6.146000e-01 
5.854000e-01 
6.537000e-01 
5.659000e-01 
6.732000e-01 
6.244000e-01 
7.024000e-01 
4.488000e-01 
6.439000e-01 
5.122000e-01 
8.488000e-01 
6.098000e-01 
8.049000e-01 
5.122000e-01 
5.366000e-01 
5.561000e-01 
4.268000e-01 
5.951000e-01 
8.488000e-01 
4.634000e-01 
5.073000e-01 
6.049000e-01 
4.780000e-01 
4.268000e-01 
4.683000e-01 
4.683000e-01 
4.976000e-01 
5.244000e-01 
7.805000e-01 
6.927000e-01 
6.439000e-01 
5.561000e-01 
6.220000e-01 
7.439000e-01 
