4.000000e-02 
6.000000e-02 
6.000000e-02 
2.000000e-02 
0 
1.800000e-01 
2.200000e-01 
1.200000e-01 
4.500000e-02 
1.200000e-01 
2.100000e-01 
6.000000e-02 
4.000000e-02 
2.000000e-02 
6.450000e-01 
1.200000e-01 
1.200000e-01 
4.200000e-01 
1.200000e-01 
6.000000e-02 
4.500000e-02 
4.350000e-01 
2.850000e-01 
7.500000e-02 
6.000000e-02 
1.200000e-01 
8.000000e-02 
0 
0 
3.750000e-01 
1.050000e-01 
4.000000e-02 
0 
6.000000e-02 
6.000000e-02 
8.000000e-02 
1.500000e-01 
2.000000e-02 
7.500000e-02 
7.500000e-02 
1.050000e-01 
3.200000e-01 
2.000000e-02 
4.000000e-02 
1.800000e-01 
1.050000e-01 
1.600000e-01 
1.500000e-02 
9.000000e-02 
1.600000e-01 
6.000000e-02 
8.000000e-02 
4.000000e-02 
6.000000e-02 
2.000000e-02 
2.000000e-01 
0 
2.100000e-01 
1.000000e-01 
1.350000e-01 
6.000000e-02 
4.000000e-02 
8.000000e-02 
1.350000e-01 
7.500000e-02 
6.000000e-02 
2.600000e-01 
3.000000e-02 
3.000000e-01 
2.600000e-01 
3.800000e-01 
1.000000e-01 
2.250000e-01 
1.800000e-01 
1.050000e-01 
1.600000e-01 
1.600000e-01 
3.200000e-01 
9.000000e-02 
1.000000e-01 
2.200000e-01 
1.050000e-01 
9.000000e-02 
1.500000e-02 
1.350000e-01 
2.200000e-01 
1.000000e-01 
7.500000e-02 
3.000000e-02 
2.400000e-01 
9.450000e-01 
1.000000e-01 
4.500000e-02 
4.000000e-02 
1.500000e-02 
6.000000e-02 
0 
1.200000e-01 
1.600000e-01 
0 
8.000000e-02 
4.500000e-02 
1.200000e-01 
1.200000e-01 
2.000000e-02 
3.000000e-02 
1.800000e-01 
4.500000e-02 
0 
1.400000e-01 
1.500000e-02 
1.350000e-01 
1.500000e-02 
3.400000e-01 
3.000000e-02 
1.200000e-01 
1.000000e-01 
1.400000e-01 
1.600000e-01 
1.600000e-01 
6.000000e-02 
0 
2.000000e-01 
1.500000e-02 
2.550000e-01 
1.050000e-01 
1.500000e-01 
1.200000e-01 
9.000000e-02 
2.000000e-01 
0 
3.000000e-02 
2.000000e-02 
0 
1.200000e-01 
1.650000e-01 
1.500000e-01 
1.200000e-01 
4.000000e-02 
0 
3.150000e-01 
4.400000e-01 
6.000000e-02 
4.500000e-02 
8.000000e-02 
3.000000e-01 
1.800000e-01 
2.000000e-02 
8.000000e-02 
0 
8.000000e-02 
2.250000e-01 
7.500000e-02 
1.350000e-01 
2.550000e-01 
1.500000e-02 
1.200000e-01 
2.400000e-01 
0 
3.000000e-02 
6.000000e-02 
0 
8.000000e-02 
2.000000e-02 
1.350000e-01 
2.000000e-02 
6.000000e-02 
7.500000e-02 
2.000000e-01 
7.500000e-02 
1.050000e-01 
1.500000e-01 
1.350000e-01 
2.200000e-01 
0 
6.000000e-02 
0 
1.000000e-01 
1.500000e-01 
4.000000e-02 
2.200000e-01 
2.000000e-02 
0 
2.000000e-01 
2.000000e-02 
0 
2.400000e-01 
4.500000e-02 
1.050000e-01 
1.950000e-01 
0 
6.000000e-02 
1.800000e-01 
3.000000e-02 
1.200000e-01 
0 
9.000000e-02 
6.000000e-02 
9.000000e-02 
7.500000e-02 
2.250000e-01 
1.050000e-01 
1.500000e-01 
7.500000e-02 
1.200000e-01 
1.400000e-01 
9.000000e-02 
2.400000e-01 
3.000000e-02 
6.000000e-02 
6.000000e-02 
2.000000e-02 
2.600000e-01 
1.200000e-01 
4.500000e-02 
1.350000e-01 
1.050000e-01 
4.200000e-01 
2.000000e-02 
6.000000e-02 
1.000000e-01 
1.000000e-01 
3.000000e-02 
4.500000e-02 
1.500000e-02 
1.350000e-01 
7.500000e-02 
1.000000e-01 
2.000000e-02 
4.500000e-02 
0 
2.000000e-02 
3.000000e-02 
6.000000e-02 
4.000000e-02 
2.000000e-02 
1.000000e-01 
8.000000e-02 
1.200000e-01 
6.000000e-02 
6.000000e-02 
0 
2.000000e-02 
0 
1.500000e-01 
9.000000e-02 
6.000000e-02 
4.500000e-02 
1.800000e-01 
2.400000e-01 
2.600000e-01 
4.500000e-02 
1.950000e-01 
2.200000e-01 
4.500000e-01 
1.800000e-01 
1.650000e-01 
3.000000e-02 
6.000000e-02 
4.000000e-02 
9.000000e-02 
1.500000e-02 
6.000000e-02 
1.350000e-01 
1.400000e-01 
1.400000e-01 
9.000000e-02 
1.500000e-02 
1.400000e-01 
2.550000e-01 
1.500000e-02 
1.200000e-01 
8.000000e-02 
1.050000e-01 
2.600000e-01 
2.000000e-02 
6.000000e-02 
1.200000e-01 
2.400000e-01 
2.250000e-01 
1.600000e-01 
1.200000e-01 
1.350000e-01 
1.050000e-01 
7.500000e-02 
6.000000e-02 
6.000000e-02 
6.000000e-02 
6.000000e-02 
1.650000e-01 
9.000000e-02 
1.500000e-02 
1.400000e-01 
1.400000e-01 
1.350000e-01 
6.000000e-02 
4.500000e-02 
2.000000e-01 
1.050000e-01 
3.000000e-01 
7.500000e-02 
1.200000e-01 
1.400000e-01 
2.550000e-01 
4.500000e-02 
1.050000e-01 
4.600000e-01 
8.000000e-02 
2.400000e-01 
5.200000e-01 
2.850000e-01 
4.500000e-01 
1.650000e-01 
7.500000e-02 
4.000000e-02 
2.000000e-02 
1.650000e-01 
6.000000e-02 
2.850000e-01 
8.000000e-02 
6.000000e-02 
0 
8.000000e-02 
1.200000e-01 
9.000000e-02 
4.000000e-02 
2.000000e-01 
1.350000e-01 
2.600000e-01 
1.200000e-01 
2.000000e-01 
0 
4.000000e-02 
8.000000e-02 
6.000000e-02 
6.000000e-02 
1.800000e-01 
3.400000e-01 
1.800000e-01 
8.000000e-02 
6.000000e-02 
1.600000e-01 
6.000000e-02 
2.800000e-01 
1.000000e-01 
1.800000e-01 
2.200000e-01 
0 
1.500000e-01 
4.500000e-02 
1.050000e-01 
8.000000e-02 
1.500000e-02 
1.800000e-01 
1.400000e-01 
1.650000e-01 
1.200000e-01 
4.500000e-02 
1.400000e-01 
3.000000e-02 
0 
1.000000e-01 
