6.250000e-02 
1.929000e-01 
4.464000e-01 
3.500000e-01 
2.140000e-02 
1.429000e-01 
3.571000e-01 
5.000000e-02 
3.570000e-02 
4.460000e-02 
5.429000e-01 
7.860000e-02 
1.430000e-02 
1.000000e-01 
2.286000e-01 
3.482000e-01 
0 
1.607000e-01 
4.464000e-01 
2.857000e-01 
0 
1.964000e-01 
4.196000e-01 
1.786000e-01 
2.680000e-02 
8.040000e-02 
5.089000e-01 
2.643000e-01 
1.790000e-02 
1.875000e-01 
1.429000e-01 
2.140000e-02 
1.071000e-01 
6.250000e-02 
8.900000e-03 
1.790000e-02 
2.860000e-02 
2.680000e-02 
2.929000e-01 
2.140000e-02 
1.875000e-01 
2.000000e-01 
9.820000e-02 
2.680000e-02 
2.786000e-01 
3.357000e-01 
7.140000e-02 
5.360000e-02 
2.679000e-01 
4.460000e-02 
2.680000e-02 
1.429000e-01 
3.786000e-01 
2.286000e-01 
1.790000e-02 
1.429000e-01 
1.714000e-01 
8.900000e-03 
5.360000e-02 
3.286000e-01 
3.482000e-01 
1.643000e-01 
3.357000e-01 
3.570000e-02 
0 
2.643000e-01 
1.071000e-01 
7.100000e-03 
3.570000e-02 
1.143000e-01 
1 
4.460000e-02 
4.460000e-02 
3.571000e-01 
2.589000e-01 
5.360000e-02 
8.930000e-02 
4.196000e-01 
3.839000e-01 
7.140000e-02 
2.680000e-02 
2.143000e-01 
4.460000e-02 
2.140000e-02 
7.140000e-02 
2.232000e-01 
1.571000e-01 
1.339000e-01 
0 
8.900000e-03 
2.286000e-01 
3.036000e-01 
6.430000e-02 
7.100000e-03 
9.820000e-02 
1.250000e-01 
5.710000e-02 
8.040000e-02 
1.071000e-01 
5.710000e-02 
5.360000e-02 
1.786000e-01 
2.071000e-01 
2.714000e-01 
1.714000e-01 
9.820000e-02 
4.290000e-02 
5.710000e-02 
8.570000e-02 
8.040000e-02 
2.571000e-01 
2.500000e-01 
5.360000e-02 
6.250000e-02 
1.964000e-01 
1.964000e-01 
5.000000e-02 
7.140000e-02 
2.768000e-01 
1.714000e-01 
4.290000e-02 
9.820000e-02 
1.571000e-01 
8.040000e-02 
2.860000e-02 
1.161000e-01 
4.000000e-01 
2.786000e-01 
7.140000e-02 
8.570000e-02 
3.570000e-02 
8.570000e-02 
2.680000e-02 
4.460000e-02 
4.429000e-01 
1.518000e-01 
1.790000e-02 
7.140000e-02 
7.140000e-02 
4.290000e-02 
1.161000e-01 
1.429000e-01 
3.750000e-01 
2.411000e-01 
1.430000e-02 
6.430000e-02 
1.875000e-01 
2.143000e-01 
2.680000e-02 
1.339000e-01 
5.000000e-01 
1.964000e-01 
5.360000e-02 
7.140000e-02 
1.857000e-01 
1.339000e-01 
4.290000e-02 
1.071000e-01 
1.429000e-01 
1.786000e-01 
0 
1.286000e-01 
1.071000e-01 
1.790000e-02 
1.518000e-01 
5.360000e-02 
3.304000e-01 
1.607000e-01 
4.460000e-02 
7.140000e-02 
2.232000e-01 
1.430000e-02 
7.140000e-02 
2.860000e-02 
1.286000e-01 
7.860000e-02 
5.360000e-02 
2.643000e-01 
5.000000e-02 
1.430000e-02 
9.820000e-02 
4.290000e-02 
3.570000e-02 
2.000000e-01 
1.430000e-02 
1.071000e-01 
8.570000e-02 
1.875000e-01 
4.460000e-02 
2.680000e-02 
2.140000e-02 
1.571000e-01 
4.460000e-02 
2.500000e-01 
2.680000e-02 
1.500000e-01 
5.360000e-02 
2.680000e-02 
2.411000e-01 
1.607000e-01 
1.430000e-02 
8.040000e-02 
2.000000e-01 
2.232000e-01 
8.930000e-02 
3.570000e-02 
3.214000e-01 
1.643000e-01 
0 
1.250000e-01 
1.607000e-01 
2.680000e-02 
8.930000e-02 
5.000000e-02 
2.589000e-01 
1.500000e-01 
4.460000e-02 
2.143000e-01 
1.786000e-01 
9.820000e-02 
7.140000e-02 
8.900000e-03 
3.570000e-02 
1.500000e-01 
8.040000e-02 
7.140000e-02 
2.860000e-02 
1.429000e-01 
5.360000e-02 
1.696000e-01 
2.680000e-02 
1.286000e-01 
7.100000e-03 
1.250000e-01 
1.071000e-01 
1.339000e-01 
3.570000e-02 
1.500000e-01 
9.290000e-02 
4.460000e-02 
1.071000e-01 
1.250000e-01 
3.570000e-02 
2.054000e-01 
6.250000e-02 
1.161000e-01 
4.460000e-02 
8.930000e-02 
2.140000e-02 
1.071000e-01 
1.429000e-01 
1.714000e-01 
5.000000e-02 
1.000000e-01 
2.214000e-01 
2.054000e-01 
1.161000e-01 
1.571000e-01 
7.860000e-02 
4.290000e-02 
8.930000e-02 
1.214000e-01 
2.571000e-01 
1.875000e-01 
1.696000e-01 
1.786000e-01 
8.040000e-02 
2.071000e-01 
5.360000e-02 
1.214000e-01 
5.000000e-02 
1.071000e-01 
2.680000e-02 
1.714000e-01 
8.570000e-02 
9.820000e-02 
1.286000e-01 
7.140000e-02 
4.732000e-01 
2.500000e-01 
1.790000e-02 
1.429000e-01 
8.040000e-02 
8.040000e-02 
2.860000e-02 
7.860000e-02 
3.643000e-01 
1.607000e-01 
4.460000e-02 
7.140000e-02 
9.820000e-02 
9.820000e-02 
3.570000e-02 
1.071000e-01 
1.429000e-01 
8.040000e-02 
2.140000e-02 
1.500000e-01 
4.554000e-01 
9.290000e-02 
7.140000e-02 
2.680000e-02 
1.430000e-02 
1.214000e-01 
8.900000e-03 
1.696000e-01 
2.860000e-02 
7.140000e-02 
8.930000e-02 
1.161000e-01 
4.460000e-02 
1.518000e-01 
6.430000e-02 
6.430000e-02 
3.570000e-02 
5.360000e-02 
2.860000e-02 
1.786000e-01 
1.071000e-01 
2.357000e-01 
3.570000e-02 
6.430000e-02 
2.680000e-02 
8.930000e-02 
8.900000e-03 
1.143000e-01 
1.790000e-02 
1.250000e-01 
7.140000e-02 
1.339000e-01 
5.000000e-02 
9.290000e-02 
4.290000e-02 
8.930000e-02 
3.570000e-02 
1.000000e-01 
8.570000e-02 
2.589000e-01 
2.680000e-02 
8.930000e-02 
8.930000e-02 
1.518000e-01 
7.100000e-03 
1.339000e-01 
5.710000e-02 
8.040000e-02 
1.071000e-01 
8.040000e-02 
1.000000e-01 
7.140000e-02 
0 
4.460000e-02 
5.710000e-02 
1.071000e-01 
6.250000e-02 
6.430000e-02 
9.290000e-02 
1.571000e-01 
5.710000e-02 
1.786000e-01 
3.570000e-02 
1.571000e-01 
