4.000000e-01 
5.000000e-01 
1.667000e-01 
1 
0 
2.500000e-01 
1.500000e-01 
1.500000e-01 
3.330000e-02 
2.000000e-01 
5.500000e-01 
2.333000e-01 
1.000000e-01 
5.000000e-02 
0 
3.500000e-01 
5.000000e-02 
3.500000e-01 
2.000000e-01 
7.500000e-01 
1.500000e-01 
2.500000e-01 
2.333000e-01 
0 
2.500000e-01 
5.000000e-02 
2.000000e-01 
1.000000e-01 
5.000000e-02 
2.500000e-01 
0 
2.667000e-01 
0 
1.333000e-01 
1.000000e-01 
3.330000e-02 
0 
0 
1.000000e-01 
2.000000e-01 
5.000000e-02 
0 
2.000000e-01 
5.000000e-02 
1.000000e-01 
5.000000e-02 
0 
3.000000e-01 
0 
5.000000e-02 
5.000000e-02 
5.000000e-02 
6.670000e-02 
3.330000e-02 
0 
0 
2.500000e-01 
1.000000e-01 
2.000000e-01 
0 
1.500000e-01 
2.333000e-01 
0 
3.000000e-01 
0 
5.000000e-02 
5.000000e-02 
0 
3.330000e-02 
5.000000e-02 
2.500000e-01 
0 
1.000000e-01 
0 
5.000000e-02 
0 
0 
1.000000e-01 
3.000000e-01 
4.500000e-01 
2.500000e-01 
3.330000e-02 
0 
5.000000e-02 
0 
3.500000e-01 
0 
0 
0 
5.000000e-02 
0 
4.000000e-01 
0 
0 
1.000000e-01 
1.000000e-01 
3.330000e-02 
3.330000e-02 
3.330000e-02 
0 
1.000000e-01 
5.000000e-02 
3.330000e-02 
2.333000e-01 
0 
5.000000e-02 
1.000000e-01 
5.000000e-02 
5.000000e-02 
3.330000e-02 
2.000000e-01 
4.500000e-01 
5.000000e-02 
0 
0 
5.000000e-02 
5.000000e-02 
1.000000e-01 
3.330000e-02 
1.333000e-01 
0 
0 
3.330000e-02 
3.330000e-02 
3.330000e-02 
1.500000e-01 
1.667000e-01 
4.333000e-01 
0 
0 
1.000000e-01 
6.670000e-02 
6.670000e-02 
5.000000e-02 
2.500000e-01 
1.500000e-01 
0 
0 
0 
3.330000e-02 
1.000000e-01 
5.000000e-02 
1.333000e-01 
3.000000e-01 
1.333000e-01 
3.330000e-02 
0 
0 
0 
5.000000e-02 
2.000000e-01 
5.500000e-01 
0 
5.000000e-02 
5.000000e-02 
0 
6.670000e-02 
0 
6.670000e-02 
0 
6.670000e-02 
0 
0 
0 
5.000000e-02 
0 
0 
0 
0 
5.000000e-02 
3.330000e-02 
3.330000e-02 
5.000000e-02 
5.000000e-02 
5.000000e-02 
0 
0 
3.330000e-02 
0 
0 
0 
0 
0 
0 
6.670000e-02 
5.000000e-02 
0 
0 
1.000000e-01 
5.000000e-02 
3.330000e-02 
5.000000e-02 
6.670000e-02 
6.670000e-02 
5.000000e-02 
5.000000e-02 
3.330000e-02 
0 
1.000000e-01 
0 
5.000000e-02 
0 
0 
0 
5.000000e-02 
3.330000e-02 
0 
0 
5.000000e-02 
0 
1.500000e-01 
0 
0 
6.670000e-02 
0 
5.000000e-02 
0 
0 
3.330000e-02 
0 
0 
3.330000e-02 
3.330000e-02 
0 
0 
3.330000e-02 
5.000000e-02 
0 
5.000000e-02 
0 
0 
0 
0 
0 
0 
5.000000e-02 
5.000000e-02 
0 
5.000000e-02 
0 
0 
0 
3.330000e-02 
0 
0 
0 
5.000000e-02 
5.000000e-02 
0 
5.000000e-02 
0 
1.000000e-01 
0 
5.000000e-02 
2.667000e-01 
1.667000e-01 
1.500000e-01 
6.670000e-02 
1.500000e-01 
5.000000e-02 
3.330000e-02 
2.500000e-01 
1.000000e-01 
8.000000e-01 
6.670000e-02 
6.670000e-02 
1.500000e-01 
3.500000e-01 
1.000000e-01 
1.000000e-01 
0 
0 
1.500000e-01 
3.330000e-02 
3.330000e-02 
1.000000e-01 
3.330000e-02 
5.000000e-02 
5.500000e-01 
5.000000e-02 
5.000000e-02 
0 
3.330000e-02 
0 
1.000000e-01 
1.000000e-01 
3.000000e-01 
4.500000e-01 
6.670000e-02 
0 
1.000000e-01 
3.330000e-02 
5.000000e-02 
5.000000e-02 
0 
0 
3.330000e-02 
0 
5.000000e-02 
3.330000e-02 
0 
0 
6.670000e-02 
0 
5.000000e-02 
0 
0 
0 
3.330000e-02 
1.500000e-01 
0 
0 
1.500000e-01 
2.500000e-01 
6.670000e-02 
0 
5.000000e-01 
5.000000e-01 
1.000000e-01 
1.000000e-01 
2.500000e-01 
1.500000e-01 
0 
0 
5.000000e-02 
0 
3.000000e-01 
1.500000e-01 
0 
3.330000e-02 
1.500000e-01 
0 
5.000000e-02 
5.000000e-02 
0 
6.670000e-02 
1.500000e-01 
3.330000e-02 
3.330000e-02 
3.330000e-02 
1.000000e-01 
5.000000e-02 
6.670000e-02 
0 
0 
0 
2.000000e-01 
1.500000e-01 
0 
6.670000e-02 
0 
5.000000e-02 
5.000000e-02 
2.500000e-01 
0 
0 
1.000000e-01 
6.670000e-02 
0 
0 
0 
1.000000e-01 
