0 
0 
3.330000e-02 
0 
0 
6.670000e-02 
0 
3.330000e-02 
3.330000e-02 
1.333000e-01 
0 
2.220000e-02 
0 
2.220000e-02 
2.220000e-02 
0 
3.330000e-02 
1.111000e-01 
6.670000e-02 
0 
3.330000e-02 
6.670000e-02 
0 
0 
2.220000e-02 
1.667000e-01 
4.440000e-02 
0 
2.220000e-02 
8.890000e-02 
3.330000e-02 
1.333000e-01 
2.220000e-02 
0 
0 
3.330000e-02 
6.670000e-02 
3.667000e-01 
2.220000e-02 
6.670000e-02 
3.330000e-02 
0 
0 
0 
2.220000e-02 
2.000000e-01 
6.670000e-02 
1.333000e-01 
0 
0 
0 
0 
6.670000e-02 
2.000000e-01 
3.330000e-02 
0 
0 
6.670000e-02 
2.220000e-02 
1.778000e-01 
8.890000e-02 
2.333000e-01 
1.333000e-01 
0 
3.111000e-01 
3.330000e-02 
0 
0 
1.667000e-01 
4.667000e-01 
3.330000e-02 
4.440000e-02 
1.000000e-01 
0 
0 
0 
2.220000e-02 
3.111000e-01 
3.330000e-02 
0 
8.890000e-02 
4.440000e-02 
0 
0 
1.667000e-01 
7.333000e-01 
0 
0 
2.220000e-02 
2.220000e-02 
1.111000e-01 
4.440000e-02 
2.220000e-02 
7.000000e-01 
0 
3.778000e-01 
2.333000e-01 
2.000000e-01 
3.330000e-02 
0 
3.330000e-02 
3.333000e-01 
0 
1.333000e-01 
0 
2.667000e-01 
6.670000e-02 
3.330000e-02 
0 
4.333000e-01 
2.333000e-01 
7.667000e-01 
6.670000e-02 
6.670000e-02 
0 
0 
8.890000e-02 
4.000000e-01 
1.333000e-01 
6.000000e-01 
8.890000e-02 
2.000000e-01 
3.330000e-02 
0 
0 
2.000000e-01 
0 
6.670000e-02 
3.330000e-02 
1.111000e-01 
2.220000e-02 
3.330000e-02 
6.670000e-02 
2.444000e-01 
3.330000e-02 
3.333000e-01 
2.220000e-02 
2.667000e-01 
6.670000e-02 
3.330000e-02 
2.220000e-02 
1.333000e-01 
1.333000e-01 
4.444000e-01 
2.220000e-02 
8.890000e-02 
3.330000e-02 
0 
2.220000e-02 
1.778000e-01 
3.330000e-02 
2.667000e-01 
4.440000e-02 
1.000000e-01 
6.670000e-02 
0 
0 
2.000000e-01 
2.000000e-01 
6.670000e-02 
3.000000e-01 
2.000000e-01 
3.778000e-01 
0 
8.890000e-02 
6.667000e-01 
0 
6.670000e-02 
4.444000e-01 
6.670000e-02 
7.667000e-01 
0 
6.670000e-02 
2.444000e-01 
1.111000e-01 
3.330000e-02 
6.670000e-02 
6.670000e-02 
7.333000e-01 
2.000000e-01 
1.778000e-01 
7.111000e-01 
3.000000e-01 
6.670000e-02 
1.000000e-01 
0 
1.667000e-01 
2.220000e-02 
2.222000e-01 
7.333000e-01 
8.890000e-02 
6.670000e-02 
2.333000e-01 
3.330000e-02 
2.333000e-01 
3.330000e-02 
1.667000e-01 
5.778000e-01 
6.670000e-02 
1.778000e-01 
7.000000e-01 
6.670000e-02 
2.444000e-01 
0 
0 
1.556000e-01 
1.000000e-01 
4.440000e-02 
1.556000e-01 
8.890000e-02 
7.000000e-01 
0 
1.333000e-01 
3.667000e-01 
8.890000e-02 
8.890000e-02 
6.670000e-02 
6.670000e-02 
3.333000e-01 
1.000000e-01 
1.000000e-01 
2.889000e-01 
6.670000e-02 
3.778000e-01 
1.667000e-01 
4.667000e-01 
0 
2.333000e-01 
1.333000e-01 
6.222000e-01 
1.333000e-01 
6.667000e-01 
2.333000e-01 
5.667000e-01 
1.778000e-01 
5.333000e-01 
3.330000e-02 
2.667000e-01 
0 
4.000000e-01 
8.890000e-02 
3.000000e-01 
6.670000e-02 
6.222000e-01 
0 
2.222000e-01 
8.890000e-02 
4.222000e-01 
8.890000e-02 
4.333000e-01 
2.220000e-02 
2.000000e-01 
0 
1.333000e-01 
0 
8.890000e-02 
0 
3.556000e-01 
0 
0 
2.220000e-02 
2.220000e-02 
3.330000e-02 
2.220000e-02 
3.330000e-02 
0 
2.220000e-02 
2.220000e-02 
0 
2.667000e-01 
1.000000e-01 
0 
8.890000e-02 
3.330000e-02 
6.670000e-02 
0 
4.667000e-01 
1 
2.220000e-02 
0 
0 
2.220000e-02 
0 
3.330000e-02 
0 
2.220000e-02 
6.670000e-02 
2.220000e-02 
2.220000e-02 
0 
0 
0 
3.330000e-02 
2.222000e-01 
1.000000e-01 
6.670000e-02 
0 
0 
6.670000e-02 
2.220000e-02 
0 
5.556000e-01 
6.670000e-02 
3.000000e-01 
0 
0 
2.220000e-02 
4.440000e-02 
3.330000e-02 
1.556000e-01 
0 
1.000000e-01 
0 
0 
0 
3.330000e-02 
0 
0 
4.440000e-02 
1.667000e-01 
0 
3.330000e-02 
1.000000e-01 
6.670000e-02 
0 
3.330000e-02 
4.440000e-02 
1.000000e-01 
4.440000e-02 
1.333000e-01 
6.670000e-02 
1.667000e-01 
3.330000e-02 
7.111000e-01 
6.670000e-02 
3.330000e-02 
0 
0 
0 
0 
1.333000e-01 
9.333000e-01 
3.330000e-02 
2.889000e-01 
0 
6.670000e-02 
2.220000e-02 
1.000000e-01 
2.000000e-01 
7.333000e-01 
3.330000e-02 
0 
2.220000e-02 
4.440000e-02 
2.220000e-02 
4.440000e-02 
3.330000e-02 
3.330000e-02 
1.000000e-01 
3.111000e-01 
1.333000e-01 
4.444000e-01 
