3.556000e-01 
2.667000e-01 
6.889000e-01 
2.220000e-02 
6.670000e-02 
8.444000e-01 
4.667000e-01 
2.222000e-01 
2.000000e-01 
3.333000e-01 
1.778000e-01 
4.440000e-02 
6.670000e-02 
2.889000e-01 
6.889000e-01 
0 
0 
5.556000e-01 
4.444000e-01 
4.440000e-02 
8.890000e-02 
6.000000e-01 
2.444000e-01 
1.111000e-01 
1.111000e-01 
3.333000e-01 
4.222000e-01 
2.000000e-01 
8.890000e-02 
4.222000e-01 
6.000000e-01 
8.890000e-02 
1.556000e-01 
3.556000e-01 
2.220000e-02 
4.222000e-01 
4.000000e-01 
4.222000e-01 
6.222000e-01 
8.890000e-02 
2.444000e-01 
2.222000e-01 
2.889000e-01 
2.000000e-01 
4.000000e-01 
6.444000e-01 
7.556000e-01 
8.890000e-02 
2.222000e-01 
2.667000e-01 
4.440000e-02 
2.889000e-01 
2.667000e-01 
4.667000e-01 
4.440000e-02 
8.890000e-02 
1.556000e-01 
3.333000e-01 
2.889000e-01 
4.222000e-01 
6.667000e-01 
1.333000e-01 
8.889000e-01 
4.440000e-02 
2.220000e-02 
4.444000e-01 
1.111000e-01 
8.890000e-02 
4.889000e-01 
6.444000e-01 
4.222000e-01 
2.000000e-01 
2.000000e-01 
3.778000e-01 
6.444000e-01 
2.444000e-01 
1.111000e-01 
8.444000e-01 
6.444000e-01 
2.220000e-02 
1.111000e-01 
4.667000e-01 
4.440000e-02 
8.890000e-02 
1.778000e-01 
7.556000e-01 
1.111000e-01 
4.889000e-01 
1.111000e-01 
3.778000e-01 
5.111000e-01 
2.444000e-01 
1.111000e-01 
1.333000e-01 
5.778000e-01 
1.333000e-01 
3.333000e-01 
2.222000e-01 
1.111000e-01 
2.667000e-01 
1.556000e-01 
4.444000e-01 
6.444000e-01 
6.670000e-02 
1.556000e-01 
3.778000e-01 
4.440000e-02 
2.000000e-01 
2.222000e-01 
8.222000e-01 
6.889000e-01 
6.670000e-02 
3.556000e-01 
2.000000e-01 
2.222000e-01 
2.000000e-01 
1.333000e-01 
4.444000e-01 
3.111000e-01 
2.000000e-01 
2.000000e-01 
6.670000e-02 
1.556000e-01 
1.556000e-01 
8.890000e-02 
4.222000e-01 
8.222000e-01 
8.890000e-02 
5.778000e-01 
2.444000e-01 
3.556000e-01 
2.667000e-01 
4.444000e-01 
3.333000e-01 
4.222000e-01 
1.111000e-01 
3.556000e-01 
1.778000e-01 
1.556000e-01 
2.444000e-01 
8.890000e-02 
4.667000e-01 
7.556000e-01 
1.333000e-01 
1.556000e-01 
2.444000e-01 
1.333000e-01 
3.111000e-01 
2.000000e-01 
4.222000e-01 
4.222000e-01 
1.111000e-01 
5.333000e-01 
2.444000e-01 
2.222000e-01 
6.670000e-02 
3.333000e-01 
3.556000e-01 
3.556000e-01 
1.111000e-01 
4.440000e-02 
3.778000e-01 
2.667000e-01 
1.778000e-01 
3.556000e-01 
6.670000e-02 
2.667000e-01 
0 
1.333000e-01 
2.000000e-01 
6.889000e-01 
2.444000e-01 
2.222000e-01 
2.220000e-02 
5.333000e-01 
1.333000e-01 
8.890000e-02 
3.111000e-01 
3.111000e-01 
2.222000e-01 
1.556000e-01 
2.889000e-01 
2.667000e-01 
2.667000e-01 
6.670000e-02 
4.444000e-01 
2.444000e-01 
3.111000e-01 
2.222000e-01 
4.444000e-01 
3.556000e-01 
2.444000e-01 
1.111000e-01 
5.333000e-01 
2.444000e-01 
2.222000e-01 
8.890000e-02 
3.111000e-01 
2.000000e-01 
8.222000e-01 
8.890000e-02 
1.333000e-01 
4.222000e-01 
3.556000e-01 
3.111000e-01 
4.440000e-02 
2.222000e-01 
6.670000e-02 
8.890000e-02 
2.222000e-01 
5.333000e-01 
6.670000e-02 
1.333000e-01 
2.000000e-01 
3.333000e-01 
9.111000e-01 
6.670000e-02 
4.000000e-01 
5.778000e-01 
4.000000e-01 
4.440000e-02 
3.111000e-01 
6.670000e-02 
2.889000e-01 
2.000000e-01 
2.667000e-01 
3.333000e-01 
3.111000e-01 
1.111000e-01 
2.667000e-01 
2.222000e-01 
6.670000e-02 
1.778000e-01 
4.440000e-02 
1.111000e-01 
1.556000e-01 
6.670000e-02 
6.000000e-01 
2.444000e-01 
3.778000e-01 
4.444000e-01 
1.111000e-01 
4.000000e-01 
2.444000e-01 
2.000000e-01 
1.111000e-01 
3.111000e-01 
1.778000e-01 
1.556000e-01 
1.556000e-01 
2.889000e-01 
2.889000e-01 
3.333000e-01 
6.670000e-02 
4.667000e-01 
2.222000e-01 
5.556000e-01 
1.778000e-01 
4.440000e-02 
4.222000e-01 
2.222000e-01 
6.444000e-01 
8.000000e-01 
4.440000e-02 
2.000000e-01 
2.444000e-01 
4.444000e-01 
2.444000e-01 
1.556000e-01 
3.111000e-01 
3.778000e-01 
4.889000e-01 
1.111000e-01 
2.667000e-01 
1.778000e-01 
6.667000e-01 
2.000000e-01 
3.111000e-01 
4.667000e-01 
2.667000e-01 
5.333000e-01 
6.670000e-02 
2.000000e-01 
2.000000e-01 
2.667000e-01 
1.333000e-01 
6.444000e-01 
8.890000e-02 
2.444000e-01 
2.222000e-01 
5.111000e-01 
2.000000e-01 
1.778000e-01 
2.444000e-01 
4.667000e-01 
6.444000e-01 
4.440000e-02 
1.333000e-01 
8.889000e-01 
5.111000e-01 
1.778000e-01 
4.440000e-02 
2.222000e-01 
1.333000e-01 
2.667000e-01 
1.778000e-01 
4.222000e-01 
1.111000e-01 
5.111000e-01 
2.000000e-01 
4.000000e-01 
2.222000e-01 
1 
2.444000e-01 
2.889000e-01 
3.556000e-01 
1 
2.000000e-01 
1.778000e-01 
3.111000e-01 
6.889000e-01 
3.111000e-01 
6.222000e-01 
3.556000e-01 
2.889000e-01 
2.000000e-01 
7.778000e-01 
3.333000e-01 
2.667000e-01 
1.333000e-01 
2.889000e-01 
4.000000e-01 
1.333000e-01 
3.556000e-01 
3.333000e-01 
1.333000e-01 
2.667000e-01 
4.000000e-01 
2.000000e-01 
1.556000e-01 
9.111000e-01 
1.556000e-01 
6.670000e-02 
4.000000e-01 
1.556000e-01 
1.778000e-01 
3.778000e-01 
4.667000e-01 
4.889000e-01 
3.333000e-01 
3.778000e-01 
3.333000e-01 
4.222000e-01 
4.444000e-01 
1.778000e-01 
1.556000e-01 
2.000000e-01 
3.778000e-01 
4.889000e-01 
3.778000e-01 
8.890000e-02 
2.667000e-01 
