5.740741e-01 
6.296296e-01 
2.962963e-01 
1.851852e-01 
2.962963e-01 
5.740741e-01 
3.888889e-01 
2.962963e-01 
4.444444e-01 
3.148148e-01 
4.074074e-01 
5.000000e-01 
2.407407e-01 
4.074074e-01 
4.629630e-01 
3.703704e-01 
3.148148e-01 
5.740741e-01 
5.185185e-01 
1.481481e-01 
4.259259e-01 
3.333333e-01 
4.444444e-01 
4.814815e-01 
2.777778e-01 
5.000000e-01 
5.555556e-01 
4.814815e-01 
3.518519e-01 
3.888889e-01 
2.777778e-01 
5.555556e-01 
5.925926e-01 
4.814815e-01 
2.592593e-01 
4.259259e-01 
4.629630e-01 
4.259259e-01 
4.629630e-01 
4.444444e-01 
5.740741e-01 
6.388889e-01 
4.259259e-01 
4.444444e-01 
4.629630e-01 
6.944444e-01 
4.074074e-01 
3.703704e-01 
4.814815e-01 
4.259259e-01 
3.518519e-01 
4.814815e-01 
5.925926e-01 
5.555556e-01 
3.703704e-01 
5.000000e-01 
3.888889e-01 
5.370370e-01 
5.925926e-01 
7.037037e-01 
6.481481e-01 
5.000000e-01 
6.111111e-01 
4.814815e-01 
4.259259e-01 
4.444444e-01 
5.000000e-01 
6.296296e-01 
5.000000e-01 
6.111111e-01 
3.333333e-01 
4.629630e-01 
5.370370e-01 
1 
5.185185e-01 
3.703704e-01 
5.000000e-01 
4.444444e-01 
4.814815e-01 
3.518519e-01 
5.185185e-01 
4.444444e-01 
8.518519e-01 
6.111111e-01 
4.629630e-01 
4.629630e-01 
6.481481e-01 
5.185185e-01 
4.444444e-01 
6.388889e-01 
4.814815e-01 
5.555556e-01 
2.222222e-01 
6.481481e-01 
2.777778e-01 
3.333333e-01 
3.333333e-01 
3.703704e-01 
3.888889e-01 
4.074074e-01 
2.222222e-01 
4.259259e-01 
4.814815e-01 
3.888889e-01 
2.777778e-01 
4.629630e-01 
5.000000e-01 
5.370370e-01 
4.629630e-01 
3.888889e-01 
2.962963e-01 
5.555556e-01 
4.629630e-01 
5.925926e-01 
5.000000e-01 
3.888889e-01 
4.259259e-01 
6.666667e-01 
5.000000e-01 
4.074074e-01 
3.518519e-01 
3.703704e-01 
5.000000e-01 
2.222222e-01 
4.259259e-01 
4.259259e-01 
1.666667e-01 
5.555556e-01 
4.259259e-01 
4.814815e-01 
3.148148e-01 
4.814815e-01 
4.259259e-01 
5.370370e-01 
3.148148e-01 
5.925926e-01 
3.518519e-01 
3.888889e-01 
4.259259e-01 
5.185185e-01 
3.518519e-01 
6.851852e-01 
2.777778e-01 
3.333333e-01 
2.777778e-01 
4.259259e-01 
3.518519e-01 
2.592593e-01 
3.518519e-01 
2.407407e-01 
6.111111e-01 
4.814815e-01 
2.962963e-01 
4.444444e-01 
2.592593e-01 
4.444444e-01 
3.518519e-01 
3.703704e-01 
3.888889e-01 
7.037037e-01 
4.814815e-01 
5.555556e-01 
4.074074e-01 
3.888889e-01 
3.518519e-01 
3.703704e-01 
5.000000e-01 
5.833333e-01 
4.629630e-01 
5.185185e-01 
5.185185e-01 
3.888889e-01 
3.518519e-01 
4.259259e-01 
3.888889e-01 
5.185185e-01 
4.629630e-01 
4.629630e-01 
5.370370e-01 
4.259259e-01 
2.407407e-01 
5.000000e-01 
3.888889e-01 
5.000000e-01 
5.000000e-01 
5.277778e-01 
5.000000e-01 
4.629630e-01 
3.703704e-01 
4.814815e-01 
4.814815e-01 
2.962963e-01 
5.555556e-01 
6.296296e-01 
4.074074e-01 
4.259259e-01 
4.444444e-01 
3.703704e-01 
6.481481e-01 
3.518519e-01 
5.925926e-01 
7.962963e-01 
6.296296e-01 
3.888889e-01 
3.888889e-01 
5.555556e-01 
3.518519e-01 
4.814815e-01 
7.037037e-01 
4.259259e-01 
3.703704e-01 
5.925926e-01 
4.722222e-01 
4.074074e-01 
3.703704e-01 
2.407407e-01 
4.629630e-01 
5.555556e-01 
3.148148e-01 
3.703704e-01 
4.629630e-01 
1.851852e-01 
3.888889e-01 
4.444444e-01 
4.629630e-01 
2.962963e-01 
2.777778e-01 
4.814815e-01 
4.259259e-01 
4.444444e-01 
5.000000e-01 
4.629630e-01 
3.888889e-01 
3.703704e-01 
4.166667e-01 
2.962963e-01 
5.925926e-01 
3.333333e-01 
2.962963e-01 
3.703704e-01 
3.518519e-01 
6.388889e-01 
4.629630e-01 
7.222222e-01 
4.074074e-01 
4.629630e-01 
3.333333e-01 
3.888889e-01 
4.629630e-01 
6.296296e-01 
2.962963e-01 
6.388889e-01 
3.703704e-01 
6.111111e-01 
3.888889e-01 
3.148148e-01 
3.518519e-01 
4.629630e-01 
4.629630e-01 
5.185185e-01 
4.444444e-01 
5.370370e-01 
3.703704e-01 
4.629630e-01 
4.814815e-01 
3.888889e-01 
5.000000e-01 
4.629630e-01 
3.518519e-01 
4.814815e-01 
3.703704e-01 
4.259259e-01 
4.259259e-01 
2.407407e-01 
4.814815e-01 
5.185185e-01 
3.703704e-01 
3.148148e-01 
3.148148e-01 
5.185185e-01 
5.740741e-01 
4.814815e-01 
4.814815e-01 
4.444444e-01 
3.703704e-01 
5.925926e-01 
5.000000e-01 
5.555556e-01 
5.370370e-01 
5.370370e-01 
2.592593e-01 
3.148148e-01 
3.333333e-01 
7.222222e-01 
4.629630e-01 
3.333333e-01 
4.444444e-01 
5.555556e-01 
6.111111e-01 
4.074074e-01 
3.703704e-01 
4.629630e-01 
5.000000e-01 
6.666667e-01 
3.888889e-01 
5.925926e-01 
5.277778e-01 
5.925926e-01 
3.888889e-01 
5.000000e-01 
4.259259e-01 
6.481481e-01 
4.259259e-01 
4.444444e-01 
4.444444e-01 
5.277778e-01 
6.111111e-01 
6.851852e-01 
4.444444e-01 
4.629630e-01 
7.407407e-01 
5.925926e-01 
3.148148e-01 
4.074074e-01 
4.444444e-01 
4.444444e-01 
6.111111e-01 
5.740741e-01 
5.000000e-01 
7.037037e-01 
3.888889e-01 
7.037037e-01 
3.703704e-01 
3.518519e-01 
3.055556e-01 
4.629630e-01 
3.703704e-01 
4.259259e-01 
7.222222e-01 
5.833333e-01 
6.111111e-01 
6.296296e-01 
5.370370e-01 
5.000000e-01 
3.888889e-01 
4.259259e-01 
3.518519e-01 
4.074074e-01 
2.777778e-01 
4.814815e-01 
4.074074e-01 
4.814815e-01 
4.629630e-01 
4.259259e-01 
4.629630e-01 
5.185185e-01 
2.777778e-01 
6.111111e-01 
3.703704e-01 
2.962963e-01 
4.722222e-01 
4.074074e-01 
