6.774194e-01 
5.806452e-01 
6.774194e-01 
4.193548e-01 
4.193548e-01 
6.451613e-01 
4.516129e-01 
4.193548e-01 
6.774194e-01 
7.741935e-01 
4.838710e-01 
6.129032e-01 
3.548387e-01 
4.838710e-01 
5.806452e-01 
4.838710e-01 
6.129032e-01 
7.096774e-01 
8.709677e-01 
7.419355e-01 
2.903226e-01 
6.774194e-01 
6.451613e-01 
5.483871e-01 
5.161290e-01 
6.774194e-01 
3.870968e-01 
4.193548e-01 
6.129032e-01 
5.161290e-01 
4.838710e-01 
2.258065e-01 
1.612903e-01 
6.129032e-01 
3.870968e-01 
2.903226e-01 
3.548387e-01 
4.838710e-01 
3.548387e-01 
3.870968e-01 
6.774194e-01 
4.516129e-01 
4.838710e-01 
4.838710e-01 
6.774194e-01 
3.225806e-01 
2.903226e-01 
2.258065e-01 
3.225806e-01 
6.129032e-01 
3.870968e-01 
3.870968e-01 
5.483871e-01 
7.419355e-01 
2.580645e-01 
7.096774e-01 
5.161290e-01 
4.516129e-01 
3.225806e-01 
3.548387e-01 
3.548387e-01 
4.516129e-01 
4.516129e-01 
2.258065e-01 
2.903226e-01 
3.548387e-01 
3.870968e-01 
4.516129e-01 
2.580645e-01 
5.161290e-01 
7.741935e-01 
6.129032e-01 
6.451613e-01 
6.451613e-01 
5.161290e-01 
4.838710e-01 
5.806452e-01 
7.096774e-01 
5.806452e-01 
2.258065e-01 
5.806452e-01 
5.483871e-01 
5.806452e-01 
6.451613e-01 
5.161290e-01 
6.451613e-01 
7.741935e-01 
6.774194e-01 
4.193548e-01 
3.870968e-01 
5.161290e-01 
7.096774e-01 
5.806452e-01 
4.193548e-01 
6.774194e-01 
6.129032e-01 
3.870968e-01 
3.548387e-01 
7.419355e-01 
4.193548e-01 
3.870968e-01 
7.096774e-01 
6.129032e-01 
5.161290e-01 
6.774194e-01 
3.225806e-01 
7.419355e-01 
4.193548e-01 
4.838710e-01 
5.161290e-01 
6.129032e-01 
7.096774e-01 
3.870968e-01 
5.806452e-01 
5.806452e-01 
3.870968e-01 
5.483871e-01 
6.451613e-01 
4.838710e-01 
4.193548e-01 
5.483871e-01 
6.774194e-01 
3.870968e-01 
4.193548e-01 
3.870968e-01 
5.483871e-01 
4.516129e-01 
8.064516e-01 
2.258065e-01 
5.161290e-01 
3.870968e-01 
4.516129e-01 
5.483871e-01 
3.870968e-01 
5.806452e-01 
8.387097e-01 
5.483871e-01 
7.741935e-01 
6.774194e-01 
5.806452e-01 
7.741935e-01 
7.741935e-01 
6.774194e-01 
2.580645e-01 
5.483871e-01 
2.580645e-01 
3.548387e-01 
5.806452e-01 
4.838710e-01 
7.096774e-01 
5.161290e-01 
6.774194e-01 
4.516129e-01 
7.419355e-01 
6.451613e-01 
5.806452e-01 
8.064516e-01 
6.774194e-01 
5.161290e-01 
3.548387e-01 
5.806452e-01 
6.129032e-01 
6.129032e-01 
4.193548e-01 
3.225806e-01 
5.161290e-01 
4.838710e-01 
5.483871e-01 
5.483871e-01 
4.838710e-01 
5.806452e-01 
4.838710e-01 
2.903226e-01 
8.387097e-01 
4.838710e-01 
5.161290e-01 
6.129032e-01 
6.451613e-01 
7.419355e-01 
6.451613e-01 
5.483871e-01 
6.774194e-01 
5.483871e-01 
3.225806e-01 
6.451613e-01 
5.806452e-01 
5.161290e-01 
6.451613e-01 
3.225806e-01 
5.806452e-01 
6.129032e-01 
5.483871e-01 
4.516129e-01 
7.419355e-01 
7.096774e-01 
8.387097e-01 
6.774194e-01 
6.774194e-01 
7.419355e-01 
7.419355e-01 
7.096774e-01 
4.838710e-01 
8.064516e-01 
4.193548e-01 
6.451613e-01 
6.774194e-01 
4.516129e-01 
6.129032e-01 
6.129032e-01 
6.774194e-01 
7.741935e-01 
7.419355e-01 
6.129032e-01 
6.451613e-01 
5.806452e-01 
8.064516e-01 
9.032258e-01 
5.806452e-01 
5.161290e-01 
6.774194e-01 
5.483871e-01 
8.387097e-01 
6.774194e-01 
5.806452e-01 
6.129032e-01 
7.096774e-01 
6.129032e-01 
4.516129e-01 
5.806452e-01 
6.451613e-01 
5.806452e-01 
3.548387e-01 
7.096774e-01 
8.064516e-01 
6.129032e-01 
7.741935e-01 
6.129032e-01 
6.129032e-01 
5.483871e-01 
6.129032e-01 
5.806452e-01 
5.161290e-01 
7.741935e-01 
7.096774e-01 
6.129032e-01 
8.064516e-01 
7.741935e-01 
4.838710e-01 
8.387097e-01 
6.451613e-01 
7.096774e-01 
5.806452e-01 
6.451613e-01 
7.096774e-01 
5.483871e-01 
1 
3.225806e-01 
6.451613e-01 
6.774194e-01 
6.129032e-01 
4.193548e-01 
3.548387e-01 
6.451613e-01 
5.483871e-01 
4.838710e-01 
6.774194e-01 
7.419355e-01 
5.161290e-01 
5.806452e-01 
5.161290e-01 
6.129032e-01 
5.161290e-01 
3.548387e-01 
5.483871e-01 
7.419355e-01 
4.516129e-01 
5.483871e-01 
6.774194e-01 
3.225806e-01 
3.870968e-01 
3.225806e-01 
4.516129e-01 
5.483871e-01 
5.161290e-01 
4.838710e-01 
5.806452e-01 
5.483871e-01 
4.193548e-01 
4.838710e-01 
6.129032e-01 
6.774194e-01 
4.838710e-01 
3.225806e-01 
7.419355e-01 
7.096774e-01 
5.806452e-01 
8.064516e-01 
5.483871e-01 
6.774194e-01 
5.806452e-01 
3.870968e-01 
6.774194e-01 
5.806452e-01 
7.096774e-01 
3.548387e-01 
5.806452e-01 
7.096774e-01 
6.774194e-01 
9.032258e-01 
4.838710e-01 
5.806452e-01 
5.483871e-01 
3.548387e-01 
5.161290e-01 
6.451613e-01 
5.483871e-01 
4.838710e-01 
5.483871e-01 
6.451613e-01 
6.451613e-01 
6.774194e-01 
5.483871e-01 
6.451613e-01 
4.516129e-01 
5.161290e-01 
7.741935e-01 
7.096774e-01 
7.419355e-01 
7.741935e-01 
5.161290e-01 
6.451613e-01 
6.451613e-01 
5.483871e-01 
4.838710e-01 
6.774194e-01 
7.419355e-01 
4.193548e-01 
6.451613e-01 
4.838710e-01 
5.806452e-01 
5.806452e-01 
4.193548e-01 
5.483871e-01 
7.096774e-01 
4.193548e-01 
5.806452e-01 
7.096774e-01 
6.774194e-01 
2.903226e-01 
6.451613e-01 
4.516129e-01 
5.806452e-01 
2.580645e-01 
6.451613e-01 
4.516129e-01 
3.870968e-01 
4.838710e-01 
6.129032e-01 
5.806452e-01 
6.451613e-01 
7.419355e-01 
5.806452e-01 
