1.363636e-01 
2.727273e-01 
5.454545e-01 
1.363636e-01 
1.363636e-01 
6.818182e-01 
6.136364e-01 
2.727273e-01 
4.090909e-01 
8.636364e-01 
4.545455e-01 
2.727273e-01 
2.272727e-01 
5.909091e-01 
6.136364e-01 
4.545455e-02 
2.727273e-01 
9.090909e-01 
4.090909e-01 
1.818182e-01 
5.000000e-01 
8.636364e-01 
7.727273e-01 
2.727273e-01 
3.181818e-01 
8.863636e-01 
4.090909e-01 
2.272727e-01 
3.636364e-01 
6.818182e-01 
1.818182e-01 
3.636364e-01 
5.454545e-01 
7.272727e-01 
2.727273e-01 
2.272727e-01 
5.000000e-01 
5.000000e-01 
3.636364e-01 
3.181818e-01 
5.000000e-01 
5.454545e-01 
2.272727e-01 
6.136364e-01 
3.636364e-01 
7.272727e-01 
3.409091e-01 
5.000000e-01 
7.727273e-01 
3.181818e-01 
4.772727e-01 
2.045455e-01 
6.363636e-01 
4.090909e-01 
3.636364e-01 
5.000000e-01 
2.727273e-01 
1.363636e-01 
4.545455e-01 
7.272727e-01 
3.181818e-01 
2.727273e-01 
2.727273e-01 
9.090909e-02 
4.545455e-01 
9.090909e-01 
9.090909e-02 
1.363636e-01 
3.636364e-01 
8.636364e-01 
4.090909e-01 
6.363636e-01 
8.181818e-01 
6.136364e-01 
4.090909e-01 
4.545455e-01 
5.454545e-01 
8.636364e-01 
6.363636e-01 
4.545455e-01 
4.772727e-01 
8.181818e-01 
2.272727e-01 
2.727273e-01 
5.454545e-01 
6.136364e-01 
1 
6.363636e-01 
3.636364e-01 
4.090909e-01 
1 
5.000000e-01 
1.363636e-01 
4.090909e-01 
3.636364e-01 
4.090909e-01 
2.272727e-01 
8.181818e-01 
5.454545e-01 
6.818182e-02 
2.727273e-01 
3.636364e-01 
2.727273e-01 
4.545455e-01 
3.181818e-01 
8.863636e-01 
6.363636e-01 
2.045455e-01 
4.090909e-01 
4.090909e-01 
3.181818e-01 
4.545455e-01 
1.818182e-01 
5.000000e-01 
5.454545e-01 
3.636364e-01 
2.272727e-01 
3.409091e-01 
4.090909e-01 
4.090909e-01 
2.727273e-01 
3.636364e-01 
3.409091e-01 
1.363636e-01 
2.727273e-01 
6.818182e-01 
2.272727e-01 
6.363636e-01 
2.272727e-01 
4.090909e-01 
4.772727e-01 
3.181818e-01 
1.818182e-01 
5.909091e-01 
2.272727e-01 
4.772727e-01 
2.272727e-01 
2.727273e-01 
5.000000e-01 
2.045455e-01 
6.818182e-01 
3.409091e-01 
2.272727e-01 
2.272727e-01 
2.045455e-01 
4.090909e-01 
4.545455e-01 
2.727273e-01 
3.409091e-01 
2.727273e-01 
2.272727e-01 
5.000000e-01 
2.272727e-01 
4.772727e-01 
5.000000e-01 
2.727273e-01 
6.818182e-01 
4.545455e-01 
2.045455e-01 
4.090909e-01 
3.636364e-01 
4.772727e-01 
4.090909e-01 
1.363636e-01 
1.818182e-01 
5.909091e-01 
5.454545e-01 
4.090909e-01 
3.181818e-01 
6.818182e-01 
7.272727e-01 
2.272727e-01 
4.090909e-01 
4.772727e-01 
1.363636e-01 
4.545455e-01 
6.818182e-01 
3.181818e-01 
2.727273e-01 
2.727273e-01 
4.090909e-01 
6.818182e-01 
4.545455e-01 
4.090909e-01 
2.727273e-01 
2.727273e-01 
5.000000e-01 
3.181818e-01 
2.727273e-01 
4.545455e-01 
3.409091e-01 
5.909091e-01 
6.363636e-01 
1.818182e-01 
3.636364e-01 
3.409091e-01 
3.636364e-01 
8.636364e-01 
2.272727e-01 
5.000000e-01 
4.090909e-01 
3.636364e-01 
7.272727e-01 
2.727273e-01 
3.181818e-01 
5.454545e-01 
5.000000e-01 
2.727273e-01 
7.272727e-01 
1.818182e-01 
5.454545e-01 
4.545455e-01 
5.454545e-01 
5.909091e-01 
2.727273e-01 
3.181818e-01 
5.000000e-01 
1.363636e-01 
4.772727e-01 
6.363636e-01 
4.545455e-01 
8.636364e-01 
4.545455e-01 
4.090909e-01 
2.272727e-01 
3.181818e-01 
3.636364e-01 
5.000000e-01 
3.636364e-01 
2.727273e-01 
3.636364e-01 
2.727273e-01 
4.545455e-01 
1.818182e-01 
4.090909e-01 
2.727273e-01 
3.636364e-01 
2.727273e-01 
2.727273e-01 
4.545455e-01 
3.636364e-01 
2.272727e-01 
2.272727e-01 
4.090909e-01 
3.181818e-01 
1.818182e-01 
5.000000e-01 
6.136364e-01 
4.090909e-01 
4.090909e-01 
3.181818e-01 
3.636364e-01 
3.636364e-01 
2.272727e-01 
2.272727e-01 
3.181818e-01 
2.727273e-01 
4.090909e-01 
3.409091e-01 
1.363636e-01 
2.272727e-01 
3.181818e-01 
2.727273e-01 
3.181818e-01 
4.090909e-01 
4.545455e-01 
1.818182e-01 
3.181818e-01 
3.181818e-01 
3.636364e-01 
2.727273e-01 
2.727273e-01 
3.636364e-01 
2.272727e-01 
4.545455e-01 
2.727273e-01 
2.272727e-01 
3.181818e-01 
3.181818e-01 
2.272727e-01 
2.272727e-01 
5.454545e-01 
6.363636e-01 
3.636364e-01 
3.409091e-01 
1.363636e-01 
4.090909e-01 
3.409091e-01 
3.636364e-01 
2.727273e-01 
5.454545e-01 
2.272727e-01 
3.181818e-01 
4.545455e-01 
5.000000e-01 
2.045455e-01 
4.090909e-01 
4.090909e-01 
4.545455e-01 
5.000000e-01 
2.727273e-01 
5.454545e-01 
2.727273e-01 
4.545455e-01 
3.636364e-01 
4.090909e-01 
2.727273e-01 
3.181818e-01 
5.454545e-01 
3.181818e-01 
4.090909e-01 
2.272727e-01 
3.409091e-01 
2.727273e-01 
3.636364e-01 
2.727273e-01 
4.090909e-01 
3.181818e-01 
3.181818e-01 
1.818182e-01 
1.818182e-01 
4.090909e-01 
3.636364e-01 
3.181818e-01 
3.409091e-01 
2.272727e-01 
2.727273e-01 
2.272727e-01 
1.363636e-01 
4.545455e-01 
2.727273e-01 
1.818182e-01 
3.181818e-01 
3.636364e-01 
4.090909e-01 
4.772727e-01 
2.272727e-01 
2.727273e-01 
5.454545e-01 
1.818182e-01 
3.409091e-01 
2.727273e-01 
2.272727e-01 
5.909091e-01 
3.636364e-01 
5.000000e-01 
2.727273e-01 
1.818182e-01 
2.272727e-01 
4.090909e-01 
2.727273e-01 
2.727273e-01 
2.727273e-01 
3.181818e-01 
3.636364e-01 
5.000000e-01 
2.727273e-01 
4.545455e-01 
2.727273e-01 
3.181818e-01 
2.045455e-01 
3.181818e-01 
