2.325581e-02 
5.116279e-01 
1.627907e-01 
1.162791e-01 
2.558140e-01 
6.976744e-02 
4.534884e-01 
3.023256e-01 
2.325581e-01 
2.790698e-01 
0 
3.255814e-01 
3.023256e-01 
2.093023e-01 
1.395349e-01 
1.395349e-01 
4.186047e-01 
2.093023e-01 
1.395349e-01 
4.186047e-01 
5.116279e-01 
1.395349e-01 
5.348837e-01 
2.558140e-01 
5.813953e-01 
1.860465e-01 
1.627907e-01 
4.883721e-01 
5.813953e-01 
3.488372e-01 
1.162791e-01 
0 
0 
2.325581e-02 
6.976744e-02 
9.302326e-02 
3.488372e-01 
3.488372e-02 
9.302326e-02 
2.558140e-01 
1.627907e-01 
2.790698e-01 
3.953488e-01 
3.488372e-01 
3.488372e-01 
3.255814e-01 
2.325581e-02 
3.837209e-01 
1.395349e-01 
4.651163e-02 
1.162791e-01 
6.976744e-02 
2.325581e-02 
0 
6.976744e-02 
9.302326e-02 
3.488372e-01 
2.093023e-01 
3.488372e-01 
3.488372e-01 
1.744186e-01 
2.325581e-01 
9.302326e-02 
2.558140e-01 
1.162791e-01 
2.325581e-02 
1.627907e-01 
6.976744e-02 
1.395349e-01 
3.023256e-01 
3.720930e-01 
3.023256e-01 
3.255814e-01 
2.093023e-01 
1.627907e-01 
1.162791e-01 
6.511628e-01 
5.581395e-01 
1.162791e-01 
9.302326e-02 
2.790698e-01 
2.325581e-01 
3.837209e-01 
3.255814e-01 
2.558140e-01 
0 
4.651163e-02 
6.976744e-02 
2.093023e-01 
3.023256e-01 
2.558140e-01 
3.488372e-01 
2.790698e-01 
2.558140e-01 
1.162791e-01 
6.976744e-02 
6.976744e-02 
2.325581e-01 
3.488372e-02 
1.860465e-01 
2.093023e-01 
9.302326e-02 
4.651163e-02 
7.325581e-01 
2.790698e-01 
6.976744e-02 
2.325581e-02 
2.325581e-01 
9.302326e-02 
1.162791e-01 
1.395349e-01 
3.255814e-01 
1.744186e-01 
2.558140e-01 
4.651163e-02 
2.790698e-01 
3.255814e-01 
5.581395e-01 
2.558140e-01 
6.976744e-02 
1.395349e-01 
2.790698e-01 
6.976744e-02 
2.558140e-01 
4.418605e-01 
1.395349e-01 
2.325581e-02 
2.325581e-01 
1.162791e-01 
3.720930e-01 
3.255814e-01 
1.162791e-01 
2.558140e-01 
1.627907e-01 
1.395349e-01 
3.023256e-01 
0 
1.395349e-01 
9.302326e-02 
3.720930e-01 
5.348837e-01 
2.093023e-01 
2.325581e-02 
1.627907e-01 
1.860465e-01 
3.720930e-01 
6.976744e-02 
4.418605e-01 
3.255814e-01 
2.790698e-01 
6.976744e-02 
2.441860e-01 
6.976744e-02 
3.953488e-01 
1.627907e-01 
4.651163e-01 
1.395349e-01 
3.023256e-01 
9.302326e-02 
2.093023e-01 
1.627907e-01 
9.302326e-02 
1.860465e-01 
2.325581e-02 
1.627907e-01 
2.325581e-01 
4.651163e-02 
1.162791e-01 
1.627907e-01 
6.976744e-02 
1.162791e-01 
1.860465e-01 
5.813953e-01 
4.534884e-01 
4.651163e-02 
2.325581e-01 
3.255814e-01 
2.325581e-01 
2.558140e-01 
0 
1.860465e-01 
9.302326e-02 
2.325581e-02 
9.302326e-02 
9.302326e-02 
2.790698e-01 
6.511628e-01 
3.488372e-01 
1.395349e-01 
2.093023e-01 
1.627907e-01 
1.627907e-01 
4.418605e-01 
2.325581e-01 
2.093023e-01 
2.093023e-01 
3.488372e-01 
1.860465e-01 
2.325581e-02 
1.395349e-01 
1.395349e-01 
1.627907e-01 
4.186047e-01 
2.093023e-01 
1 
1.627907e-01 
1.395349e-01 
3.953488e-01 
3.255814e-01 
1.162791e-01 
0 
9.302326e-02 
3.488372e-01 
5.116279e-01 
2.790698e-01 
1.627907e-01 
3.255814e-01 
1.395349e-01 
3.255814e-01 
2.093023e-01 
4.186047e-01 
3.720930e-01 
3.488372e-02 
4.186047e-01 
1.162791e-01 
3.023256e-01 
1.395349e-01 
3.953488e-01 
9.302326e-02 
3.488372e-01 
4.651163e-02 
1.162791e-01 
6.976744e-02 
3.488372e-01 
2.325581e-02 
2.093023e-01 
1.395349e-01 
1.395349e-01 
2.093023e-01 
2.093023e-01 
2.325581e-02 
1.627907e-01 
4.651163e-02 
6.976744e-02 
9.302326e-02 
2.790698e-01 
2.325581e-02 
2.325581e-01 
1.860465e-01 
6.046512e-01 
0 
3.255814e-01 
4.651163e-02 
9.302326e-02 
3.488372e-01 
5.581395e-01 
4.186047e-01 
2.325581e-01 
2.325581e-02 
1.162791e-01 
4.186047e-01 
7.441860e-01 
1.395349e-01 
4.186047e-01 
3.953488e-01 
1.162791e-01 
2.093023e-01 
2.325581e-01 
1.860465e-01 
4.651163e-02 
2.325581e-02 
4.651163e-01 
3.488372e-01 
5.116279e-01 
5.581395e-01 
4.651163e-02 
5.348837e-01 
9.302326e-02 
1.046512e-01 
3.720930e-01 
3.255814e-01 
4.883721e-01 
2.093023e-01 
1.162791e-01 
2.790698e-01 
2.325581e-01 
6.976744e-02 
2.790698e-01 
5.813953e-01 
2.325581e-01 
2.093023e-01 
2.558140e-01 
4.651163e-01 
3.255814e-01 
2.325581e-02 
1.860465e-01 
4.883721e-01 
1.627907e-01 
5.348837e-01 
3.837209e-01 
4.186047e-01 
3.488372e-01 
0 
3.488372e-01 
2.325581e-02 
6.046512e-01 
3.023256e-01 
1.860465e-01 
1.395349e-01 
1.744186e-01 
9.302326e-02 
4.651163e-02 
4.651163e-02 
6.976744e-01 
3.023256e-01 
2.790698e-01 
4.418605e-01 
2.790698e-01 
1.860465e-01 
1.860465e-01 
4.651163e-02 
6.511628e-01 
6.976744e-02 
4.651163e-01 
2.325581e-01 
6.046512e-01 
3.488372e-01 
3.488372e-01 
1.162791e-01 
6.511628e-01 
1.395349e-01 
4.883721e-01 
6.976744e-02 
3.023256e-01 
2.558140e-01 
1.860465e-01 
2.325581e-01 
3.720930e-01 
3.255814e-01 
1.860465e-01 
6.976744e-02 
2.790698e-01 
2.325581e-02 
5.232558e-01 
1.744186e-01 
4.186047e-01 
2.558140e-01 
1.860465e-01 
1.162791e-01 
2.093023e-01 
0 
3.023256e-01 
9.302326e-02 
3.488372e-01 
1.162791e-01 
4.186047e-01 
2.558140e-01 
2.558140e-01 
1.162791e-01 
5.581395e-01 
1.395349e-01 
4.651163e-02 
