1.111111e-01 
1.666667e-01 
2.222222e-01 
1.111111e-01 
0 
2.222222e-01 
1.111111e-01 
0 
1.666667e-01 
0 
5.555556e-01 
0 
0 
2.777778e-01 
1.666667e-01 
2.777778e-01 
0 
0 
1.666667e-01 
5.555556e-02 
1.111111e-01 
0 
6.666667e-01 
0 
0 
0 
2.777778e-01 
1.666667e-01 
0 
5.555556e-02 
5.555556e-02 
1.111111e-01 
1.111111e-01 
5.555556e-02 
0 
0 
0 
0 
0 
0 
0 
2.777778e-01 
5.555556e-02 
1.111111e-01 
2.777778e-01 
1.111111e-01 
1.111111e-01 
5.555556e-02 
3.888889e-01 
5.555556e-02 
0 
0 
1.111111e-01 
0 
0 
2.222222e-01 
5.555556e-02 
0 
3.333333e-01 
2.222222e-01 
0 
2.222222e-01 
5.555556e-02 
5.555556e-02 
0 
1.111111e-01 
0 
0 
5.555556e-02 
0 
5.555556e-02 
5.555556e-02 
5.555556e-02 
5.000000e-01 
5.555556e-02 
0 
0 
2.777778e-01 
0 
5.000000e-01 
0 
1.666667e-01 
0 
1.111111e-01 
1.111111e-01 
2.777778e-01 
0 
3.333333e-01 
5.555556e-02 
0 
0 
5.555556e-02 
0 
1.111111e-01 
1.111111e-01 
5.555556e-02 
2.222222e-01 
4.444444e-01 
5.555556e-02 
1.111111e-01 
5.555556e-02 
0 
5.000000e-01 
1.111111e-01 
4.444444e-01 
3.333333e-01 
0 
2.777778e-01 
5.555556e-01 
5.555556e-02 
4.444444e-01 
0 
2.222222e-01 
0 
4.444444e-01 
1.666667e-01 
0 
1.666667e-01 
2.222222e-01 
0 
5.555556e-02 
3.333333e-01 
0 
2.222222e-01 
1.666667e-01 
1.111111e-01 
5.555556e-01 
5.555556e-02 
4.444444e-01 
3.333333e-01 
0 
2.777778e-01 
5.555556e-02 
0 
5.555556e-02 
1.666667e-01 
3.333333e-01 
5.000000e-01 
0 
2.777778e-01 
5.555556e-02 
2.222222e-01 
2.222222e-01 
5.555556e-02 
5.555556e-02 
5.555556e-02 
2.777778e-01 
1.111111e-01 
0 
5.555556e-02 
4.444444e-01 
0 
0 
1.111111e-01 
2.222222e-01 
7.777778e-01 
3.888889e-01 
1.111111e-01 
1.111111e-01 
5.555556e-01 
0 
2.222222e-01 
2.222222e-01 
0 
1.666667e-01 
0 
5.000000e-01 
1.666667e-01 
0 
1.111111e-01 
5.555556e-01 
5.555556e-02 
1.666667e-01 
2.222222e-01 
1.666667e-01 
2.222222e-01 
1.111111e-01 
2.222222e-01 
0 
0 
5.555556e-02 
1.666667e-01 
5.555556e-02 
4.444444e-01 
0 
2.777778e-01 
6.666667e-01 
5.000000e-01 
5.555556e-02 
0 
1.111111e-01 
6.111111e-01 
5.555556e-02 
1.666667e-01 
2.777778e-01 
1.111111e-01 
4.444444e-01 
1.111111e-01 
2.222222e-01 
7.777778e-01 
0 
1.111111e-01 
8.888889e-01 
0 
1.111111e-01 
1.666667e-01 
5.555556e-01 
5.555556e-02 
0 
1.666667e-01 
5.555556e-01 
0 
1.666667e-01 
1.666667e-01 
1.666667e-01 
7.777778e-01 
1.111111e-01 
6.666667e-01 
7.777778e-01 
1.111111e-01 
6.111111e-01 
2.222222e-01 
1.111111e-01 
1.111111e-01 
2.777778e-01 
0 
2.222222e-01 
1 
1.111111e-01 
5.555556e-02 
0 
5.000000e-01 
5.555556e-02 
4.444444e-01 
2.222222e-01 
1.666667e-01 
1.111111e-01 
3.888889e-01 
2.222222e-01 
3.333333e-01 
0 
3.333333e-01 
0 
1.111111e-01 
2.777778e-01 
2.777778e-01 
1.111111e-01 
1.111111e-01 
2.222222e-01 
4.444444e-01 
3.888889e-01 
5.555556e-02 
2.777778e-01 
6.666667e-01 
1.111111e-01 
1.666667e-01 
0 
1.111111e-01 
0 
5.000000e-01 
0 
0 
4.444444e-01 
5.555556e-02 
0 
5.555556e-02 
0 
0 
0 
1.111111e-01 
7.222222e-01 
7.777778e-01 
5.555556e-02 
2.777778e-01 
5.555556e-02 
0 
1.666667e-01 
5.555556e-02 
5.555556e-01 
0 
0 
1.111111e-01 
5.555556e-02 
2.777778e-01 
5.555556e-02 
0 
3.888889e-01 
0 
0 
2.777778e-01 
0 
2.777778e-01 
0 
1.666667e-01 
8.333333e-01 
6.666667e-01 
1.111111e-01 
5.000000e-01 
2.222222e-01 
5.555556e-02 
5.555556e-02 
0 
5.555556e-02 
8.888889e-01 
1.111111e-01 
5.555556e-02 
1.111111e-01 
0 
5.555556e-02 
5.555556e-02 
0 
2.777778e-01 
1.666667e-01 
5.555556e-02 
5.555556e-02 
2.777778e-01 
0 
0 
2.222222e-01 
0 
5.555556e-02 
5.555556e-02 
5.000000e-01 
1.111111e-01 
2.222222e-01 
1.111111e-01 
5.555556e-02 
0 
0 
2.222222e-01 
0 
1.111111e-01 
0 
7.222222e-01 
1.666667e-01 
1.111111e-01 
5.555556e-02 
5.555556e-02 
3.333333e-01 
6.666667e-01 
1.111111e-01 
1.111111e-01 
5.555556e-02 
2.222222e-01 
1.111111e-01 
1.666667e-01 
0 
0 
1.666667e-01 
2.222222e-01 
1.666667e-01 
2.222222e-01 
1.111111e-01 
0 
2.222222e-01 
2.222222e-01 
1.111111e-01 
5.555556e-02 
1.111111e-01 
0 
0 
6.111111e-01 
