0 
0 
0 
0 
0 
0 
0 
4.550000e-02 
0 
0 
0 
0 
0 
4.550000e-02 
0 
9.090000e-02 
0 
0 
0 
0 
0 
0 
0 
0 
1.364000e-01 
0 
0 
0 
0 
0 
0 
0 
0 
0 
0 
0 
3.636000e-01 
8.182000e-01 
9.090000e-02 
4.550000e-02 
0 
0 
0 
7.270000e-02 
4.550000e-02 
8.182000e-01 
0 
0 
0 
0 
0 
4.550000e-02 
2.273000e-01 
1 
0 
0 
0 
0 
1.364000e-01 
5.000000e-01 
4.550000e-02 
0 
0 
4.550000e-02 
0 
0 
0 
0 
3.640000e-02 
9.090000e-02 
2.909000e-01 
0 
0 
0 
0 
9.090000e-02 
4.550000e-02 
0 
0 
0 
4.550000e-02 
0 
0 
0 
1.818000e-01 
1.364000e-01 
0 
0 
0 
0 
0 
9.090000e-02 
9.090000e-02 
4.550000e-02 
0 
2.727000e-01 
0 
4.550000e-02 
0 
0 
0 
4.091000e-01 
0 
2.727000e-01 
0 
4.550000e-02 
0 
0 
9.090000e-02 
7.273000e-01 
0 
7.727000e-01 
0 
0 
0 
0 
4.550000e-02 
4.091000e-01 
0 
5.909000e-01 
0 
0 
0 
0 
4.550000e-02 
2.727000e-01 
0 
2.727000e-01 
0 
0 
0 
0 
9.090000e-02 
6.818000e-01 
4.550000e-02 
1.455000e-01 
3.640000e-02 
7.270000e-02 
0 
0 
0 
5.909000e-01 
0 
3.636000e-01 
0 
0 
0 
0 
9.090000e-02 
1.818000e-01 
0 
5.000000e-01 
0 
0 
0 
0 
0 
4.091000e-01 
0 
0 
4.545000e-01 
4.550000e-02 
0 
0 
0 
0 
0 
7.270000e-02 
8.182000e-01 
4.550000e-02 
4.550000e-02 
0 
4.550000e-02 
0 
0 
0 
2.727000e-01 
4.550000e-02 
0 
0 
0 
0 
4.550000e-02 
0 
6.818000e-01 
9.090000e-02 
4.550000e-02 
0 
0 
3.640000e-02 
0 
0 
7.727000e-01 
0 
4.550000e-02 
9.090000e-02 
7.270000e-02 
1.364000e-01 
0 
4.550000e-02 
8.636000e-01 
0 
4.550000e-02 
9.090000e-02 
0 
0 
4.550000e-02 
0 
2.545000e-01 
4.550000e-02 
9.090000e-02 
0 
4.550000e-02 
0 
0 
0 
5.818000e-01 
0 
4.550000e-02 
1.818000e-01 
9.090000e-02 
0 
9.090000e-02 
1.364000e-01 
3.640000e-02 
4.545000e-01 
0 
2.273000e-01 
0 
1.364000e-01 
3.640000e-02 
3.182000e-01 
0 
1.818000e-01 
0 
5.455000e-01 
3.640000e-02 
3.182000e-01 
0 
4.550000e-02 
0 
4.545000e-01 
0 
5.000000e-01 
4.550000e-02 
3.636000e-01 
4.550000e-02 
5.455000e-01 
4.550000e-02 
3.182000e-01 
4.550000e-02 
1.818000e-01 
0 
2.273000e-01 
0 
2.727000e-01 
1.364000e-01 
0 
0 
0 
0 
3.640000e-02 
0 
0 
0 
0 
0 
0 
1.818000e-01 
6.364000e-01 
0 
0 
4.550000e-02 
0 
0 
1.364000e-01 
2.273000e-01 
1.818000e-01 
4.550000e-02 
2.909000e-01 
4.550000e-02 
0 
0 
0 
0 
0 
0 
0 
0 
0 
0 
0 
0 
6.364000e-01 
4.550000e-02 
0 
0 
0 
3.640000e-02 
9.090000e-02 
0 
3.640000e-02 
0 
2.727000e-01 
0 
0 
0 
2.909000e-01 
4.550000e-02 
9.090000e-02 
4.550000e-02 
5.909000e-01 
4.550000e-02 
0 
0 
0 
0 
0 
4.550000e-02 
7.273000e-01 
4.550000e-02 
0 
0 
0 
0 
4.550000e-02 
4.550000e-02 
6.818000e-01 
0 
3.636000e-01 
0 
1.818000e-01 
0 
5.091000e-01 
0 
4.550000e-02 
0 
3.636000e-01 
3.640000e-02 
3.636000e-01 
4.550000e-02 
5.455000e-01 
0 
3.636000e-01 
0 
0 
0 
1.364000e-01 
0 
6.818000e-01 
0 
0 
0 
0 
0 
0 
0 
1.364000e-01 
7.270000e-02 
4.545000e-01 
4.550000e-02 
4.545000e-01 
