0 
3.658537e-02 
2.439024e-02 
2.439024e-02 
0 
0 
2.439024e-01 
1.097561e-01 
4.878049e-02 
2.439024e-02 
9.756098e-02 
1.707317e-01 
4.878049e-02 
7.317073e-02 
1.951220e-01 
7.317073e-02 
4.878049e-02 
4.878049e-02 
7.317073e-02 
1.219512e-01 
1.463415e-01 
1.219512e-01 
1.219512e-01 
2.682927e-01 
7.317073e-02 
0 
2.682927e-01 
1.707317e-01 
4.878049e-02 
0 
4.878049e-02 
4.878049e-02 
1.219512e-01 
2.926829e-01 
4.634146e-01 
2.926829e-01 
2.195122e-01 
2.439024e-01 
0 
1.463415e-01 
1.951220e-01 
3.902439e-01 
6.097561e-01 
5.121951e-01 
1.951220e-01 
9.756098e-02 
2.439024e-02 
9.756098e-02 
2.439024e-01 
6.097561e-01 
6.829268e-01 
2.195122e-01 
2.439024e-02 
2.439024e-02 
1.463415e-01 
1.219512e-01 
6.585366e-01 
6.951220e-01 
1.951220e-01 
1.463415e-01 
2.439024e-02 
7.317073e-02 
4.878049e-02 
4.878049e-02 
0 
3.658537e-02 
2.439024e-01 
3.170732e-01 
1.707317e-01 
1.219512e-01 
1.707317e-01 
0 
9.756098e-02 
4.390244e-01 
7.073171e-01 
1 
2.195122e-01 
7.317073e-02 
4.878049e-02 
9.756098e-02 
4.878049e-02 
1.951220e-01 
4.146341e-01 
1.463415e-01 
2.195122e-01 
4.878049e-02 
2.195122e-01 
3.170732e-01 
4.024390e-01 
3.414634e-01 
3.658537e-01 
1.707317e-01 
1.219512e-01 
1.463415e-01 
4.878049e-02 
2.195122e-01 
2.439024e-02 
1.463415e-01 
5.121951e-01 
1.951220e-01 
2.682927e-01 
1.463415e-01 
2.439024e-01 
1.219512e-01 
2.439024e-02 
3.170732e-01 
6.829268e-01 
2.195122e-01 
4.390244e-01 
3.658537e-01 
2.439024e-02 
1.219512e-01 
3.658537e-02 
2.195122e-01 
4.146341e-01 
2.682927e-01 
4.146341e-01 
2.682927e-01 
1.219512e-01 
1.463415e-01 
0 
2.439024e-02 
2.926829e-01 
2.439024e-01 
5.853659e-01 
1.951220e-01 
9.756098e-02 
1.707317e-01 
4.878049e-02 
2.195122e-01 
6.829268e-01 
3.170732e-01 
5.609756e-01 
6.097561e-01 
3.658537e-02 
7.317073e-02 
1.463415e-01 
1.463415e-01 
6.829268e-01 
5.853659e-01 
2.926829e-01 
5.609756e-01 
2.439024e-02 
7.317073e-02 
2.439024e-02 
2.439024e-02 
3.658537e-01 
4.146341e-01 
3.658537e-01 
1.707317e-01 
4.878049e-02 
7.317073e-02 
2.439024e-02 
1.951220e-01 
4.390244e-01 
5.365854e-01 
3.902439e-01 
1.829268e-01 
1.219512e-01 
9.756098e-02 
3.902439e-01 
2.439024e-02 
4.146341e-01 
7.317073e-02 
1.097561e-01 
6.341463e-01 
1.951220e-01 
1.463415e-01 
4.634146e-01 
2.439024e-02 
3.414634e-01 
4.878049e-01 
1.707317e-01 
1.951220e-01 
1.707317e-01 
3.658537e-01 
2.560976e-01 
4.878049e-02 
3.658537e-01 
2.195122e-01 
1.219512e-01 
3.902439e-01 
7.317073e-02 
1.463415e-01 
4.634146e-01 
9.756098e-02 
1.951220e-01 
4.878049e-02 
9.756098e-02 
4.756098e-01 
4.390244e-01 
1.219512e-01 
4.146341e-01 
9.756098e-02 
2.439024e-01 
3.292683e-01 
3.414634e-01 
8.292683e-01 
1.707317e-01 
3.414634e-01 
8.536585e-01 
1.219512e-01 
3.658537e-01 
4.390244e-01 
1.707317e-01 
3.902439e-01 
3.170732e-01 
1.219512e-01 
4.146341e-01 
7.317073e-02 
3.658537e-01 
5.853659e-01 
2.682927e-01 
2.439024e-01 
4.146341e-01 
3.414634e-01 
8.292683e-01 
4.878049e-02 
3.170732e-01 
6.097561e-01 
1.219512e-01 
4.390244e-01 
2.560976e-01 
1.707317e-01 
2.195122e-01 
2.682927e-01 
1.951220e-01 
2.439024e-01 
7.317073e-02 
2.926829e-01 
4.634146e-01 
4.878049e-02 
2.560976e-01 
1.951220e-01 
7.317073e-02 
4.146341e-01 
1.707317e-01 
2.926829e-01 
1.951220e-01 
2.195122e-01 
1.951220e-01 
1.707317e-01 
2.682927e-01 
3.414634e-01 
7.317073e-02 
2.682927e-01 
5.121951e-01 
4.146341e-01 
2.926829e-01 
3.902439e-01 
1.951220e-01 
3.170732e-01 
9.756098e-02 
4.146341e-01 
2.195122e-01 
9.756098e-02 
0 
1.219512e-01 
9.756098e-02 
1.951220e-01 
2.195122e-01 
5.609756e-01 
4.878049e-02 
1.951220e-01 
2.439024e-02 
2.926829e-01 
5.365854e-01 
1.951220e-01 
4.878049e-02 
9.756098e-02 
0 
2.439024e-01 
2.195122e-01 
7.317073e-02 
4.146341e-01 
1.463415e-01 
2.439024e-02 
7.317073e-02 
1.463415e-01 
7.317073e-02 
3.658537e-02 
2.439024e-02 
7.317073e-02 
2.682927e-01 
2.682927e-01 
5.121951e-01 
9.756098e-02 
7.317073e-02 
2.439024e-02 
2.195122e-01 
8.048780e-01 
5.365854e-01 
1.829268e-01 
2.439024e-02 
1.219512e-01 
2.439024e-01 
7.073171e-01 
7.317073e-02 
5.121951e-01 
5.609756e-01 
2.682927e-01 
7.317073e-02 
2.439024e-02 
7.317073e-02 
4.390244e-01 
2.926829e-01 
3.414634e-01 
6.585366e-01 
3.170732e-01 
3.170732e-01 
0 
9.756098e-02 
4.634146e-01 
4.390244e-01 
7.317073e-02 
1.463415e-01 
5.853659e-01 
6.585366e-01 
4.878049e-02 
1.707317e-01 
2.195122e-01 
9.756098e-02 
7.317073e-02 
1.707317e-01 
2.682927e-01 
4.390244e-01 
2.682927e-01 
7.317073e-01 
0 
4.878049e-02 
4.878049e-02 
2.195122e-01 
4.878049e-02 
9.756098e-02 
3.414634e-01 
2.926829e-01 
1.219512e-01 
2.195122e-01 
1.097561e-01 
2.439024e-01 
2.682927e-01 
6.341463e-01 
2.439024e-02 
9.756098e-02 
9.756098e-02 
3.170732e-01 
1.707317e-01 
2.439024e-02 
2.439024e-02 
4.878049e-02 
4.878049e-02 
9.756098e-02 
3.292683e-01 
1.707317e-01 
1.219512e-01 
2.926829e-01 
1.463415e-01 
2.682927e-01 
1.707317e-01 
2.195122e-01 
1.219512e-01 
9.756098e-02 
