4.545455e-02 
6.818182e-01 
3.181818e-01 
4.545455e-02 
9.090909e-02 
4.545455e-02 
2.727273e-01 
4.545455e-02 
3.181818e-01 
4.545455e-02 
2.272727e-01 
4.545455e-02 
5.909091e-01 
2.272727e-01 
1.818182e-01 
0 
1.363636e-01 
4.545455e-02 
2.727273e-01 
4.545455e-02 
1.818182e-01 
1.818182e-01 
2.727273e-01 
3.636364e-01 
4.545455e-01 
3.181818e-01 
5.454545e-01 
1.363636e-01 
1.363636e-01 
4.545455e-01 
2.727273e-01 
4.090909e-01 
1.363636e-01 
4.545455e-01 
0 
9.090909e-02 
4.545455e-02 
2.727273e-01 
1.818182e-01 
2.727273e-01 
1.363636e-01 
4.545455e-02 
4.090909e-01 
1.818182e-01 
1.363636e-01 
4.545455e-02 
4.545455e-02 
9.090909e-02 
0 
2.272727e-01 
4.545455e-02 
0 
1.818182e-01 
4.545455e-02 
9.090909e-02 
4.545455e-02 
0 
4.545455e-02 
9.090909e-02 
1.818182e-01 
1.363636e-01 
3.636364e-01 
1.363636e-01 
1.363636e-01 
9.090909e-02 
0 
0 
0 
4.545455e-02 
1.363636e-01 
1.818182e-01 
0 
9.090909e-02 
4.545455e-02 
2.727273e-01 
9.090909e-02 
1.363636e-01 
9.090909e-02 
1.818182e-01 
1.363636e-01 
0 
2.272727e-01 
1.818182e-01 
3.181818e-01 
9.090909e-02 
1.363636e-01 
4.090909e-01 
1.818182e-01 
9.090909e-02 
0 
0 
1.363636e-01 
2.272727e-01 
4.545455e-01 
1.818182e-01 
5.000000e-01 
1.363636e-01 
2.272727e-01 
4.545455e-02 
3.181818e-01 
9.090909e-02 
0 
1.818182e-01 
0 
2.272727e-01 
2.727273e-01 
1.818182e-01 
3.181818e-01 
3.636364e-01 
9.090909e-02 
2.272727e-01 
9.090909e-02 
4.545455e-02 
1.818182e-01 
4.090909e-01 
4.545455e-02 
9.090909e-02 
9.090909e-02 
2.727273e-01 
2.272727e-01 
0 
4.090909e-01 
2.272727e-01 
5.454545e-01 
3.636364e-01 
0 
5.454545e-01 
4.545455e-02 
9.090909e-02 
3.636364e-01 
1.363636e-01 
5.000000e-01 
2.272727e-01 
1.363636e-01 
4.090909e-01 
1.818182e-01 
4.545455e-02 
5.454545e-01 
9.090909e-02 
3.636364e-01 
1.818182e-01 
1.363636e-01 
5.909091e-01 
1.818182e-01 
2.272727e-01 
3.181818e-01 
9.090909e-02 
6.363636e-01 
9.090909e-02 
1.363636e-01 
5.000000e-01 
4.545455e-02 
9.090909e-02 
5.909091e-01 
3.636364e-01 
1.363636e-01 
2.272727e-01 
4.545455e-02 
1.363636e-01 
9.090909e-02 
0 
9.090909e-02 
9.090909e-02 
1.818182e-01 
1.818182e-01 
0 
4.090909e-01 
2.727273e-01 
3.636364e-01 
1.818182e-01 
5.454545e-01 
4.545455e-02 
2.272727e-01 
1.363636e-01 
1.818182e-01 
9.090909e-02 
0 
9.090909e-02 
1.363636e-01 
1.818182e-01 
6.818182e-01 
9.090909e-02 
1.818182e-01 
2.272727e-01 
1.818182e-01 
4.545455e-01 
1.818182e-01 
3.181818e-01 
2.272727e-01 
2.727273e-01 
1.818182e-01 
1.818182e-01 
4.545455e-02 
2.272727e-01 
1.818182e-01 
4.545455e-01 
9.090909e-02 
3.181818e-01 
4.090909e-01 
4.090909e-01 
4.545455e-02 
4.545455e-02 
5.909091e-01 
9.090909e-02 
2.272727e-01 
1.818182e-01 
2.727273e-01 
1.363636e-01 
2.727273e-01 
1.818182e-01 
7.727273e-01 
9.090909e-02 
4.545455e-01 
5.454545e-01 
9.090909e-02 
1.818182e-01 
2.272727e-01 
2.272727e-01 
6.818182e-01 
3.181818e-01 
1.818182e-01 
4.545455e-02 
1.363636e-01 
1.363636e-01 
2.727273e-01 
6.363636e-01 
3.636364e-01 
4.090909e-01 
9.090909e-02 
4.090909e-01 
1.363636e-01 
2.727273e-01 
1.818182e-01 
4.090909e-01 
3.181818e-01 
2.272727e-01 
1.818182e-01 
2.727273e-01 
5.000000e-01 
2.727273e-01 
1.818182e-01 
2.272727e-01 
9.090909e-02 
3.636364e-01 
2.272727e-01 
4.545455e-01 
5.000000e-01 
3.181818e-01 
3.636364e-01 
3.636364e-01 
2.272727e-01 
3.636364e-01 
2.272727e-01 
5.454545e-01 
5.000000e-01 
2.727273e-01 
1.818182e-01 
3.636364e-01 
7.727273e-01 
5.909091e-01 
2.727273e-01 
3.181818e-01 
7.727273e-01 
5.000000e-01 
2.727273e-01 
9.090909e-02 
4.090909e-01 
4.545455e-01 
5.000000e-01 
5.000000e-01 
2.272727e-01 
6.363636e-01 
9.090909e-02 
3.636364e-01 
1.363636e-01 
2.727273e-01 
3.636364e-01 
2.727273e-01 
5.000000e-01 
2.272727e-01 
9.090909e-02 
7.272727e-01 
3.636364e-01 
7.727273e-01 
3.181818e-01 
2.727273e-01 
5.454545e-01 
6.818182e-01 
1.363636e-01 
5.909091e-01 
4.090909e-01 
3.181818e-01 
4.545455e-01 
1.818182e-01 
4.545455e-01 
2.727273e-01 
4.090909e-01 
2.727273e-01 
3.181818e-01 
2.272727e-01 
6.818182e-01 
8.181818e-01 
3.636364e-01 
8.636364e-01 
1.363636e-01 
3.636364e-01 
4.090909e-01 
2.727273e-01 
9.090909e-01 
4.090909e-01 
8.181818e-01 
9.090909e-01 
1.363636e-01 
4.090909e-01 
2.272727e-01 
8.181818e-01 
4.545455e-01 
3.181818e-01 
8.181818e-01 
5.000000e-01 
3.636364e-01 
8.181818e-01 
3.636364e-01 
4.090909e-01 
3.181818e-01 
9.090909e-02 
6.363636e-01 
4.090909e-01 
7.727273e-01 
7.272727e-01 
9.090909e-02 
7.272727e-01 
5.000000e-01 
5.909091e-01 
4.545455e-02 
5.909091e-01 
3.181818e-01 
4.545455e-01 
1.818182e-01 
6.818182e-01 
5.000000e-01 
7.727273e-01 
5.000000e-01 
3.636364e-01 
4.545455e-01 
3.181818e-01 
5.909091e-01 
5.454545e-01 
1 
7.727273e-01 
3.636364e-01 
7.272727e-01 
4.090909e-01 
1.818182e-01 
4.545455e-01 
9.090909e-02 
1.818182e-01 
6.818182e-01 
2.727273e-01 
6.363636e-01 
5.000000e-01 
2.727273e-01 
