4.642857e-01 
1 
3.214286e-01 
2.142857e-01 
3.571429e-01 
3.214286e-01 
2.142857e-01 
3.928571e-01 
2.142857e-01 
3.928571e-01 
9.285714e-01 
4.285714e-01 
2.500000e-01 
6.428571e-01 
3.214286e-01 
2.857143e-01 
3.214286e-01 
2.142857e-01 
4.642857e-01 
3.214286e-01 
1.785714e-01 
4.642857e-01 
2.857143e-01 
4.285714e-01 
4.642857e-01 
2.857143e-01 
7.142857e-01 
7.142857e-01 
4.642857e-01 
3.571429e-01 
7.142857e-02 
1.785714e-01 
2.142857e-01 
2.500000e-01 
2.500000e-01 
0 
2.857143e-01 
2.857143e-01 
3.214286e-01 
3.928571e-01 
3.571429e-01 
4.285714e-01 
4.285714e-01 
2.500000e-01 
2.142857e-01 
4.642857e-01 
3.928571e-01 
2.857143e-01 
3.214286e-01 
5.357143e-01 
3.214286e-01 
2.142857e-01 
3.214286e-01 
3.571429e-01 
2.142857e-01 
2.857143e-01 
2.500000e-01 
7.142857e-02 
7.142857e-02 
5.000000e-01 
4.285714e-01 
1.428571e-01 
0 
2.857143e-01 
2.142857e-01 
1.071429e-01 
2.857143e-01 
2.857143e-01 
2.500000e-01 
7.142857e-02 
4.642857e-01 
2.857143e-01 
1.071429e-01 
2.857143e-01 
5.000000e-01 
2.500000e-01 
3.928571e-01 
2.500000e-01 
3.214286e-01 
4.285714e-01 
1.785714e-01 
1.428571e-01 
3.214286e-01 
1.785714e-01 
1.428571e-01 
3.928571e-01 
1.428571e-01 
3.928571e-01 
2.142857e-01 
2.142857e-01 
1.071429e-01 
2.857143e-01 
1.071429e-01 
2.142857e-01 
3.928571e-01 
1.785714e-01 
4.642857e-01 
2.857143e-01 
3.571429e-01 
2.857143e-01 
4.642857e-01 
5.000000e-01 
4.285714e-01 
4.642857e-01 
2.857143e-01 
3.571429e-01 
2.857143e-01 
6.428571e-01 
4.285714e-01 
4.285714e-01 
6.071429e-01 
2.500000e-01 
5.357143e-01 
4.642857e-01 
4.285714e-01 
8.571429e-01 
2.500000e-01 
2.142857e-01 
5.714286e-01 
3.571429e-01 
1.428571e-01 
3.214286e-01 
3.571429e-01 
7.500000e-01 
5.000000e-01 
3.214286e-01 
6.428571e-01 
3.928571e-01 
1.785714e-01 
6.785714e-01 
5.000000e-01 
4.285714e-01 
3.928571e-01 
4.285714e-01 
3.214286e-01 
6.428571e-01 
4.642857e-01 
6.428571e-01 
6.428571e-01 
5.357143e-01 
5.357143e-01 
4.821429e-01 
7.857143e-01 
4.285714e-01 
1.785714e-01 
2.500000e-01 
4.642857e-01 
5.000000e-01 
3.571429e-01 
1.428571e-01 
5.000000e-01 
4.285714e-01 
5.357143e-01 
6.071429e-01 
7.142857e-01 
6.071429e-01 
4.642857e-01 
5.357143e-01 
2.500000e-01 
3.214286e-01 
1.785714e-01 
3.571429e-01 
2.857143e-01 
2.857143e-01 
3.214286e-01 
1.785714e-01 
3.214286e-01 
3.214286e-01 
2.857143e-01 
3.214286e-01 
2.142857e-01 
3.214286e-01 
2.142857e-01 
1.428571e-01 
5.000000e-01 
4.285714e-01 
2.857143e-01 
5.000000e-01 
2.857143e-01 
2.857143e-01 
1.785714e-01 
3.928571e-01 
1.071429e-01 
2.500000e-01 
3.214286e-01 
4.642857e-01 
2.857143e-01 
4.642857e-01 
1.785714e-01 
4.642857e-01 
3.928571e-01 
3.928571e-01 
2.500000e-01 
1.428571e-01 
7.857143e-01 
2.857143e-01 
2.142857e-01 
5.714286e-01 
3.214286e-01 
5.714286e-01 
2.142857e-01 
3.571429e-01 
5.357143e-01 
4.285714e-01 
1.785714e-01 
4.642857e-01 
4.642857e-01 
3.214286e-01 
6.785714e-01 
5.000000e-01 
5.714286e-01 
2.500000e-01 
1.785714e-01 
3.571429e-01 
4.285714e-01 
2.500000e-01 
5.714286e-01 
2.857143e-01 
5.714286e-01 
2.142857e-01 
4.285714e-01 
5.714286e-01 
2.500000e-01 
3.571429e-01 
4.642857e-01 
3.214286e-01 
3.928571e-01 
4.642857e-01 
3.928571e-01 
7.142857e-01 
4.285714e-01 
3.214286e-01 
2.500000e-01 
1.785714e-01 
6.785714e-01 
3.214286e-01 
6.428571e-01 
3.571429e-01 
4.642857e-01 
4.285714e-01 
3.928571e-01 
5.714286e-01 
1 
2.142857e-01 
6.428571e-01 
3.928571e-01 
6.785714e-01 
6.785714e-01 
3.214286e-01 
3.928571e-01 
3.571429e-01 
9.285714e-01 
7.142857e-01 
1.785714e-01 
5.714286e-01 
7.142857e-01 
3.571429e-01 
4.285714e-01 
7.142857e-01 
8.214286e-01 
5.714286e-01 
7.142857e-01 
6.785714e-01 
3.928571e-01 
5.357143e-01 
5.714286e-01 
5.000000e-01 
4.285714e-01 
3.571429e-01 
5.000000e-01 
6.071429e-01 
7.500000e-01 
6.785714e-01 
8.571429e-01 
3.571429e-01 
6.071429e-01 
3.214286e-01 
6.071429e-01 
5.357143e-01 
4.642857e-01 
4.285714e-01 
6.071429e-01 
3.928571e-01 
7.500000e-01 
5.357143e-01 
7.857143e-01 
8.571429e-01 
5.714286e-01 
4.642857e-01 
4.285714e-01 
6.785714e-01 
3.928571e-01 
4.285714e-01 
9.642857e-01 
6.785714e-01 
6.071429e-01 
4.285714e-01 
2.857143e-01 
5.357143e-01 
5.000000e-01 
3.928571e-01 
4.285714e-01 
4.642857e-01 
5.357143e-01 
5.714286e-01 
2.857143e-01 
5.000000e-01 
6.071429e-01 
6.428571e-01 
2.857143e-01 
5.357143e-01 
7.142857e-01 
4.642857e-01 
3.928571e-01 
6.785714e-01 
5.357143e-01 
7.857143e-01 
3.571429e-01 
7.142857e-01 
7.500000e-01 
5.714286e-01 
6.428571e-01 
6.071429e-01 
5.000000e-01 
6.071429e-01 
7.857143e-01 
6.785714e-01 
3.571429e-01 
4.285714e-01 
7.142857e-01 
3.928571e-01 
1.071429e-01 
6.071429e-01 
6.071429e-01 
6.071429e-01 
4.642857e-01 
3.571429e-01 
8.571429e-01 
3.214286e-01 
4.642857e-01 
7.500000e-01 
3.214286e-01 
1.785714e-01 
8.928571e-01 
6.071429e-01 
7.857143e-01 
5.357143e-01 
5.714286e-01 
9.285714e-01 
5.000000e-01 
6.785714e-01 
7.500000e-01 
6.071429e-01 
5.000000e-01 
4.642857e-01 
7.500000e-01 
4.285714e-01 
4.642857e-01 
5.714286e-01 
7.500000e-01 
4.642857e-01 
5.000000e-01 
