5.428571e-01 
2.857143e-02 
5.714286e-01 
3.714286e-01 
5.714286e-02 
4.285714e-01 
4.571429e-01 
2.857143e-01 
4.857143e-01 
6.285714e-01 
3.428571e-01 
1.714286e-01 
2.000000e-01 
3.714286e-01 
9.428571e-01 
1.428571e-01 
4.000000e-01 
2.571429e-01 
4.857143e-01 
5.428571e-01 
1.142857e-01 
1.142857e-01 
5.428571e-01 
3.428571e-01 
2.285714e-01 
4.000000e-01 
4.571429e-01 
2.285714e-01 
2.857143e-02 
1.428571e-01 
5.142857e-01 
2.571429e-01 
1.428571e-01 
2.285714e-01 
1.714286e-01 
3.428571e-01 
4.571429e-01 
6.285714e-01 
4.857143e-01 
1.142857e-01 
2.857143e-02 
3.714286e-01 
3.714286e-01 
1.714286e-01 
1.714286e-01 
3.714286e-01 
3.428571e-01 
2.857143e-02 
2.857143e-01 
2.000000e-01 
2.571429e-01 
4.000000e-01 
3.428571e-01 
3.714286e-01 
5.714286e-02 
4.285714e-01 
3.142857e-01 
1.428571e-01 
2.000000e-01 
3.714286e-01 
3.428571e-01 
4.571429e-01 
2.571429e-01 
3.142857e-01 
1.714286e-01 
4.000000e-01 
1.714286e-01 
1.142857e-01 
4.857143e-01 
4.285714e-01 
4.285714e-01 
8.571429e-02 
1.142857e-01 
2.857143e-01 
4.285714e-01 
2.285714e-01 
8.571429e-02 
1.714286e-01 
4.000000e-01 
2.285714e-01 
1.428571e-01 
2.571429e-01 
3.714286e-01 
3.428571e-01 
5.714286e-01 
1 
4.571429e-01 
6.000000e-01 
1.714286e-01 
1.142857e-01 
1.714286e-01 
4.857143e-01 
4.285714e-01 
6.000000e-01 
3.714286e-01 
4.571429e-01 
2.000000e-01 
2.285714e-01 
2.857143e-01 
2.571429e-01 
3.428571e-01 
2.285714e-01 
4.000000e-01 
1.714286e-01 
1.142857e-01 
3.142857e-01 
1.428571e-01 
2.285714e-01 
2.571429e-01 
2.285714e-01 
2.000000e-01 
2.000000e-01 
1.428571e-01 
1.428571e-01 
5.714286e-02 
2.857143e-01 
1.428571e-01 
2.857143e-01 
4.000000e-01 
2.285714e-01 
2.571429e-01 
3.428571e-01 
4.000000e-01 
1.428571e-01 
3.714286e-01 
1.142857e-01 
5.142857e-01 
8.571429e-02 
1.428571e-01 
8.571429e-02 
2.857143e-02 
8.571429e-02 
2.571429e-01 
3.428571e-01 
3.142857e-01 
1.142857e-01 
1.428571e-01 
2.571429e-01 
1.428571e-01 
1.428571e-01 
2.857143e-01 
2.285714e-01 
6.857143e-01 
2.571429e-01 
2.285714e-01 
2.285714e-01 
1.428571e-01 
3.714286e-01 
2.000000e-01 
5.714286e-02 
3.142857e-01 
5.714286e-02 
2.857143e-02 
8.571429e-02 
1.142857e-01 
1.714286e-01 
3.428571e-01 
2.000000e-01 
5.142857e-01 
3.714286e-01 
2.000000e-01 
3.428571e-01 
3.142857e-01 
1.428571e-01 
3.428571e-01 
2.857143e-01 
3.428571e-01 
3.428571e-01 
2.571429e-01 
3.714286e-01 
6.285714e-01 
3.714286e-01 
3.714286e-01 
1.714286e-01 
2.571429e-01 
1.428571e-01 
5.714286e-02 
3.428571e-01 
3.428571e-01 
3.714286e-01 
2.285714e-01 
4.000000e-01 
6.000000e-01 
4.285714e-01 
2.000000e-01 
2.285714e-01 
1.714286e-01 
1.714286e-01 
3.428571e-01 
3.428571e-01 
4.571429e-01 
2.000000e-01 
1.142857e-01 
3.714286e-01 
1.714286e-01 
1.142857e-01 
2.571429e-01 
2.857143e-01 
4.857143e-01 
3.714286e-01 
1.142857e-01 
2.285714e-01 
3.142857e-01 
2.000000e-01 
3.714286e-01 
3.142857e-01 
3.714286e-01 
3.142857e-01 
8.571429e-02 
1.714286e-01 
3.714286e-01 
2.000000e-01 
3.142857e-01 
2.571429e-01 
3.714286e-01 
3.428571e-01 
2.000000e-01 
2.000000e-01 
4.571429e-01 
2.000000e-01 
2.571429e-01 
2.571429e-01 
3.428571e-01 
1.714286e-01 
2.857143e-01 
3.428571e-01 
4.000000e-01 
2.000000e-01 
4.571429e-01 
1.428571e-01 
2.857143e-01 
2.857143e-01 
3.714286e-01 
1.714286e-01 
2.857143e-01 
1.142857e-01 
3.142857e-01 
8.571429e-02 
4.000000e-01 
1.714286e-01 
2.285714e-01 
4.285714e-01 
3.714286e-01 
2.000000e-01 
3.714286e-01 
2.000000e-01 
3.428571e-01 
3.428571e-01 
2.571429e-01 
2.571429e-01 
2.571429e-01 
2.285714e-01 
2.000000e-01 
1.714286e-01 
1.428571e-01 
2.285714e-01 
1.428571e-01 
1.714286e-01 
5.142857e-01 
5.714286e-02 
5.714286e-02 
8.571429e-02 
2.857143e-01 
8.571429e-02 
5.714286e-02 
2.000000e-01 
1.714286e-01 
3.428571e-01 
1.714286e-01 
1.428571e-01 
4.857143e-01 
1.714286e-01 
1.142857e-01 
1.142857e-01 
2.285714e-01 
1.714286e-01 
3.142857e-01 
1.428571e-01 
1.142857e-01 
1.714286e-01 
1.142857e-01 
1.428571e-01 
2.857143e-02 
8.571429e-02 
8.571429e-02 
2.857143e-02 
2.857143e-01 
5.714286e-02 
8.571429e-02 
2.571429e-01 
2.857143e-01 
8.571429e-02 
1.142857e-01 
5.714286e-02 
5.714286e-01 
1.714286e-01 
5.714286e-02 
8.571429e-02 
3.714286e-01 
2.857143e-01 
1.714286e-01 
2.571429e-01 
3.428571e-01 
3.428571e-01 
4.571429e-01 
5.714286e-02 
8.571429e-02 
2.000000e-01 
8.571429e-02 
8.571429e-02 
1.428571e-01 
2.571429e-01 
2.000000e-01 
1.428571e-01 
2.857143e-02 
2.857143e-02 
5.714286e-02 
2.285714e-01 
8.571429e-02 
5.714286e-02 
1.142857e-01 
2.000000e-01 
1.428571e-01 
2.285714e-01 
8.571429e-02 
5.714286e-02 
1.714286e-01 
1.714286e-01 
1.714286e-01 
1.428571e-01 
1.142857e-01 
2.571429e-01 
1.142857e-01 
8.571429e-02 
1.428571e-01 
2.857143e-02 
1.428571e-01 
8.571429e-02 
1.428571e-01 
3.142857e-01 
2.571429e-01 
2.000000e-01 
1.428571e-01 
2.000000e-01 
3.142857e-01 
8.571429e-02 
1.428571e-01 
2.000000e-01 
1.714286e-01 
1.714286e-01 
2.285714e-01 
5.714286e-02 
1.142857e-01 
1.428571e-01 
3.714286e-01 
5.714286e-02 
8.571429e-02 
1.142857e-01 
2.571429e-01 
1.428571e-01 
2.857143e-01 
2.000000e-01 
