8.461538e-01 
3.846154e-01 
5.384615e-01 
1.538462e-01 
0 
7.692308e-02 
0 
1.538462e-01 
1.538462e-01 
0 
5.384615e-01 
7.692308e-02 
2.307692e-01 
7.692308e-02 
2.307692e-01 
0 
7.692308e-02 
7.692308e-02 
2.307692e-01 
0 
0 
0 
0 
0 
0 
7.692308e-02 
1.538462e-01 
1.538462e-01 
7.692308e-02 
0 
6.153846e-01 
1.538462e-01 
2.307692e-01 
2.307692e-01 
7.692308e-02 
1.538462e-01 
1.538462e-01 
3.076923e-01 
1.538462e-01 
7.692308e-02 
3.076923e-01 
3.076923e-01 
1.538462e-01 
1.538462e-01 
7.692308e-02 
1.538462e-01 
0 
7.692308e-02 
3.846154e-01 
1.538462e-01 
3.076923e-01 
7.692308e-02 
7.692308e-02 
1.538462e-01 
2.307692e-01 
1.538462e-01 
7.692308e-02 
2.307692e-01 
0 
2.307692e-01 
3.076923e-01 
7.692308e-02 
3.076923e-01 
6.153846e-01 
0 
2.307692e-01 
3.076923e-01 
2.307692e-01 
7.692308e-02 
2.307692e-01 
7.692308e-02 
7.692308e-02 
7.692308e-02 
7.692308e-02 
1.538462e-01 
0 
7.692308e-02 
7.692308e-02 
5.384615e-01 
2.307692e-01 
2.307692e-01 
0 
3.076923e-01 
3.076923e-01 
0 
0 
0 
1.538462e-01 
2.307692e-01 
7.692308e-02 
0 
3.076923e-01 
2.307692e-01 
7.692308e-02 
3.846154e-01 
3.076923e-01 
1.538462e-01 
7.692308e-02 
7.692308e-02 
0 
0 
1.538462e-01 
2.307692e-01 
0 
7.692308e-02 
7.692308e-02 
2.307692e-01 
4.615385e-01 
0 
7.692308e-02 
7.692308e-02 
3.076923e-01 
6.153846e-01 
7.692308e-02 
0 
7.692308e-02 
7.692308e-02 
1.538462e-01 
1.538462e-01 
2.307692e-01 
2.307692e-01 
1.538462e-01 
7.692308e-02 
7.692308e-02 
0 
2.307692e-01 
1.538462e-01 
7.692308e-02 
3.076923e-01 
0 
0 
0 
7.692308e-02 
1.538462e-01 
1.538462e-01 
7.692308e-02 
3.076923e-01 
0 
7.692308e-02 
1.538462e-01 
0 
7.692308e-02 
1.538462e-01 
2.307692e-01 
2.307692e-01 
1.538462e-01 
7.692308e-02 
7.692308e-02 
7.692308e-02 
0 
1.538462e-01 
7.692308e-02 
1.538462e-01 
1.538462e-01 
7.692308e-02 
7.692308e-02 
7.692308e-02 
1.538462e-01 
8.461538e-01 
1.538462e-01 
7.692308e-02 
1 
0 
9.230769e-01 
1.538462e-01 
1.538462e-01 
3.076923e-01 
7.692308e-02 
2.307692e-01 
6.923077e-01 
7.692308e-02 
6.923077e-01 
7.692308e-02 
0 
3.846154e-01 
0 
7.692308e-02 
3.846154e-01 
1.538462e-01 
3.846154e-01 
0 
0 
6.153846e-01 
7.692308e-02 
3.076923e-01 
3.076923e-01 
0 
7.692308e-02 
2.307692e-01 
0 
7.692308e-01 
7.692308e-02 
7.692308e-02 
3.846154e-01 
7.692308e-02 
3.846154e-01 
7.692308e-02 
0 
7.692308e-02 
0 
0 
3.076923e-01 
0 
1.538462e-01 
7.692308e-02 
0 
2.307692e-01 
0 
2.307692e-01 
2.307692e-01 
0 
1.538462e-01 
0 
0 
7.692308e-02 
0 
7.692308e-02 
7.692308e-02 
0 
7.692308e-02 
2.307692e-01 
0 
7.692308e-02 
7.692308e-02 
0 
1.538462e-01 
2.307692e-01 
0 
7.692308e-02 
0 
3.076923e-01 
0 
1.538462e-01 
0 
7.692308e-02 
7.692308e-02 
0 
0 
0 
1.538462e-01 
1.538462e-01 
7.692308e-02 
7.692308e-02 
1.538462e-01 
0 
1.538462e-01 
1.538462e-01 
1.538462e-01 
7.692308e-02 
0 
7.692308e-02 
0 
3.076923e-01 
0 
0 
7.692308e-02 
2.307692e-01 
7.692308e-02 
3.076923e-01 
1.538462e-01 
7.692308e-02 
0 
2.307692e-01 
7.692308e-02 
7.692308e-02 
0 
0 
2.307692e-01 
0 
1.538462e-01 
5.384615e-01 
2.307692e-01 
0 
0 
7.692308e-02 
3.846154e-01 
1.538462e-01 
1.538462e-01 
3.076923e-01 
0 
2.307692e-01 
0 
3.076923e-01 
7.692308e-02 
0 
0 
2.307692e-01 
3.076923e-01 
7.692308e-02 
7.692308e-02 
7.692308e-02 
2.307692e-01 
0 
1.538462e-01 
0 
1.538462e-01 
0 
0 
1.538462e-01 
1.538462e-01 
1.538462e-01 
7.692308e-02 
1.538462e-01 
2.307692e-01 
7.692308e-02 
0 
7.692308e-02 
0 
0 
0 
1.538462e-01 
0 
3.076923e-01 
1.538462e-01 
7.692308e-02 
1.538462e-01 
0 
0 
7.692308e-02 
0 
7.692308e-02 
7.692308e-02 
2.307692e-01 
0 
0 
0 
2.307692e-01 
0 
1.538462e-01 
1.538462e-01 
7.692308e-02 
0 
7.692308e-02 
1.538462e-01 
7.692308e-02 
7.692308e-02 
0 
7.692308e-02 
1.538462e-01 
7.692308e-02 
1.538462e-01 
1.538462e-01 
1.538462e-01 
1.538462e-01 
1.538462e-01 
1.538462e-01 
7.692308e-02 
7.692308e-02 
7.692308e-02 
7.692308e-02 
2.307692e-01 
0 
1.538462e-01 
0 
1.538462e-01 
7.692308e-02 
0 
0 
7.692308e-02 
2.307692e-01 
0 
1.538462e-01 
