5.982906e-01 
4.615385e-01 
6.495726e-01 
7.521368e-01 
2.905983e-01 
2.222222e-01 
4.786325e-01 
4.957265e-01 
6.153846e-01 
7.008547e-01 
7.692308e-01 
7.179487e-01 
5.128205e-01 
6.837607e-01 
3.760684e-01 
3.418803e-01 
3.589744e-01 
2.564103e-01 
7.179487e-01 
6.666667e-01 
6.153846e-01 
2.905983e-01 
4.615385e-01 
1.880342e-01 
4.273504e-01 
6.837607e-01 
1 
7.350427e-01 
5.641026e-01 
5.299145e-01 
5.982906e-01 
4.615385e-01 
6.837607e-01 
4.786325e-01 
3.247863e-01 
6.837607e-02 
1.709402e-01 
2.222222e-01 
9.059829e-01 
5.811966e-01 
5.811966e-01 
7.179487e-01 
6.666667e-01 
4.786325e-01 
5.811966e-01 
8.034188e-01 
7.521368e-01 
5.897436e-01 
6.324786e-01 
2.564103e-01 
4.871795e-01 
3.931624e-01 
5.982906e-01 
8.717949e-01 
7.692308e-01 
7.692308e-01 
7.179487e-01 
5.299145e-01 
2.222222e-01 
4.102564e-01 
4.615385e-01 
5.128205e-01 
4.273504e-01 
2.393162e-01 
3.247863e-01 
3.589744e-01 
2.905983e-01 
1.538462e-01 
1.880342e-01 
2.564103e-01 
9.230769e-01 
4.444444e-01 
4.273504e-01 
5.811966e-01 
7.350427e-01 
6.495726e-01 
5.641026e-01 
5.641026e-01 
6.324786e-01 
4.871795e-01 
5.470085e-01 
2.393162e-01 
2.051282e-01 
2.735043e-01 
3.931624e-01 
8.888889e-01 
7.008547e-01 
8.034188e-01 
7.350427e-01 
3.418803e-01 
2.051282e-01 
3.418803e-01 
1.709402e-01 
5.470085e-01 
2.393162e-01 
2.820513e-01 
3.931624e-01 
3.247863e-01 
3.846154e-01 
1.794872e-01 
1.794872e-01 
2.051282e-01 
2.735043e-01 
3.418803e-01 
3.076923e-01 
2.735043e-01 
3.076923e-01 
4.786325e-01 
7.179487e-01 
3.931624e-01 
5.897436e-01 
5.982906e-01 
5.299145e-01 
3.418803e-01 
3.247863e-01 
1.709402e-01 
2.393162e-01 
4.102564e-01 
2.564103e-01 
2.051282e-01 
3.418803e-01 
6.153846e-01 
6.324786e-01 
4.358974e-01 
2.735043e-01 
1.538462e-01 
5.128205e-01 
6.324786e-01 
4.615385e-01 
2.735043e-01 
2.905983e-01 
5.128205e-01 
4.444444e-01 
5.641026e-01 
3.418803e-01 
4.102564e-01 
5.982906e-01 
5.470085e-01 
6.153846e-01 
6.153846e-01 
4.615385e-01 
3.076923e-01 
5.641026e-01 
4.786325e-01 
6.324786e-01 
5.470085e-01 
5.811966e-01 
3.247863e-01 
1.709402e-01 
4.102564e-01 
3.931624e-01 
6.666667e-01 
5.641026e-01 
4.615385e-01 
8.547009e-01 
3.931624e-01 
5.299145e-01 
3.760684e-01 
2.051282e-01 
1.367521e-01 
2.222222e-01 
1.196581e-01 
1.025641e-01 
3.247863e-01 
1.025641e-01 
1.367521e-01 
1.025641e-01 
2.051282e-01 
2.393162e-01 
4.102564e-01 
4.786325e-01 
4.615385e-01 
4.102564e-01 
1.282051e-01 
3.076923e-01 
3.589744e-01 
2.564103e-01 
1.880342e-01 
6.837607e-02 
3.076923e-01 
6.324786e-01 
4.957265e-01 
5.811966e-01 
7.179487e-01 
5.470085e-01 
4.957265e-01 
2.393162e-01 
8.547009e-02 
1.367521e-01 
1.367521e-01 
4.957265e-01 
5.128205e-01 
5.299145e-01 
2.051282e-01 
1.538462e-01 
4.102564e-01 
4.273504e-01 
4.957265e-01 
4.444444e-01 
5.470085e-01 
5.811966e-01 
4.615385e-01 
5.128205e-01 
2.735043e-01 
2.564103e-01 
1.880342e-01 
2.393162e-01 
2.564103e-01 
4.358974e-01 
5.641026e-01 
4.957265e-01 
6.410256e-01 
5.641026e-01 
2.905983e-01 
5.128205e-01 
3.760684e-01 
4.786325e-01 
3.931624e-01 
4.444444e-01 
3.418803e-01 
4.444444e-01 
2.222222e-01 
2.222222e-01 
5.128205e-02 
5.641026e-01 
3.247863e-01 
1.709402e-01 
1.538462e-01 
2.393162e-01 
1.367521e-01 
1.880342e-01 
3.076923e-01 
2.820513e-01 
3.931624e-01 
4.273504e-01 
3.076923e-01 
5.299145e-01 
2.905983e-01 
1.880342e-01 
2.051282e-01 
2.307692e-01 
2.222222e-01 
4.615385e-01 
3.931624e-01 
1.880342e-01 
2.393162e-01 
5.641026e-01 
3.333333e-01 
4.615385e-01 
3.076923e-01 
3.076923e-01 
1.538462e-01 
3.760684e-01 
3.247863e-01 
3.931624e-01 
6.324786e-01 
4.957265e-01 
5.811966e-01 
7.692308e-01 
6.495726e-01 
7.521368e-01 
5.811966e-01 
8.376068e-01 
9.059829e-01 
7.521368e-01 
3.760684e-01 
1.196581e-01 
3.418803e-01 
5.811966e-01 
6.153846e-01 
6.153846e-01 
9.230769e-01 
7.350427e-01 
4.273504e-01 
2.905983e-01 
3.760684e-01 
6.666667e-01 
7.863248e-01 
5.128205e-01 
5.982906e-01 
4.615385e-01 
5.128205e-01 
7.008547e-01 
6.324786e-01 
5.470085e-01 
6.153846e-01 
7.863248e-01 
5.299145e-01 
6.410256e-01 
5.641026e-01 
4.786325e-01 
3.589744e-01 
6.837607e-01 
5.982906e-01 
5.641026e-01 
8.376068e-01 
7.350427e-01 
6.153846e-01 
3.418803e-01 
3.589744e-01 
4.102564e-01 
5.470085e-01 
2.820513e-01 
3.931624e-01 
7.692308e-01 
5.384615e-01 
4.444444e-01 
2.905983e-01 
3.589744e-01 
4.102564e-01 
6.495726e-01 
6.324786e-01 
5.128205e-01 
5.641026e-01 
5.641026e-01 
6.153846e-01 
5.811966e-01 
3.247863e-01 
4.102564e-01 
7.435897e-01 
4.957265e-01 
4.786325e-01 
3.931624e-01 
6.324786e-01 
6.153846e-01 
3.333333e-01 
3.589744e-01 
2.564103e-01 
5.470085e-01 
4.273504e-01 
2.222222e-01 
3.931624e-01 
5.470085e-01 
4.444444e-01 
8.547009e-01 
5.982906e-01 
4.786325e-01 
2.222222e-01 
4.786325e-01 
4.273504e-01 
6.153846e-01 
3.418803e-01 
5.641026e-01 
8.034188e-01 
4.786325e-01 
3.931624e-01 
3.846154e-01 
4.957265e-01 
4.102564e-01 
4.444444e-01 
5.641026e-01 
6.324786e-01 
6.837607e-01 
3.760684e-01 
7.863248e-01 
3.931624e-01 
2.222222e-01 
1.538462e-01 
1.880342e-01 
2.393162e-01 
4.786325e-01 
5.470085e-01 
