7.751938e-01 
6.046512e-01 
7.209302e-01 
7.286822e-01 
6.976744e-01 
6.201550e-01 
6.279070e-01 
4.651163e-01 
7.131783e-01 
8.217054e-01 
5.271318e-01 
5.116279e-01 
4.341085e-01 
4.496124e-01 
7.286822e-01 
8.372093e-01 
6.821705e-01 
9.147287e-01 
6.511628e-01 
6.201550e-01 
6.821705e-01 
6.666667e-01 
6.666667e-01 
6.821705e-01 
6.976744e-01 
7.286822e-01 
7.751938e-01 
5.891473e-01 
4.961240e-01 
5.891473e-01 
6.666667e-01 
8.682171e-01 
6.666667e-01 
5.581395e-01 
6.511628e-01 
7.286822e-01 
6.666667e-01 
7.596899e-01 
5.271318e-01 
6.356589e-01 
5.426357e-01 
6.201550e-01 
5.891473e-01 
5.271318e-01 
4.496124e-01 
5.271318e-01 
6.666667e-01 
7.751938e-01 
5.891473e-01 
5.426357e-01 
4.651163e-01 
6.356589e-01 
6.666667e-01 
8.527132e-01 
8.372093e-01 
6.821705e-01 
4.651163e-01 
5.736434e-01 
4.806202e-01 
6.046512e-01 
5.891473e-01 
8.372093e-01 
6.356589e-01 
6.821705e-01 
7.441860e-01 
9.147287e-01 
8.604651e-01 
6.976744e-01 
6.666667e-01 
1 
5.271318e-01 
7.131783e-01 
6.356589e-01 
6.511628e-01 
6.201550e-01 
5.116279e-01 
4.961240e-01 
5.736434e-01 
8.992248e-01 
7.131783e-01 
6.821705e-01 
7.751938e-01 
8.372093e-01 
7.751938e-01 
8.372093e-01 
6.976744e-01 
6.356589e-01 
7.751938e-01 
7.596899e-01 
7.441860e-01 
6.666667e-01 
7.751938e-01 
8.527132e-01 
7.596899e-01 
5.891473e-01 
7.596899e-01 
6.046512e-01 
9.612403e-01 
6.666667e-01 
6.744186e-01 
4.806202e-01 
6.666667e-01 
6.046512e-01 
7.906977e-01 
4.496124e-01 
5.736434e-01 
7.596899e-01 
5.426357e-01 
6.201550e-01 
6.511628e-01 
6.356589e-01 
6.511628e-01 
5.426357e-01 
6.821705e-01 
7.441860e-01 
4.341085e-01 
6.279070e-01 
5.581395e-01 
6.046512e-01 
6.511628e-01 
7.441860e-01 
7.751938e-01 
5.426357e-01 
5.581395e-01 
5.271318e-01 
5.736434e-01 
5.271318e-01 
6.201550e-01 
4.496124e-01 
5.116279e-01 
6.046512e-01 
5.426357e-01 
4.961240e-01 
5.426357e-01 
5.271318e-01 
6.511628e-01 
6.511628e-01 
6.201550e-01 
6.976744e-01 
4.961240e-01 
6.356589e-01 
6.046512e-01 
6.201550e-01 
5.891473e-01 
6.511628e-01 
6.666667e-01 
4.961240e-01 
6.046512e-01 
5.736434e-01 
5.271318e-01 
4.496124e-01 
5.116279e-01 
6.666667e-01 
5.426357e-01 
4.496124e-01 
5.581395e-01 
4.651163e-01 
3.565891e-01 
8.217054e-01 
7.751938e-01 
8.682171e-01 
6.201550e-01 
8.837209e-01 
7.751938e-01 
7.906977e-01 
8.372093e-01 
4.961240e-01 
6.666667e-01 
6.666667e-01 
7.596899e-01 
7.906977e-01 
6.666667e-01 
6.666667e-01 
7.441860e-01 
6.356589e-01 
6.976744e-01 
6.356589e-01 
6.821705e-01 
7.131783e-01 
7.286822e-01 
6.821705e-01 
9.767442e-01 
6.666667e-01 
6.046512e-01 
7.441860e-01 
6.046512e-01 
7.441860e-01 
6.046512e-01 
6.821705e-01 
9.147287e-01 
7.596899e-01 
6.046512e-01 
7.286822e-01 
4.341085e-01 
7.596899e-01 
6.201550e-01 
5.581395e-01 
7.286822e-01 
4.806202e-01 
7.751938e-01 
7.286822e-01 
6.511628e-01 
5.891473e-01 
5.581395e-01 
6.356589e-01 
7.131783e-01 
5.116279e-01 
8.217054e-01 
5.271318e-01 
7.441860e-01 
7.131783e-01 
6.046512e-01 
5.116279e-01 
7.131783e-01 
4.651163e-01 
5.891473e-01 
5.271318e-01 
5.426357e-01 
5.581395e-01 
6.666667e-01 
7.286822e-01 
6.511628e-01 
7.596899e-01 
5.426357e-01 
6.976744e-01 
6.279070e-01 
7.596899e-01 
5.426357e-01 
6.976744e-01 
6.356589e-01 
5.891473e-01 
6.046512e-01 
5.581395e-01 
3.720930e-01 
6.821705e-01 
4.806202e-01 
7.441860e-01 
5.736434e-01 
6.356589e-01 
5.116279e-01 
6.666667e-01 
5.736434e-01 
6.666667e-01 
6.201550e-01 
6.666667e-01 
4.806202e-01 
6.046512e-01 
5.116279e-01 
6.046512e-01 
4.883721e-01 
6.511628e-01 
3.255814e-01 
5.426357e-01 
4.186047e-01 
5.736434e-01 
4.806202e-01 
5.426357e-01 
6.511628e-01 
6.356589e-01 
5.348837e-01 
4.651163e-01 
5.736434e-01 
6.511628e-01 
5.736434e-01 
6.046512e-01 
5.891473e-01 
5.736434e-01 
6.046512e-01 
5.271318e-01 
5.426357e-01 
6.821705e-01 
7.596899e-01 
6.201550e-01 
6.511628e-01 
5.891473e-01 
6.976744e-01 
7.286822e-01 
6.356589e-01 
4.806202e-01 
4.186047e-01 
4.806202e-01 
3.953488e-01 
5.891473e-01 
4.341085e-01 
5.116279e-01 
5.581395e-01 
4.806202e-01 
5.891473e-01 
5.426357e-01 
5.116279e-01 
4.961240e-01 
6.744186e-01 
4.961240e-01 
5.271318e-01 
5.736434e-01 
4.883721e-01 
4.806202e-01 
4.961240e-01 
6.201550e-01 
4.496124e-01 
6.201550e-01 
6.356589e-01 
4.806202e-01 
4.341085e-01 
5.891473e-01 
3.255814e-01 
5.271318e-01 
5.271318e-01 
5.116279e-01 
4.651163e-01 
6.356589e-01 
5.271318e-01 
6.046512e-01 
4.651163e-01 
4.806202e-01 
5.271318e-01 
5.271318e-01 
4.961240e-01 
5.116279e-01 
5.891473e-01 
5.426357e-01 
5.348837e-01 
6.511628e-01 
5.116279e-01 
4.031008e-01 
4.031008e-01 
7.441860e-01 
6.511628e-01 
5.891473e-01 
6.046512e-01 
6.356589e-01 
5.116279e-01 
6.356589e-01 
5.116279e-01 
5.348837e-01 
4.031008e-01 
6.046512e-01 
4.651163e-01 
5.426357e-01 
6.356589e-01 
6.976744e-01 
6.356589e-01 
4.961240e-01 
5.271318e-01 
5.116279e-01 
5.116279e-01 
5.116279e-01 
4.806202e-01 
6.201550e-01 
6.201550e-01 
6.201550e-01 
6.201550e-01 
6.046512e-01 
4.806202e-01 
5.271318e-01 
5.116279e-01 
6.666667e-01 
5.581395e-01 
7.596899e-01 
5.271318e-01 
6.976744e-01 
5.271318e-01 
