9.047619e-01 
2.857143e-01 
4.761905e-01 
1 
5.714286e-01 
5.714286e-01 
2.380952e-01 
7.142857e-01 
7.142857e-01 
2.380952e-01 
3.333333e-01 
9.523810e-01 
8.571429e-01 
5.238095e-01 
9.523810e-02 
4.285714e-01 
1.428571e-01 
1.904762e-01 
1.904762e-01 
4.285714e-01 
8.571429e-01 
3.333333e-01 
2.380952e-01 
3.809524e-01 
3.333333e-01 
1.428571e-01 
2.857143e-01 
1.904762e-01 
6.666667e-01 
1.904762e-01 
5.714286e-01 
6.190476e-01 
1.428571e-01 
3.333333e-01 
6.190476e-01 
2.380952e-01 
3.809524e-01 
2.380952e-01 
4.761905e-01 
4.285714e-01 
9.523810e-02 
1.904762e-01 
3.333333e-01 
3.809524e-01 
3.809524e-01 
5.238095e-01 
6.666667e-01 
3.333333e-01 
0 
4.761905e-01 
4.285714e-01 
2.857143e-01 
1.428571e-01 
9.523810e-02 
2.380952e-01 
9.523810e-02 
4.761905e-01 
3.809524e-01 
5.714286e-01 
2.380952e-01 
2.857143e-01 
2.857143e-01 
7.142857e-01 
3.809524e-01 
1.428571e-01 
1.428571e-01 
9.523810e-02 
1.428571e-01 
1.904762e-01 
2.857143e-01 
2.857143e-01 
5.238095e-01 
1.428571e-01 
2.380952e-01 
2.857143e-01 
3.809524e-01 
9.523810e-02 
1.904762e-01 
2.380952e-01 
8.571429e-01 
3.333333e-01 
4.761905e-02 
7.619048e-01 
3.333333e-01 
1.428571e-01 
1.904762e-01 
9.523810e-02 
2.857143e-01 
4.761905e-01 
7.619048e-01 
9.523810e-02 
4.761905e-01 
2.857143e-01 
3.571429e-01 
4.285714e-01 
1.904762e-01 
3.809524e-01 
3.809524e-01 
2.142857e-01 
4.761905e-01 
2.857143e-01 
1.428571e-01 
3.809524e-01 
4.761905e-01 
3.333333e-01 
4.761905e-01 
1.904762e-01 
4.761905e-02 
3.333333e-01 
4.761905e-02 
2.857143e-01 
2.380952e-01 
3.809524e-01 
2.857143e-01 
1.428571e-01 
4.285714e-01 
5.238095e-01 
1.428571e-01 
4.285714e-01 
7.142857e-01 
1.904762e-01 
4.285714e-01 
1.904762e-01 
5.714286e-01 
5.714286e-01 
4.761905e-02 
5.238095e-01 
0 
5.238095e-01 
5.238095e-01 
2.380952e-01 
2.857143e-01 
5.238095e-01 
2.857143e-01 
1.428571e-01 
7.619048e-01 
4.761905e-02 
3.333333e-01 
1.428571e-01 
2.857143e-01 
3.809524e-01 
2.857143e-01 
2.380952e-01 
5.238095e-01 
2.380952e-01 
2.857143e-01 
1.428571e-01 
5.714286e-01 
4.285714e-01 
4.761905e-02 
3.809524e-01 
4.285714e-01 
3.333333e-01 
3.333333e-01 
4.761905e-02 
4.761905e-01 
5.714286e-01 
3.809524e-01 
9.523810e-02 
6.666667e-01 
9.523810e-02 
2.857143e-01 
3.333333e-01 
4.761905e-02 
0 
5.714286e-01 
2.380952e-01 
3.809524e-01 
3.809524e-01 
7.142857e-02 
3.809524e-01 
4.285714e-01 
4.285714e-01 
2.857143e-01 
5.238095e-01 
3.809524e-01 
1.904762e-01 
3.333333e-01 
1.428571e-01 
1.428571e-01 
5.238095e-01 
1.904762e-01 
9.523810e-02 
1.904762e-01 
2.380952e-01 
3.809524e-01 
2.857143e-01 
1.904762e-01 
4.761905e-01 
1.904762e-01 
9.523810e-02 
2.380952e-01 
1.904762e-01 
6.190476e-01 
7.142857e-01 
1.904762e-01 
3.333333e-01 
6.190476e-01 
9.523810e-02 
8.571429e-01 
2.380952e-01 
3.333333e-01 
3.809524e-01 
3.809524e-01 
7.142857e-01 
1.428571e-01 
4.761905e-01 
1.904762e-01 
3.333333e-01 
2.380952e-01 
2.857143e-01 
4.285714e-01 
4.761905e-01 
2.380952e-01 
2.380952e-01 
4.761905e-01 
2.380952e-01 
3.809524e-01 
6.190476e-01 
3.333333e-01 
4.285714e-01 
3.333333e-01 
2.857143e-01 
2.380952e-01 
1.904762e-01 
2.380952e-01 
1.428571e-01 
5.238095e-01 
4.285714e-01 
6.190476e-01 
2.380952e-01 
3.333333e-01 
1.904762e-01 
3.809524e-01 
4.761905e-02 
5.714286e-01 
3.333333e-01 
2.857143e-01 
3.333333e-01 
2.857143e-01 
6.190476e-01 
2.380952e-01 
2.857143e-01 
5.238095e-01 
3.809524e-01 
1.904762e-01 
1.904762e-01 
5.238095e-01 
3.333333e-01 
3.809524e-01 
5.238095e-01 
4.761905e-01 
2.380952e-01 
1.904762e-01 
2.857143e-01 
3.333333e-01 
7.619048e-01 
5.714286e-01 
4.761905e-02 
5.714286e-01 
4.285714e-01 
9.523810e-02 
1.904762e-01 
3.333333e-01 
9.523810e-02 
3.809524e-01 
2.380952e-01 
2.380952e-01 
2.857143e-01 
3.809524e-01 
1.904762e-01 
6.190476e-01 
3.333333e-01 
2.857143e-01 
1.428571e-01 
2.380952e-01 
4.761905e-01 
1.904762e-01 
2.380952e-01 
2.857143e-01 
2.857143e-01 
3.809524e-01 
3.571429e-01 
5.714286e-01 
5.238095e-01 
9.523810e-02 
3.809524e-01 
2.857143e-01 
2.380952e-01 
2.380952e-01 
4.761905e-01 
5.714286e-01 
9.523810e-02 
2.857143e-01 
1.904762e-01 
7.142857e-01 
2.380952e-01 
3.333333e-01 
5.714286e-01 
5.238095e-01 
5.000000e-01 
1.904762e-01 
2.380952e-01 
1.428571e-01 
3.809524e-01 
1.428571e-01 
9.523810e-02 
1.904762e-01 
7.142857e-01 
3.333333e-01 
9.523810e-02 
3.809524e-01 
1.428571e-01 
3.809524e-01 
1.904762e-01 
1.904762e-01 
2.857143e-01 
2.857143e-01 
4.761905e-02 
9.523810e-02 
1.904762e-01 
1.904762e-01 
3.333333e-01 
3.333333e-01 
9.523810e-02 
2.380952e-01 
1.904762e-01 
7.619048e-01 
1.428571e-01 
4.761905e-02 
2.857143e-01 
4.761905e-01 
3.333333e-01 
6.190476e-01 
2.857143e-01 
8.571429e-01 
4.761905e-01 
4.285714e-01 
2.380952e-01 
1.428571e-01 
3.809524e-01 
3.333333e-01 
9.523810e-02 
1.428571e-01 
2.380952e-01 
3.333333e-01 
2.380952e-01 
4.761905e-02 
4.285714e-01 
5.238095e-01 
2.380952e-01 
1.428571e-01 
2.857143e-01 
9.523810e-02 
4.285714e-01 
1.904762e-01 
1.428571e-01 
9.523810e-02 
2.857143e-01 
2.380952e-01 
1.428571e-01 
2.857143e-01 
