3.809524e-01 
5.714286e-01 
7.142857e-01 
3.650794e-01 
4.920635e-01 
4.603175e-01 
4.603175e-01 
5.396825e-01 
6.666667e-01 
4.761905e-01 
5.396825e-01 
5.238095e-01 
4.523810e-01 
3.968254e-01 
4.126984e-01 
6.904762e-01 
7.142857e-01 
3.015873e-01 
4.285714e-01 
5.873016e-01 
7.142857e-01 
5.079365e-01 
4.047619e-01 
5.238095e-01 
5.555556e-01 
3.809524e-01 
4.603175e-01 
1 
4.761905e-01 
4.761905e-01 
7.857143e-01 
3.650794e-01 
4.126984e-01 
2.380952e-01 
5.952381e-01 
6.507937e-01 
5.555556e-01 
4.761905e-01 
8.730159e-01 
5.238095e-01 
3.333333e-01 
2.142857e-01 
5.238095e-01 
4.603175e-01 
5.396825e-01 
4.603175e-01 
7.142857e-01 
5.079365e-01 
4.126984e-01 
6.190476e-01 
5.555556e-01 
6.904762e-01 
6.031746e-01 
5.238095e-01 
4.285714e-01 
2.222222e-01 
4.126984e-01 
7.460317e-01 
6.031746e-01 
4.444444e-01 
7.142857e-01 
5.555556e-01 
5.714286e-01 
4.444444e-01 
3.809524e-01 
3.968254e-01 
3.968254e-01 
4.761905e-01 
4.444444e-01 
4.285714e-01 
5.079365e-01 
7.936508e-01 
4.285714e-01 
3.333333e-01 
4.761905e-01 
5.714286e-01 
5.555556e-01 
5.396825e-01 
7.857143e-01 
6.507937e-01 
3.968254e-01 
3.809524e-01 
6.825397e-01 
6.984127e-01 
3.650794e-01 
3.333333e-01 
3.174603e-01 
2.857143e-01 
6.190476e-01 
5.238095e-01 
5.000000e-01 
5.873016e-01 
7.142857e-01 
4.126984e-01 
6.031746e-01 
6.984127e-01 
5.396825e-01 
4.761905e-01 
5.238095e-01 
6.984127e-01 
4.761905e-01 
4.603175e-01 
6.666667e-01 
6.428571e-01 
5.238095e-01 
5.714286e-01 
5.555556e-01 
5.714286e-01 
6.666667e-01 
6.825397e-01 
4.047619e-01 
8.412698e-01 
5.476190e-01 
4.126984e-01 
3.492063e-01 
7.380952e-01 
4.920635e-01 
4.444444e-01 
6.190476e-01 
7.380952e-01 
7.301587e-01 
4.285714e-01 
5.714286e-01 
8.095238e-01 
6.190476e-01 
5.000000e-01 
6.190476e-01 
7.142857e-01 
5.873016e-01 
6.190476e-01 
3.492063e-01 
8.888889e-01 
6.349206e-01 
5.952381e-01 
7.619048e-01 
7.380952e-01 
5.396825e-01 
6.349206e-01 
6.825397e-01 
6.031746e-01 
4.285714e-01 
5.555556e-01 
5.238095e-01 
6.666667e-01 
4.761905e-01 
6.984127e-01 
5.238095e-01 
6.190476e-01 
7.301587e-01 
4.920635e-01 
4.285714e-01 
6.666667e-01 
5.238095e-01 
5.079365e-01 
4.920635e-01 
7.460317e-01 
5.000000e-01 
4.761905e-01 
4.444444e-01 
3.492063e-01 
4.920635e-01 
5.714286e-01 
3.095238e-01 
4.603175e-01 
4.285714e-01 
5.714286e-01 
2.857143e-01 
6.428571e-01 
6.349206e-01 
4.444444e-01 
4.761905e-01 
5.238095e-01 
5.396825e-01 
3.095238e-01 
5.079365e-01 
5.396825e-01 
6.190476e-01 
4.285714e-01 
5.714286e-01 
6.428571e-01 
4.761905e-01 
5.873016e-01 
5.714286e-01 
5.238095e-01 
3.174603e-01 
5.714286e-01 
4.285714e-01 
5.555556e-01 
7.777778e-01 
5.873016e-01 
4.523810e-01 
7.619048e-01 
5.000000e-01 
7.380952e-01 
6.825397e-01 
4.761905e-01 
8.095238e-01 
5.555556e-01 
4.920635e-01 
6.666667e-01 
6.349206e-01 
2.857143e-01 
4.603175e-01 
4.285714e-01 
6.666667e-01 
5.555556e-01 
4.444444e-01 
7.142857e-01 
7.301587e-01 
6.428571e-01 
6.190476e-01 
5.952381e-01 
5.079365e-01 
2.857143e-01 
4.285714e-01 
5.873016e-01 
3.174603e-01 
5.714286e-01 
5.079365e-01 
4.920635e-01 
6.031746e-01 
4.761905e-01 
4.285714e-01 
5.555556e-01 
4.126984e-01 
8.095238e-01 
3.968254e-01 
6.984127e-01 
4.126984e-01 
8.095238e-01 
4.920635e-01 
6.349206e-01 
5.952381e-01 
6.349206e-01 
5.555556e-01 
5.555556e-01 
6.190476e-01 
6.190476e-01 
5.476190e-01 
6.428571e-01 
5.238095e-01 
6.666667e-01 
4.126984e-01 
5.873016e-01 
5.396825e-01 
7.619048e-01 
7.380952e-01 
5.555556e-01 
7.142857e-01 
7.777778e-01 
5.079365e-01 
7.936508e-01 
4.761905e-01 
6.984127e-01 
6.349206e-01 
5.714286e-01 
3.174603e-01 
7.142857e-01 
6.031746e-01 
4.603175e-01 
5.476190e-01 
6.349206e-01 
5.714286e-01 
7.619048e-01 
5.396825e-01 
4.285714e-01 
5.555556e-01 
7.142857e-01 
7.460317e-01 
4.126984e-01 
6.190476e-01 
6.984127e-01 
6.031746e-01 
6.666667e-01 
4.761905e-01 
5.952381e-01 
5.714286e-01 
6.349206e-01 
4.761905e-01 
5.555556e-01 
7.142857e-01 
6.666667e-01 
4.285714e-01 
6.349206e-01 
5.873016e-01 
7.936508e-01 
5.873016e-01 
6.984127e-01 
4.920635e-01 
4.603175e-01 
6.507937e-01 
6.666667e-01 
7.460317e-01 
5.238095e-01 
5.079365e-01 
5.238095e-01 
5.000000e-01 
5.238095e-01 
6.031746e-01 
6.031746e-01 
6.507937e-01 
5.555556e-01 
6.507937e-01 
5.079365e-01 
4.444444e-01 
8.095238e-01 
4.523810e-01 
5.238095e-01 
6.190476e-01 
5.396825e-01 
6.031746e-01 
6.190476e-01 
6.031746e-01 
6.825397e-01 
5.714286e-01 
6.428571e-01 
3.174603e-01 
5.555556e-01 
5.714286e-01 
6.904762e-01 
6.507937e-01 
4.920635e-01 
4.761905e-01 
6.984127e-01 
5.952381e-01 
6.349206e-01 
6.666667e-01 
6.507937e-01 
5.555556e-01 
6.349206e-01 
4.761905e-01 
5.079365e-01 
4.761905e-01 
3.809524e-01 
4.444444e-01 
8.730159e-01 
4.920635e-01 
7.460317e-01 
5.714286e-01 
3.809524e-01 
6.031746e-01 
6.666667e-01 
4.920635e-01 
5.714286e-01 
6.190476e-01 
6.984127e-01 
6.190476e-01 
5.873016e-01 
5.396825e-01 
5.396825e-01 
4.761905e-01 
6.349206e-01 
6.031746e-01 
6.666667e-01 
3.809524e-01 
6.904762e-01 
5.396825e-01 
6.904762e-01 
6.190476e-01 
6.031746e-01 
4.603175e-01 
6.666667e-01 
