1 
5.168067e-01 
4.453782e-01 
6.386555e-01 
6.302521e-01 
4.621849e-01 
6.974790e-01 
5.630252e-01 
5.294118e-01 
4.117647e-01 
5.462185e-01 
5.546218e-01 
4.159664e-01 
5.294118e-01 
3.613445e-01 
4.537815e-01 
3.361345e-01 
3.025210e-01 
4.117647e-01 
4.537815e-01 
3.613445e-01 
3.445378e-01 
5.462185e-01 
5.798319e-01 
3.361345e-01 
2.352941e-01 
5.210084e-01 
5.126050e-01 
3.445378e-01 
3.193277e-01 
6.722689e-01 
5.294118e-01 
3.025210e-01 
3.781513e-01 
5.882353e-01 
3.781513e-01 
5.042017e-01 
4.957983e-01 
5.210084e-01 
3.865546e-01 
4.453782e-01 
5.798319e-01 
5.462185e-01 
5.210084e-01 
2.689076e-01 
4.621849e-01 
6.134454e-01 
3.781513e-01 
3.025210e-01 
4.369748e-01 
3.361345e-01 
6.806723e-01 
4.285714e-01 
5.126050e-01 
4.033613e-01 
6.134454e-01 
5.462185e-01 
4.369748e-01 
2.184874e-01 
5.210084e-01 
6.554622e-01 
5.714286e-01 
6.554622e-01 
5.294118e-01 
4.789916e-01 
5.042017e-01 
7.058824e-01 
5.294118e-01 
4.453782e-01 
4.285714e-01 
5.378151e-01 
5.882353e-01 
3.529412e-01 
4.201681e-01 
6.218487e-01 
5.798319e-01 
5.042017e-01 
4.285714e-01 
6.470588e-01 
6.050420e-01 
2.773109e-01 
3.781513e-01 
5.210084e-01 
5.210084e-01 
3.025210e-01 
5.798319e-01 
5.378151e-01 
6.050420e-01 
4.285714e-01 
3.613445e-01 
1.764706e-01 
6.806723e-01 
7.226891e-01 
4.033613e-01 
3.529412e-01 
5.042017e-01 
4.453782e-01 
4.621849e-01 
3.613445e-01 
5.042017e-01 
1.932773e-01 
2.352941e-01 
4.537815e-01 
3.613445e-01 
3.949580e-01 
2.857143e-01 
2.436975e-01 
4.117647e-01 
3.193277e-01 
3.865546e-01 
4.957983e-01 
4.957983e-01 
4.621849e-01 
2.773109e-01 
3.109244e-01 
6.386555e-01 
3.025210e-01 
3.613445e-01 
4.033613e-01 
3.781513e-01 
2.521008e-01 
2.857143e-01 
3.025210e-01 
4.285714e-01 
3.781513e-01 
1.764706e-01 
5.378151e-01 
4.537815e-01 
3.025210e-01 
6.470588e-01 
3.613445e-01 
6.050420e-01 
4.537815e-01 
2.521008e-01 
4.117647e-01 
4.789916e-01 
4.873950e-01 
4.453782e-01 
3.949580e-01 
5.462185e-01 
4.873950e-01 
2.689076e-01 
5.966387e-01 
5.630252e-01 
4.537815e-01 
3.781513e-01 
3.445378e-01 
5.630252e-01 
2.857143e-01 
1.764706e-01 
6.050420e-01 
4.873950e-01 
3.193277e-01 
3.109244e-01 
3.361345e-01 
4.453782e-01 
3.697479e-01 
3.445378e-01 
3.781513e-01 
4.621849e-01 
2.100840e-01 
4.285714e-01 
3.445378e-01 
4.033613e-01 
4.873950e-01 
4.369748e-01 
4.117647e-01 
6.134454e-01 
3.781513e-01 
4.201681e-01 
3.529412e-01 
3.109244e-01 
6.302521e-01 
3.025210e-01 
3.781513e-01 
5.126050e-01 
3.109244e-01 
4.705882e-01 
4.957983e-01 
3.865546e-01 
3.697479e-01 
3.949580e-01 
3.781513e-01 
5.462185e-01 
4.285714e-01 
5.126050e-01 
5.294118e-01 
4.117647e-01 
6.050420e-01 
4.117647e-01 
3.949580e-01 
4.705882e-01 
3.025210e-01 
3.613445e-01 
3.949580e-01 
4.621849e-01 
3.445378e-01 
3.109244e-01 
3.529412e-01 
6.554622e-01 
4.537815e-01 
4.285714e-01 
5.630252e-01 
5.462185e-01 
7.310924e-01 
3.193277e-01 
6.722689e-01 
6.050420e-01 
3.025210e-01 
2.352941e-01 
4.453782e-01 
5.462185e-01 
5.882353e-01 
3.025210e-01 
4.621849e-01 
4.957983e-01 
2.857143e-01 
2.941176e-01 
3.109244e-01 
4.705882e-01 
5.630252e-01 
4.201681e-01 
3.445378e-01 
5.126050e-01 
3.109244e-01 
5.378151e-01 
5.294118e-01 
3.949580e-01 
3.445378e-01 
5.042017e-01 
4.621849e-01 
4.033613e-01 
4.621849e-01 
3.781513e-01 
3.529412e-01 
6.302521e-01 
4.369748e-01 
6.470588e-01 
4.621849e-01 
4.663866e-01 
4.033613e-01 
4.453782e-01 
4.621849e-01 
5.882353e-01 
4.957983e-01 
4.705882e-01 
4.201681e-01 
5.042017e-01 
5.462185e-01 
3.781513e-01 
5.798319e-01 
6.050420e-01 
4.201681e-01 
4.117647e-01 
4.285714e-01 
5.210084e-01 
4.369748e-01 
5.462185e-01 
3.781513e-01 
6.638655e-01 
2.647059e-01 
2.521008e-01 
8.151261e-01 
3.781513e-01 
3.865546e-01 
2.605042e-01 
3.445378e-01 
4.537815e-01 
3.529412e-01 
2.689076e-01 
5.462185e-01 
4.411765e-01 
3.697479e-01 
3.025210e-01 
2.605042e-01 
4.957983e-01 
4.453782e-01 
4.117647e-01 
2.689076e-01 
4.369748e-01 
3.781513e-01 
3.151261e-01 
4.789916e-01 
6.470588e-01 
3.697479e-01 
2.689076e-01 
6.554622e-01 
5.126050e-01 
2.857143e-01 
3.361345e-01 
5.714286e-01 
4.369748e-01 
3.445378e-01 
3.025210e-01 
6.806723e-01 
5.798319e-01 
4.285714e-01 
3.277311e-01 
4.705882e-01 
4.369748e-01 
5.378151e-01 
2.773109e-01 
4.873950e-01 
4.957983e-01 
7.394958e-01 
3.529412e-01 
2.857143e-01 
3.865546e-01 
4.201681e-01 
3.445378e-01 
4.117647e-01 
4.537815e-01 
4.873950e-01 
2.941176e-01 
4.453782e-01 
4.789916e-01 
3.697479e-01 
3.697479e-01 
2.773109e-01 
3.865546e-01 
6.302521e-01 
3.613445e-01 
4.537815e-01 
4.369748e-01 
2.899160e-01 
4.033613e-01 
3.277311e-01 
4.285714e-01 
5.294118e-01 
3.109244e-01 
3.529412e-01 
4.117647e-01 
3.697479e-01 
5.042017e-01 
4.957983e-01 
5.630252e-01 
4.117647e-01 
3.445378e-01 
3.697479e-01 
4.705882e-01 
4.537815e-01 
4.621849e-01 
4.663866e-01 
4.705882e-01 
5.126050e-01 
6.680672e-01 
2.605042e-01 
2.352941e-01 
3.865546e-01 
4.537815e-01 
4.285714e-01 
3.907563e-01 
3.613445e-01 
2.268908e-01 
4.033613e-01 
3.529412e-01 
4.285714e-01 
3.193277e-01 
3.025210e-01 
3.613445e-01 
3.529412e-01 
4.033613e-01 
