2.708333e-01 
1 
2.708333e-01 
4.791667e-01 
2.916667e-01 
3.750000e-01 
5.625000e-01 
4.375000e-01 
3.125000e-01 
2.500000e-01 
2.708333e-01 
4.791667e-01 
4.791667e-01 
3.958333e-01 
3.541667e-01 
2.083333e-02 
2.500000e-01 
1.666667e-01 
5.416667e-01 
6.458333e-01 
4.166667e-01 
2.500000e-01 
3.541667e-01 
5.833333e-01 
6.875000e-01 
8.333333e-02 
8.750000e-01 
3.750000e-01 
7.083333e-01 
2.708333e-01 
2.916667e-01 
2.500000e-01 
8.333333e-02 
1.666667e-01 
3.125000e-01 
3.333333e-01 
1.875000e-01 
1.250000e-01 
2.500000e-01 
2.916667e-01 
4.791667e-01 
3.750000e-01 
3.958333e-01 
2.916667e-01 
2.291667e-01 
4.791667e-01 
2.291667e-01 
1.458333e-01 
2.083333e-01 
1.041667e-01 
6.250000e-01 
8.333333e-02 
3.958333e-01 
2.916667e-01 
4.166667e-01 
2.916667e-01 
1.041667e-01 
3.958333e-01 
2.083333e-01 
1.041667e-01 
1.666667e-01 
3.541667e-01 
1.875000e-01 
0 
1.875000e-01 
2.500000e-01 
4.375000e-01 
1.250000e-01 
2.291667e-01 
8.333333e-02 
3.958333e-01 
5.000000e-01 
3.750000e-01 
2.291667e-01 
2.708333e-01 
6.041667e-01 
2.916667e-01 
2.500000e-01 
7.083333e-01 
2.916667e-01 
3.541667e-01 
1.458333e-01 
2.083333e-01 
2.916667e-01 
2.916667e-01 
2.083333e-01 
4.375000e-01 
1.875000e-01 
4.583333e-01 
2.500000e-01 
2.083333e-01 
1.666667e-01 
3.750000e-01 
3.750000e-01 
0 
1.250000e-01 
2.916667e-01 
1.458333e-01 
2.083333e-01 
3.333333e-01 
2.500000e-01 
4.583333e-01 
4.375000e-01 
2.708333e-01 
4.166667e-01 
1.666667e-01 
2.708333e-01 
2.083333e-01 
1.250000e-01 
1.666667e-01 
4.791667e-01 
3.750000e-01 
3.750000e-01 
3.125000e-01 
2.708333e-01 
3.333333e-01 
1.875000e-01 
2.708333e-01 
4.375000e-01 
4.166667e-01 
3.750000e-01 
2.500000e-01 
3.333333e-01 
3.541667e-01 
8.333333e-02 
2.500000e-01 
2.708333e-01 
6.666667e-01 
6.666667e-01 
2.291667e-01 
1.875000e-01 
3.958333e-01 
1.250000e-01 
2.083333e-01 
5.208333e-01 
2.916667e-01 
2.708333e-01 
2.916667e-01 
2.708333e-01 
3.541667e-01 
2.916667e-01 
4.166667e-01 
6.250000e-01 
2.500000e-01 
6.041667e-01 
2.291667e-01 
4.166667e-01 
4.375000e-01 
7.291667e-01 
1.666667e-01 
6.250000e-01 
1.875000e-01 
6.458333e-01 
3.541667e-01 
3.958333e-01 
5.000000e-01 
2.708333e-01 
2.916667e-01 
3.958333e-01 
1.875000e-01 
2.500000e-01 
2.083333e-01 
1.250000e-01 
1.875000e-01 
1.250000e-01 
1.666667e-01 
3.541667e-01 
2.500000e-01 
2.708333e-01 
3.541667e-01 
1.041667e-01 
2.916667e-01 
3.541667e-01 
1.458333e-01 
1.666667e-01 
4.166667e-02 
1.250000e-01 
2.083333e-01 
2.291667e-01 
4.583333e-01 
2.500000e-01 
1.666667e-01 
1.250000e-01 
1.875000e-01 
5.208333e-01 
1.250000e-01 
3.333333e-01 
3.333333e-01 
5.208333e-01 
1.875000e-01 
2.500000e-01 
1.458333e-01 
2.291667e-01 
3.333333e-01 
3.958333e-01 
2.916667e-01 
2.916667e-01 
1.458333e-01 
1.875000e-01 
3.333333e-01 
3.541667e-01 
6.458333e-01 
2.916667e-01 
4.583333e-01 
5.000000e-01 
1.041667e-01 
2.916667e-01 
2.291667e-01 
3.333333e-01 
2.916667e-01 
1.875000e-01 
5.833333e-01 
4.375000e-01 
3.541667e-01 
1.875000e-01 
2.916667e-01 
2.083333e-01 
4.791667e-01 
1.666667e-01 
3.958333e-01 
2.291667e-01 
2.500000e-01 
4.583333e-01 
3.333333e-01 
2.916667e-01 
3.333333e-01 
3.750000e-01 
3.541667e-01 
5.208333e-01 
4.166667e-02 
4.375000e-01 
1.458333e-01 
6.250000e-01 
1.666667e-01 
1.875000e-01 
1.458333e-01 
1.666667e-01 
3.333333e-01 
3.750000e-01 
8.750000e-01 
2.083333e-01 
3.750000e-01 
2.291667e-01 
4.583333e-01 
4.166667e-01 
2.291667e-01 
1.666667e-01 
2.708333e-01 
2.708333e-01 
2.083333e-01 
3.125000e-01 
3.750000e-01 
4.583333e-01 
2.291667e-01 
2.916667e-01 
3.958333e-01 
4.791667e-01 
2.083333e-01 
2.708333e-01 
4.791667e-01 
3.541667e-01 
2.500000e-01 
5.833333e-01 
2.916667e-01 
3.333333e-01 
1.666667e-01 
1.666667e-01 
2.916667e-01 
5.208333e-01 
4.166667e-01 
8.333333e-02 
4.583333e-01 
2.083333e-01 
2.291667e-01 
2.708333e-01 
4.166667e-01 
2.708333e-01 
1.666667e-01 
3.750000e-01 
5.000000e-01 
4.375000e-01 
2.083333e-01 
2.708333e-01 
3.750000e-01 
3.750000e-01 
1.666667e-01 
6.458333e-01 
4.166667e-01 
3.750000e-01 
2.500000e-01 
4.791667e-01 
4.791667e-01 
3.958333e-01 
1.458333e-01 
4.583333e-01 
3.958333e-01 
5.000000e-01 
3.541667e-01 
8.333333e-02 
2.916667e-01 
3.958333e-01 
2.708333e-01 
3.333333e-01 
3.750000e-01 
6.250000e-01 
2.083333e-01 
2.708333e-01 
4.166667e-01 
2.500000e-01 
1.250000e-01 
6.458333e-01 
5.416667e-01 
5.208333e-01 
3.333333e-01 
6.041667e-01 
3.958333e-01 
7.708333e-01 
3.750000e-01 
2.916667e-01 
2.291667e-01 
6.666667e-01 
3.750000e-01 
4.375000e-01 
4.583333e-01 
3.125000e-01 
3.333333e-01 
3.541667e-01 
3.125000e-01 
5.208333e-01 
3.750000e-01 
2.708333e-01 
3.333333e-01 
3.958333e-01 
3.750000e-01 
6.250000e-01 
3.750000e-01 
1.250000e-01 
2.916667e-01 
4.166667e-01 
4.166667e-01 
1.875000e-01 
2.708333e-01 
3.333333e-01 
1.458333e-01 
2.291667e-01 
2.083333e-01 
3.958333e-01 
3.541667e-01 
3.333333e-01 
1.875000e-01 
4.375000e-01 
2.708333e-01 
7.500000e-01 
2.291667e-01 
3.541667e-01 
3.125000e-01 
2.291667e-01 
2.916667e-01 
3.125000e-01 
2.708333e-01 
5.000000e-01 
1.041667e-01 
