1.891892e-01 
7.297297e-01 
4.324324e-01 
3.783784e-01 
2.972973e-01 
7.027027e-01 
1.621622e-01 
3.783784e-01 
6.216216e-01 
4.324324e-01 
4.864865e-01 
5.675676e-01 
5.135135e-01 
4.594595e-01 
5.405405e-02 
2.432432e-01 
3.513514e-01 
2.162162e-01 
4.324324e-01 
4.594595e-01 
3.783784e-01 
7.297297e-01 
4.324324e-01 
6.081081e-01 
2.162162e-01 
6.486486e-01 
3.243243e-01 
3.243243e-01 
4.324324e-01 
3.513514e-01 
2.432432e-01 
1.621622e-01 
3.243243e-01 
2.972973e-01 
2.162162e-01 
4.324324e-01 
2.972973e-01 
1.621622e-01 
6.756757e-01 
4.054054e-01 
5.135135e-01 
3.783784e-01 
2.972973e-01 
3.243243e-01 
5.135135e-01 
5.405405e-01 
2.972973e-01 
5.405405e-01 
4.594595e-01 
2.702703e-01 
1.351351e-01 
4.054054e-01 
6.216216e-01 
4.324324e-01 
3.783784e-01 
1.621622e-01 
2.432432e-01 
1.081081e-01 
5.675676e-01 
5.405405e-01 
3.513514e-01 
1.621622e-01 
1.351351e-01 
1.621622e-01 
1.081081e-01 
2.162162e-01 
2.432432e-01 
1.351351e-01 
2.702703e-01 
3.243243e-01 
3.513514e-01 
2.162162e-01 
4.594595e-01 
2.702703e-01 
2.837838e-01 
4.864865e-01 
1.891892e-01 
2.702703e-01 
3.513514e-01 
2.972973e-01 
3.783784e-01 
2.432432e-01 
2.432432e-01 
1.621622e-01 
5.675676e-01 
4.054054e-01 
3.243243e-01 
2.972973e-01 
1.621622e-01 
3.648649e-01 
2.972973e-01 
2.162162e-01 
1.891892e-01 
4.324324e-01 
4.324324e-01 
5.135135e-01 
3.783784e-01 
4.594595e-01 
2.432432e-01 
3.243243e-01 
1.351351e-01 
4.864865e-01 
3.783784e-01 
4.864865e-01 
4.864865e-01 
4.054054e-01 
2.972973e-01 
4.324324e-01 
2.432432e-01 
2.432432e-01 
5.405405e-01 
4.864865e-01 
3.783784e-01 
5.135135e-01 
4.864865e-01 
3.783784e-01 
4.864865e-01 
5.135135e-01 
2.702703e-01 
2.162162e-01 
3.243243e-01 
5.675676e-01 
2.972973e-01 
5.675676e-01 
3.243243e-01 
4.864865e-01 
6.216216e-01 
6.216216e-01 
1.891892e-01 
5.945946e-01 
6.216216e-01 
4.594595e-01 
1.621622e-01 
4.459459e-01 
3.783784e-01 
3.243243e-01 
2.162162e-01 
4.054054e-01 
8.108108e-02 
3.243243e-01 
1.891892e-01 
4.054054e-01 
7.297297e-01 
4.054054e-01 
1.891892e-01 
6.486486e-01 
7.027027e-01 
4.324324e-01 
4.864865e-01 
3.783784e-01 
5.405405e-01 
3.513514e-01 
4.594595e-01 
4.324324e-01 
4.864865e-01 
2.972973e-01 
4.594595e-01 
7.027027e-01 
2.432432e-01 
2.972973e-01 
1.891892e-01 
2.162162e-01 
2.972973e-01 
2.162162e-01 
3.783784e-01 
4.324324e-01 
3.783784e-01 
3.243243e-01 
1.891892e-01 
1.891892e-01 
4.054054e-01 
2.702703e-01 
3.513514e-01 
3.783784e-01 
5.135135e-01 
2.702703e-01 
8.108108e-01 
1.891892e-01 
2.702703e-01 
2.972973e-01 
4.594595e-01 
1.891892e-01 
2.972973e-01 
1.621622e-01 
1.351351e-01 
3.783784e-01 
1.081081e-01 
4.594595e-01 
6.756757e-01 
1.081081e-01 
2.702703e-01 
4.864865e-01 
7.027027e-01 
7.027027e-01 
6.216216e-01 
4.054054e-01 
4.864865e-01 
1.621622e-01 
2.432432e-01 
5.945946e-01 
1.081081e-01 
4.594595e-01 
5.945946e-01 
4.054054e-01 
2.162162e-01 
3.513514e-01 
3.513514e-01 
3.243243e-01 
4.864865e-01 
4.054054e-01 
2.162162e-01 
4.864865e-01 
2.702703e-01 
3.783784e-01 
3.243243e-01 
2.972973e-01 
2.972973e-01 
1.621622e-01 
4.864865e-01 
3.243243e-01 
4.864865e-01 
2.702703e-01 
2.972973e-01 
5.135135e-01 
5.675676e-01 
3.513514e-01 
3.513514e-01 
4.864865e-01 
7.297297e-01 
1.891892e-01 
2.702703e-01 
6.486486e-01 
4.324324e-01 
5.945946e-01 
5.675676e-01 
4.324324e-01 
3.783784e-01 
3.513514e-01 
8.108108e-01 
3.513514e-01 
3.513514e-01 
6.216216e-01 
2.162162e-01 
3.513514e-01 
2.162162e-01 
4.594595e-01 
3.513514e-01 
5.405405e-01 
1.621622e-01 
2.702703e-01 
2.702703e-01 
2.972973e-01 
3.513514e-01 
1.891892e-01 
5.675676e-01 
5.675676e-01 
6.756757e-01 
4.054054e-01 
5.675676e-01 
4.594595e-01 
2.702703e-01 
3.648649e-01 
4.459459e-01 
3.243243e-01 
3.783784e-01 
3.783784e-01 
5.270270e-01 
2.432432e-01 
2.432432e-01 
1 
2.432432e-01 
4.324324e-01 
5.405405e-01 
5.675676e-01 
3.513514e-01 
4.054054e-01 
3.648649e-01 
4.054054e-01 
8.108108e-01 
4.054054e-01 
3.783784e-01 
5.135135e-01 
1.351351e-01 
6.756757e-01 
3.243243e-01 
5.135135e-01 
5.405405e-01 
4.864865e-01 
5.405405e-01 
6.081081e-01 
4.864865e-01 
3.783784e-01 
2.432432e-01 
4.054054e-01 
2.432432e-01 
5.135135e-01 
5.135135e-01 
7.837838e-01 
5.135135e-01 
3.513514e-01 
3.513514e-01 
2.432432e-01 
2.702703e-01 
2.702703e-01 
2.702703e-01 
4.594595e-01 
2.702703e-01 
5.675676e-01 
3.513514e-01 
3.243243e-01 
5.405405e-01 
4.594595e-01 
6.216216e-01 
4.324324e-01 
2.972973e-01 
5.135135e-01 
5.945946e-01 
5.945946e-01 
2.702703e-01 
5.135135e-01 
4.594595e-01 
6.216216e-01 
4.324324e-01 
5.405405e-01 
5.945946e-01 
9.189189e-01 
4.459459e-01 
5.945946e-01 
1.621622e-01 
5.945946e-01 
3.243243e-01 
4.594595e-01 
2.702703e-01 
5.405405e-01 
4.054054e-01 
4.054054e-01 
5.405405e-01 
3.513514e-01 
4.324324e-01 
7.027027e-01 
5.135135e-01 
2.972973e-01 
2.972973e-01 
4.864865e-01 
6.756757e-01 
5.135135e-01 
5.135135e-01 
5.405405e-01 
5.135135e-01 
6.486486e-01 
2.162162e-01 
5.405405e-01 
7.027027e-01 
5.135135e-01 
3.243243e-01 
2.702703e-01 
4.324324e-01 
3.783784e-01 
8.108108e-01 
7.297297e-01 
3.513514e-01 
5.135135e-01 
