4.118000e-01 
4.278000e-01 
3.583000e-01 
3.850000e-01 
5.134000e-01 
1.711000e-01 
3.048000e-01 
5.455000e-01 
2.139000e-01 
3.583000e-01 
2.781000e-01 
6.417000e-01 
3.636000e-01 
3.048000e-01 
1.711000e-01 
4.492000e-01 
4.706000e-01 
2.513000e-01 
3.048000e-01 
6.524000e-01 
3.850000e-01 
1.176000e-01 
3.583000e-01 
3.850000e-01 
4.385000e-01 
2.353000e-01 
4.920000e-01 
5.455000e-01 
1.979000e-01 
1.283000e-01 
1.497000e-01 
6.257000e-01 
5.348000e-01 
7.059000e-01 
7.861000e-01 
5.455000e-01 
1.070000e-01 
2.139000e-01 
3.850000e-01 
6.524000e-01 
4.652000e-01 
4.064000e-01 
3.316000e-01 
2.781000e-01 
6.420000e-02 
1.070000e-01 
1.711000e-01 
5.455000e-01 
4.118000e-01 
5.134000e-01 
6.791000e-01 
3.583000e-01 
3.740000e-02 
8.560000e-02 
3.422000e-01 
6.524000e-01 
3.850000e-01 
4.064000e-01 
1.176000e-01 
0 
2.246000e-01 
4.706000e-01 
1.497000e-01 
6.257000e-01 
5.134000e-01 
4.920000e-01 
4.385000e-01 
2.353000e-01 
2.513000e-01 
2.781000e-01 
2.995000e-01 
2.781000e-01 
4.920000e-01 
4.385000e-01 
6.524000e-01 
6.524000e-01 
3.048000e-01 
1.176000e-01 
1.444000e-01 
3.850000e-01 
4.064000e-01 
3.048000e-01 
5.134000e-01 
5.348000e-01 
2.353000e-01 
1.925000e-01 
3.422000e-01 
4.920000e-01 
7.861000e-01 
4.706000e-01 
1.711000e-01 
3.316000e-01 
2.246000e-01 
5.134000e-01 
1.176000e-01 
3.636000e-01 
4.652000e-01 
6.791000e-01 
3.422000e-01 
3.209000e-01 
3.316000e-01 
2.781000e-01 
6.420000e-02 
4.652000e-01 
5.455000e-01 
3.583000e-01 
8.396000e-01 
1.979000e-01 
5.134000e-01 
2.567000e-01 
1.711000e-01 
2.567000e-01 
2.995000e-01 
4.385000e-01 
4.385000e-01 
3.209000e-01 
5.455000e-01 
1.176000e-01 
2.353000e-01 
3.850000e-01 
5.561000e-01 
1.979000e-01 
5.187000e-01 
5.989000e-01 
5.187000e-01 
3.850000e-01 
1.979000e-01 
5.722000e-01 
3.850000e-01 
4.278000e-01 
5.455000e-01 
3.850000e-01 
7.059000e-01 
2.781000e-01 
2.246000e-01 
3.850000e-01 
4.118000e-01 
4.064000e-01 
5.455000e-01 
5.989000e-01 
4.064000e-01 
1.711000e-01 
1.925000e-01 
4.064000e-01 
4.385000e-01 
4.706000e-01 
4.385000e-01 
4.492000e-01 
4.652000e-01 
2.781000e-01 
2.781000e-01 
6.791000e-01 
4.920000e-01 
4.652000e-01 
5.187000e-01 
7.326000e-01 
5.989000e-01 
4.385000e-01 
3.316000e-01 
4.385000e-01 
6.524000e-01 
1.497000e-01 
7.059000e-01 
5.187000e-01 
5.187000e-01 
6.631000e-01 
4.920000e-01 
7.059000e-01 
5.775000e-01 
3.316000e-01 
5.722000e-01 
5.455000e-01 
2.781000e-01 
6.791000e-01 
1.283000e-01 
3.583000e-01 
3.636000e-01 
2.513000e-01 
8.663000e-01 
8.770000e-01 
4.278000e-01 
7.487000e-01 
3.422000e-01 
4.278000e-01 
4.652000e-01 
2.353000e-01 
4.385000e-01 
3.048000e-01 
3.850000e-01 
7.326000e-01 
3.583000e-01 
3.316000e-01 
3.850000e-01 
2.781000e-01 
6.417000e-01 
4.385000e-01 
6.524000e-01 
8.663000e-01 
4.492000e-01 
7.861000e-01 
7.326000e-01 
1.979000e-01 
3.850000e-01 
1.925000e-01 
5.455000e-01 
5.348000e-01 
1.070000e-01 
5.455000e-01 
4.920000e-01 
3.422000e-01 
5.455000e-01 
7.914000e-01 
2.246000e-01 
6.524000e-01 
3.636000e-01 
7.594000e-01 
7.594000e-01 
2.567000e-01 
8.128000e-01 
4.920000e-01 
4.920000e-01 
6.417000e-01 
4.652000e-01 
4.064000e-01 
4.385000e-01 
5.722000e-01 
4.920000e-01 
2.353000e-01 
4.652000e-01 
4.385000e-01 
6.791000e-01 
3.422000e-01 
5.455000e-01 
3.850000e-01 
4.118000e-01 
1.711000e-01 
3.583000e-01 
5.187000e-01 
3.636000e-01 
4.492000e-01 
5.989000e-01 
4.920000e-01 
4.385000e-01 
5.989000e-01 
5.455000e-01 
5.187000e-01 
4.652000e-01 
4.118000e-01 
4.278000e-01 
2.995000e-01 
5.989000e-01 
5.455000e-01 
4.706000e-01 
6.791000e-01 
1.444000e-01 
5.455000e-01 
4.385000e-01 
5.348000e-01 
5.187000e-01 
3.316000e-01 
4.652000e-01 
2.781000e-01 
2.781000e-01 
5.561000e-01 
4.118000e-01 
2.567000e-01 
4.492000e-01 
1.444000e-01 
3.583000e-01 
8.560000e-02 
2.781000e-01 
4.118000e-01 
4.920000e-01 
1.711000e-01 
4.118000e-01 
3.422000e-01 
4.652000e-01 
2.995000e-01 
2.139000e-01 
2.139000e-01 
1.925000e-01 
3.316000e-01 
5.989000e-01 
3.850000e-01 
2.513000e-01 
2.246000e-01 
4.280000e-02 
4.278000e-01 
4.385000e-01 
8.396000e-01 
5.187000e-01 
1.925000e-01 
2.139000e-01 
1.283000e-01 
1.711000e-01 
6.257000e-01 
6.524000e-01 
1.711000e-01 
5.348000e-01 
5.775000e-01 
4.652000e-01 
4.920000e-01 
4.118000e-01 
8.396000e-01 
5.561000e-01 
4.278000e-01 
4.920000e-01 
4.706000e-01 
3.048000e-01 
6.524000e-01 
2.781000e-01 
3.850000e-01 
3.850000e-01 
3.316000e-01 
2.353000e-01 
2.781000e-01 
4.920000e-01 
2.353000e-01 
4.118000e-01 
3.583000e-01 
2.513000e-01 
2.513000e-01 
3.048000e-01 
5.775000e-01 
3.422000e-01 
5.989000e-01 
5.722000e-01 
4.385000e-01 
3.850000e-01 
4.118000e-01 
4.492000e-01 
3.850000e-01 
1.444000e-01 
5.989000e-01 
3.850000e-01 
2.995000e-01 
4.652000e-01 
4.492000e-01 
1.925000e-01 
4.064000e-01 
4.492000e-01 
3.850000e-01 
5.187000e-01 
2.781000e-01 
1.283000e-01 
5.722000e-01 
5.561000e-01 
3.850000e-01 
3.316000e-01 
5.455000e-01 
4.278000e-01 
2.567000e-01 
5.455000e-01 
4.920000e-01 
3.636000e-01 
3.850000e-01 
3.636000e-01 
2.139000e-01 
3.850000e-01 
4.118000e-01 
3.850000e-01 
5.348000e-01 
