3.333333e-02 
4.666667e-01 
1.000000e-01 
2.500000e-01 
3.000000e-01 
2.166667e-01 
3.833333e-01 
2.000000e-01 
3.166667e-01 
3.333333e-01 
1.833333e-01 
1.833333e-01 
3.166667e-01 
5.333333e-01 
1.000000e-01 
3.833333e-01 
2.500000e-01 
3.666667e-01 
2.833333e-01 
3.166667e-01 
3.500000e-01 
3.500000e-01 
3.500000e-01 
3.333333e-01 
2.500000e-01 
3.666667e-01 
3.000000e-01 
4.166667e-01 
3.166667e-01 
6.000000e-01 
3.000000e-01 
1.000000e-01 
1.333333e-01 
3.166667e-01 
3.166667e-01 
6.166667e-01 
3.000000e-01 
1.666667e-01 
3.333333e-01 
4.250000e-01 
5.666667e-01 
6.166667e-01 
9.166667e-01 
8.333333e-01 
1 
5.166667e-01 
2.500000e-01 
2.833333e-01 
4.166667e-01 
4.166667e-01 
5.000000e-01 
6.500000e-01 
4.000000e-01 
2.666667e-01 
2.833333e-01 
2.333333e-01 
4.666667e-01 
6.166667e-01 
5.833333e-01 
3.166667e-01 
3.166667e-01 
2.166667e-01 
2.166667e-01 
3.333333e-01 
1.000000e-01 
2.500000e-01 
4.333333e-01 
2.750000e-01 
2.000000e-01 
4.000000e-01 
2.000000e-01 
3.666667e-01 
3.833333e-01 
7.000000e-01 
6.500000e-01 
8.666667e-01 
7.000000e-01 
8.500000e-01 
2.833333e-01 
3.500000e-01 
2.666667e-01 
3.500000e-01 
6.333333e-01 
5.666667e-01 
3.750000e-01 
1.000000e-01 
3.166667e-01 
3.500000e-01 
4.833333e-01 
5.333333e-01 
4.666667e-01 
4.666667e-01 
3.333333e-01 
2.333333e-01 
4.000000e-01 
1.833333e-01 
3.000000e-01 
2.500000e-01 
2.833333e-01 
4.000000e-01 
6.833333e-01 
3.166667e-01 
5.666667e-01 
3.500000e-01 
4.000000e-01 
3.833333e-01 
2.666667e-01 
6.000000e-01 
3.250000e-01 
3.000000e-01 
2.500000e-01 
3.250000e-01 
3.000000e-01 
4.000000e-01 
5.750000e-01 
5.833333e-01 
6.333333e-01 
4.750000e-01 
3.833333e-01 
3.333333e-01 
3.500000e-01 
2.333333e-01 
2.666667e-01 
4.833333e-01 
6.333333e-01 
5.000000e-01 
3.333333e-01 
1.833333e-01 
4.000000e-01 
3.833333e-01 
5.166667e-01 
7.666667e-01 
5.333333e-01 
3.500000e-01 
5.500000e-01 
2.833333e-01 
4.500000e-01 
5.333333e-01 
3.833333e-01 
4.500000e-01 
7.000000e-01 
4.500000e-01 
3.000000e-01 
1.750000e-01 
2.833333e-01 
4.000000e-01 
2.500000e-01 
5.666667e-01 
8.000000e-01 
4.333333e-01 
3.833333e-01 
3.833333e-01 
3.833333e-01 
2.666667e-01 
5.666667e-01 
7.500000e-01 
7.000000e-01 
4.166667e-01 
2.666667e-01 
4.000000e-01 
2.666667e-01 
2.333333e-01 
1.333333e-01 
1.500000e-01 
3.166667e-01 
3.166667e-01 
3.333333e-01 
4.500000e-01 
5.166667e-01 
3.166667e-01 
3.500000e-01 
5.166667e-01 
6.166667e-01 
4.833333e-01 
4.000000e-01 
5.500000e-01 
5.666667e-01 
5.166667e-01 
4.666667e-01 
1.666667e-01 
3.500000e-01 
3.500000e-01 
3.166667e-01 
4.500000e-01 
3.166667e-01 
5.000000e-01 
5.166667e-01 
3.500000e-01 
6.166667e-01 
3.333333e-01 
5.333333e-01 
4.833333e-01 
4.166667e-01 
3.750000e-01 
2.333333e-01 
2.666667e-01 
8.166667e-01 
4.333333e-01 
3.000000e-01 
6.000000e-01 
3.500000e-01 
8.833333e-01 
3.333333e-01 
3.833333e-01 
6.500000e-01 
4.666667e-01 
2.500000e-01 
6.166667e-01 
4.333333e-01 
5.666667e-01 
5.166667e-01 
3.500000e-01 
7.333333e-01 
4.666667e-01 
5.000000e-01 
5.833333e-01 
3.500000e-01 
8.000000e-01 
4.166667e-01 
4.000000e-01 
6.250000e-01 
5.166667e-01 
4.666667e-01 
2.250000e-01 
3.166667e-01 
3.666667e-01 
6.333333e-01 
2.833333e-01 
4.333333e-01 
4.166667e-01 
5.333333e-01 
3.500000e-01 
4.166667e-01 
3.500000e-01 
3.333333e-01 
3.166667e-01 
4.166667e-01 
4.250000e-01 
4.500000e-01 
3.000000e-01 
4.333333e-01 
4.500000e-01 
4.333333e-01 
3.833333e-01 
4.666667e-01 
4.000000e-01 
3.000000e-01 
5.166667e-01 
6.000000e-01 
2.666667e-01 
5.166667e-01 
4.666667e-01 
4.250000e-01 
3.833333e-01 
6.500000e-01 
4.166667e-01 
4.166667e-01 
2.000000e-01 
4.166667e-01 
3.833333e-01 
5.333333e-01 
5.500000e-01 
2.666667e-01 
2.833333e-01 
3.166667e-01 
5.333333e-01 
5.166667e-01 
5.500000e-01 
3.333333e-01 
1.500000e-01 
2.000000e-01 
4.833333e-01 
2.833333e-01 
4.666667e-01 
4.666667e-01 
2.666667e-01 
4.333333e-01 
1.666667e-01 
5.750000e-01 
3.500000e-01 
2.500000e-01 
2.166667e-01 
5.000000e-01 
6.166667e-01 
8.500000e-01 
8.833333e-01 
3.000000e-01 
3.000000e-01 
5.000000e-01 
7.000000e-01 
3.666667e-01 
3.333333e-01 
5.666667e-01 
2.166667e-01 
1.500000e-01 
8.833333e-01 
5.500000e-01 
8.166667e-01 
5.666667e-01 
4.666667e-01 
4.666667e-01 
3.666667e-01 
4.333333e-01 
3.833333e-01 
4.166667e-01 
4.666667e-01 
6.333333e-01 
2.333333e-01 
6.500000e-01 
5.166667e-01 
6.000000e-01 
2.833333e-01 
4.500000e-01 
2.666667e-01 
4.666667e-01 
5.333333e-01 
5.500000e-01 
5.333333e-01 
6.333333e-01 
4.000000e-01 
3.833333e-01 
2.166667e-01 
2.166667e-01 
3.666667e-01 
3.666667e-01 
3.166667e-01 
6.333333e-01 
3.500000e-01 
3.666667e-01 
2.166667e-01 
4.000000e-01 
3.666667e-01 
2.666667e-01 
3.333333e-01 
5.500000e-01 
3.666667e-01 
5.333333e-01 
2.833333e-01 
5.833333e-01 
5.833333e-01 
5.000000e-01 
3.500000e-01 
4.333333e-01 
2.166667e-01 
4.000000e-01 
4.333333e-01 
4.166667e-01 
6.833333e-01 
3.166667e-01 
1.666667e-01 
3.250000e-01 
2.000000e-01 
4.250000e-01 
2.833333e-01 
3.833333e-01 
3.500000e-01 
5.333333e-01 
4.333333e-01 
4.500000e-01 
4.166667e-01 
2.833333e-01 
2.666667e-01 
