0 
4.705882e-01 
0 
2.352941e-01 
1.176471e-01 
4.117647e-01 
5.882353e-02 
1.176471e-01 
0 
1.764706e-01 
1.176471e-01 
3.529412e-01 
1.764706e-01 
1.176471e-01 
1.764706e-01 
1.176471e-01 
1.764706e-01 
1.176471e-01 
5.882353e-02 
2.352941e-01 
1.764706e-01 
4.117647e-01 
2.647059e-01 
2.647059e-01 
2.941176e-01 
2.352941e-01 
3.529412e-01 
3.529412e-01 
2.647059e-01 
3.529412e-01 
5.882353e-02 
1.176471e-01 
1.176471e-01 
5.882353e-02 
0 
1.176471e-01 
2.352941e-01 
5.882353e-02 
2.352941e-01 
2.352941e-01 
2.352941e-01 
5.294118e-01 
5.882353e-02 
2.941176e-01 
5.882353e-02 
5.882353e-02 
1.176471e-01 
1.764706e-01 
1.764706e-01 
3.529412e-01 
1.176471e-01 
2.352941e-01 
1.764706e-01 
2.352941e-01 
2.352941e-01 
5.882353e-02 
5.882353e-02 
0 
2.352941e-01 
4.117647e-01 
2.352941e-01 
2.941176e-01 
0 
0 
0 
1.764706e-01 
2.941176e-01 
5.882353e-02 
5.882353e-02 
0 
1.764706e-01 
1.176471e-01 
3.529412e-01 
2.352941e-01 
2.352941e-01 
2.941176e-01 
4.705882e-01 
2.941176e-01 
2.352941e-01 
0 
1.764706e-01 
1.176471e-01 
2.352941e-01 
0 
2.352941e-01 
1.176471e-01 
1.764706e-01 
1.764706e-01 
2.352941e-01 
1.764706e-01 
2.352941e-01 
5.882353e-02 
0 
5.882353e-02 
2.941176e-01 
4.705882e-01 
2.941176e-01 
4.705882e-01 
2.941176e-01 
2.941176e-01 
3.529412e-01 
5.294118e-01 
1.764706e-01 
2.941176e-01 
3.529412e-01 
4.117647e-01 
4.705882e-01 
2.352941e-01 
4.705882e-01 
2.941176e-01 
2.352941e-01 
2.352941e-01 
3.529412e-01 
5.882353e-01 
2.352941e-01 
2.941176e-01 
1.176471e-01 
3.529412e-01 
2.352941e-01 
4.705882e-01 
2.941176e-01 
4.117647e-01 
2.352941e-01 
4.705882e-01 
4.117647e-01 
1.764706e-01 
5.882353e-02 
4.705882e-01 
2.352941e-01 
5.882353e-01 
1.764706e-01 
2.941176e-01 
5.882353e-01 
4.705882e-01 
2.941176e-01 
6.470588e-01 
2.352941e-01 
7.058824e-01 
2.352941e-01 
2.941176e-01 
4.117647e-01 
2.941176e-01 
4.705882e-01 
5.882353e-02 
5.294118e-01 
3.529412e-01 
2.941176e-01 
3.529412e-01 
4.705882e-01 
2.941176e-01 
2.352941e-01 
2.352941e-01 
8.823529e-02 
2.941176e-01 
2.941176e-01 
6.176471e-01 
6.470588e-01 
5.294118e-01 
0 
1.764706e-01 
2.941176e-01 
2.352941e-01 
5.294118e-01 
2.941176e-01 
1.176471e-01 
1.764706e-01 
1.764706e-01 
4.117647e-01 
2.647059e-01 
4.117647e-01 
3.529412e-01 
1.764706e-01 
7.058824e-01 
3.529412e-01 
8.823529e-02 
4.117647e-01 
2.941176e-01 
2.941176e-01 
2.352941e-01 
2.352941e-01 
2.352941e-01 
4.705882e-01 
2.941176e-01 
1.764706e-01 
2.352941e-01 
1.176471e-01 
1.176471e-01 
1.764706e-01 
2.352941e-01 
2.941176e-01 
2.352941e-01 
4.705882e-01 
2.352941e-01 
1.764706e-01 
1.176471e-01 
2.352941e-01 
3.529412e-01 
2.941176e-01 
2.941176e-01 
3.529412e-01 
4.705882e-01 
4.705882e-01 
2.352941e-01 
1.176471e-01 
2.352941e-01 
2.352941e-01 
5.882353e-02 
2.941176e-01 
2.941176e-01 
3.529412e-01 
4.117647e-01 
1.176471e-01 
2.941176e-01 
4.117647e-01 
1.764706e-01 
2.352941e-01 
2.941176e-01 
2.941176e-01 
4.117647e-01 
4.117647e-01 
2.941176e-01 
2.352941e-01 
2.941176e-01 
2.941176e-01 
2.352941e-01 
2.941176e-01 
2.352941e-01 
7.058824e-01 
1.764706e-01 
5.294118e-01 
2.352941e-01 
7.647059e-01 
1.176471e-01 
4.117647e-01 
1.764706e-01 
3.529412e-01 
5.294118e-01 
2.941176e-01 
4.117647e-01 
5.294118e-01 
2.352941e-01 
4.705882e-01 
2.941176e-01 
3.529412e-01 
2.941176e-01 
2.352941e-01 
1.176471e-01 
4.117647e-01 
4.705882e-01 
3.529412e-01 
2.352941e-01 
4.117647e-01 
1.764706e-01 
4.117647e-01 
2.941176e-01 
4.705882e-01 
4.117647e-01 
5.294118e-01 
1.764706e-01 
2.352941e-01 
2.941176e-01 
2.941176e-01 
2.352941e-01 
1.764706e-01 
4.117647e-01 
5.294118e-01 
4.117647e-01 
4.705882e-01 
5.882353e-01 
7.058824e-01 
2.941176e-01 
6.470588e-01 
3.529412e-01 
4.117647e-01 
3.529412e-01 
4.705882e-01 
5.882353e-01 
5.882353e-01 
5.294118e-01 
4.117647e-01 
2.941176e-01 
1.764706e-01 
3.529412e-01 
4.705882e-01 
4.705882e-01 
4.117647e-01 
2.941176e-01 
2.941176e-01 
4.117647e-01 
6.470588e-01 
5.294118e-01 
4.117647e-01 
3.529412e-01 
4.705882e-01 
2.647059e-01 
2.352941e-01 
5.294118e-01 
2.352941e-01 
4.705882e-01 
4.117647e-01 
2.941176e-01 
4.705882e-01 
3.529412e-01 
4.705882e-01 
2.941176e-01 
5.294118e-01 
3.529412e-01 
4.117647e-01 
7.058824e-01 
4.117647e-01 
7.058824e-01 
4.117647e-01 
4.705882e-01 
2.352941e-01 
3.529412e-01 
2.941176e-01 
7.058824e-01 
4.705882e-01 
3.529412e-01 
2.352941e-01 
4.705882e-01 
4.705882e-01 
1.764706e-01 
7.647059e-01 
4.705882e-01 
2.941176e-01 
5.294118e-01 
3.529412e-01 
4.117647e-01 
5.294118e-01 
3.529412e-01 
5.294118e-01 
2.352941e-01 
6.470588e-01 
2.352941e-01 
2.941176e-01 
3.529412e-01 
1 
2.941176e-01 
4.705882e-01 
3.529412e-01 
7.058824e-01 
4.117647e-01 
6.470588e-01 
2.352941e-01 
4.117647e-01 
3.529412e-01 
6.470588e-01 
5.294118e-01 
5.294118e-01 
4.705882e-01 
4.705882e-01 
4.117647e-01 
4.705882e-01 
2.941176e-01 
6.470588e-01 
2.352941e-01 
3.529412e-01 
4.117647e-01 
4.117647e-01 
3.529412e-01 
2.352941e-01 
