7.142857e-01 
1.857143e-01 
4.428571e-01 
3.000000e-01 
4.000000e-01 
5.428571e-01 
4.714286e-01 
3.571429e-01 
5.142857e-01 
6.142857e-01 
3.571429e-01 
5.714286e-01 
3.285714e-01 
1.928571e-01 
4.142857e-01 
4.571429e-01 
3.142857e-01 
3.428571e-01 
2.714286e-01 
4.428571e-01 
1.857143e-01 
3.857143e-01 
2.571429e-01 
4.428571e-01 
1.714286e-01 
2.714286e-01 
2.000000e-01 
3.142857e-01 
4.000000e-01 
2.285714e-01 
6.142857e-01 
5.142857e-01 
5.142857e-01 
4.428571e-01 
3.428571e-01 
4.428571e-01 
6.428571e-01 
8.857143e-01 
5.142857e-01 
1.857143e-01 
2.428571e-01 
5.000000e-01 
3.857143e-01 
4.857143e-01 
5.428571e-01 
5.428571e-01 
1 
2.142857e-01 
3.142857e-01 
4.142857e-01 
3.285714e-01 
3.285714e-01 
7.000000e-01 
4.714286e-01 
3.714286e-01 
6.142857e-01 
7.142857e-01 
8.428571e-01 
6.428571e-01 
5.857143e-01 
3.285714e-01 
2.142857e-01 
6.571429e-01 
6.571429e-01 
2.285714e-01 
5.285714e-01 
4.714286e-01 
2.714286e-01 
2.714286e-01 
7.714286e-01 
3.000000e-01 
5.857143e-01 
6.000000e-01 
2.714286e-01 
4.142857e-01 
4.285714e-01 
2.714286e-01 
8.142857e-01 
6.285714e-01 
4.571429e-01 
2.785714e-01 
2.857143e-01 
5.857143e-01 
2.142857e-01 
4.714286e-01 
6.285714e-01 
4.285714e-01 
6.428571e-01 
3.000000e-01 
4.142857e-01 
3.714286e-01 
4.500000e-01 
4.714286e-01 
3.285714e-01 
3.714286e-01 
5.285714e-01 
3.857143e-01 
2.428571e-01 
3.428571e-01 
6.000000e-01 
2.142857e-01 
3.428571e-01 
6.571429e-01 
2.571429e-01 
3.000000e-01 
4.142857e-01 
3.428571e-01 
5.000000e-01 
4.071429e-01 
1.857143e-01 
6.000000e-01 
6.000000e-01 
4.142857e-01 
3.285714e-01 
1.714286e-01 
3.428571e-01 
3.857143e-01 
2.285714e-01 
1.857143e-01 
4.714286e-01 
5.571429e-01 
6.571429e-01 
4.142857e-01 
2.428571e-01 
2.285714e-01 
4.000000e-01 
6.428571e-01 
3.000000e-01 
4.428571e-01 
2.714286e-01 
2.714286e-01 
2.857143e-01 
2.857143e-01 
3.000000e-01 
3.142857e-01 
7.285714e-01 
2.857143e-01 
4.857143e-01 
2.857143e-01 
3.571429e-01 
2.857143e-01 
3.714286e-01 
2.714286e-01 
2.857143e-01 
4.714286e-01 
5.285714e-01 
2.571429e-01 
2.142857e-01 
3.285714e-01 
3.142857e-01 
4.000000e-01 
3.285714e-01 
2.857143e-01 
4.571429e-01 
2.142857e-01 
6.285714e-01 
3.285714e-01 
3.642857e-01 
5.428571e-01 
5.428571e-01 
9.285714e-01 
3.428571e-01 
3.714286e-01 
5.142857e-01 
6.571429e-01 
4.428571e-01 
4.285714e-01 
5.714286e-01 
1.714286e-01 
5.714286e-01 
4.714286e-01 
4.000000e-01 
6.000000e-01 
2.142857e-01 
3.714286e-01 
3.142857e-01 
4.714286e-01 
2.857143e-01 
2.857143e-01 
3.857143e-01 
7.000000e-01 
6.214286e-01 
5.714286e-01 
7.571429e-01 
2.000000e-01 
4.000000e-01 
1.857143e-01 
1.857143e-01 
6.000000e-01 
2.571429e-01 
4.857143e-01 
6.428571e-01 
3.428571e-01 
3.428571e-01 
4.714286e-01 
1.714286e-01 
2.857143e-01 
2.571429e-01 
2.857143e-01 
5.714286e-01 
2.285714e-01 
5.714286e-01 
5.571429e-01 
3.000000e-01 
4.142857e-01 
3.142857e-01 
1.000000e-01 
4.285714e-01 
2.357143e-01 
1.285714e-01 
1.857143e-01 
5.285714e-01 
5.142857e-01 
2.142857e-01 
3.000000e-01 
6.857143e-01 
3.000000e-01 
2.142857e-01 
4.857143e-01 
2.142857e-01 
4.142857e-01 
2.142857e-01 
3.000000e-01 
5.285714e-01 
4.857143e-01 
6.571429e-01 
6.857143e-01 
4.285714e-01 
1.714286e-01 
3.571429e-01 
3.000000e-01 
8.428571e-01 
6.285714e-01 
5.142857e-01 
1.571429e-01 
5.000000e-01 
3.571429e-01 
3.428571e-01 
2.571429e-01 
2.714286e-01 
1.428571e-01 
4.285714e-01 
3.142857e-01 
4.000000e-01 
5.000000e-01 
4.428571e-01 
3.428571e-01 
6.142857e-01 
4.571429e-01 
3.857143e-01 
3.285714e-01 
4.285714e-01 
3.285714e-01 
3.857143e-01 
3.000000e-01 
4.142857e-01 
1.714286e-01 
5.714286e-01 
4.571429e-01 
7.142857e-01 
3.142857e-01 
2.285714e-01 
7.714286e-01 
2.857143e-01 
2.285714e-01 
2.571429e-01 
2.571429e-01 
2.571429e-01 
2.428571e-01 
4.714286e-01 
6.000000e-01 
7.571429e-01 
2.285714e-01 
2.000000e-01 
3.142857e-01 
2.857143e-01 
2.857143e-01 
2.428571e-01 
3.714286e-01 
2.142857e-01 
3.142857e-01 
3.000000e-01 
2.428571e-01 
2.571429e-01 
2.714286e-01 
3.000000e-01 
5.571429e-01 
5.571429e-01 
4.142857e-01 
2.428571e-01 
4.285714e-01 
3.571429e-01 
3.714286e-01 
2.428571e-01 
3.857143e-01 
5.714286e-01 
2.571429e-01 
4.571429e-01 
4.285714e-01 
1.428571e-01 
2.571429e-01 
3.285714e-01 
3.714286e-01 
6.428571e-01 
3.857143e-01 
4.428571e-01 
4.714286e-01 
2.571429e-01 
1.857143e-01 
5.142857e-01 
3.285714e-01 
2.285714e-01 
1.428571e-01 
4.571429e-01 
3.285714e-01 
3.714286e-01 
4.285714e-01 
4.857143e-01 
2.285714e-01 
3.142857e-01 
4.142857e-01 
4.285714e-01 
4.857143e-01 
5.857143e-01 
3.571429e-01 
3.857143e-01 
3.428571e-01 
1.714286e-01 
3.000000e-01 
6.285714e-01 
3.285714e-01 
3.142857e-01 
2.571429e-01 
4.857143e-01 
5.571429e-01 
6.857143e-01 
2.285714e-01 
3.142857e-01 
1.571429e-01 
3.857143e-01 
2.857143e-01 
2.285714e-01 
4.714286e-01 
8.285714e-01 
2.857143e-01 
3.142857e-01 
1.857143e-01 
4.142857e-01 
1.857143e-01 
6.000000e-01 
4.714286e-01 
3.714286e-01 
3.857143e-01 
2.571429e-01 
6.714286e-01 
6.000000e-01 
4.142857e-01 
4.428571e-01 
2.000000e-01 
6.642857e-01 
4.571429e-01 
6.000000e-01 
