1.727273e-01 
9.545455e-01 
1.909091e-01 
2.636364e-01 
2.090909e-01 
1.909091e-01 
1.545455e-01 
2.181818e-01 
2.090909e-01 
1.545455e-01 
3.090909e-01 
3.090909e-01 
3.545455e-01 
2.090909e-01 
2.454545e-01 
4.772727e-01 
3.818182e-01 
1.909091e-01 
3.545455e-01 
6.727273e-01 
3.727273e-01 
3.272727e-01 
2.909091e-01 
4.909091e-01 
3.545455e-01 
2.363636e-01 
5.636364e-01 
7.000000e-01 
3.545455e-01 
3.454545e-01 
2.545455e-01 
2.318182e-01 
1.272727e-01 
2.181818e-01 
1.272727e-01 
2.272727e-01 
1.727273e-01 
1.454545e-01 
5.272727e-01 
3.909091e-01 
2.818182e-01 
4.272727e-01 
4.636364e-01 
3.454545e-01 
2.818182e-01 
3.545455e-01 
3.272727e-01 
3.090909e-01 
2.272727e-01 
3.454545e-01 
3.363636e-01 
3.454545e-01 
2.181818e-01 
2.181818e-01 
2.363636e-01 
3.000000e-01 
2.909091e-01 
2.727273e-01 
2.636364e-01 
1.772727e-01 
3.000000e-01 
2.363636e-01 
2.363636e-01 
2.818182e-01 
1.727273e-01 
2.090909e-01 
2.727273e-01 
2.181818e-01 
2.636364e-01 
2.090909e-01 
5.181818e-01 
5.090909e-01 
2.454545e-01 
3.545455e-01 
5.090909e-01 
5.454545e-01 
3.727273e-01 
3.636364e-01 
3.909091e-01 
3.727273e-01 
2.636364e-01 
2.000000e-01 
3.545455e-01 
3.818182e-01 
1.909091e-01 
2.272727e-01 
3.090909e-01 
3.000000e-01 
2.181818e-01 
3.090909e-01 
2.454545e-01 
2.727273e-01 
3.181818e-01 
2.545455e-01 
4.272727e-01 
4.545455e-01 
4.545455e-01 
4.727273e-01 
3.090909e-01 
5.363636e-01 
3.000000e-01 
2.909091e-01 
5.363636e-01 
4.363636e-01 
4.636364e-01 
7.636364e-01 
4.545455e-01 
6.181818e-01 
4.454545e-01 
4.272727e-01 
5.727273e-01 
6.272727e-01 
5.863636e-01 
4.363636e-01 
4.454545e-01 
7.272727e-01 
4.363636e-01 
5.045455e-01 
4.090909e-01 
6.181818e-01 
5.000000e-01 
5.000000e-01 
4.818182e-01 
7.363636e-01 
5.272727e-01 
4.000000e-01 
6.818182e-01 
5.909091e-01 
4.818182e-01 
7.272727e-01 
5.272727e-01 
7.363636e-01 
5.909091e-01 
3.727273e-01 
5.272727e-01 
6.090909e-01 
4.363636e-01 
6.545455e-01 
4.636364e-01 
6.818182e-01 
5.909091e-01 
5.181818e-01 
5.363636e-01 
7.727273e-01 
7.000000e-01 
5.454545e-01 
4.090909e-01 
7.545455e-01 
5.545455e-01 
4.000000e-01 
6.272727e-01 
5.727273e-01 
6.272727e-01 
6.636364e-01 
5.181818e-01 
9.909091e-01 
4.909091e-01 
4.727273e-01 
2.727273e-01 
4.363636e-01 
2.454545e-01 
2.454545e-01 
4.000000e-01 
2.818182e-01 
4.000000e-01 
2.636364e-01 
3.545455e-01 
5.181818e-01 
4.090909e-01 
4.272727e-01 
4.909091e-01 
4.181818e-01 
5.727273e-01 
2.090909e-01 
2.818182e-01 
4.909091e-01 
3.090909e-01 
3.636364e-01 
4.181818e-01 
4.090909e-01 
4.545455e-01 
2.727273e-01 
3.545455e-01 
4.545455e-01 
3.363636e-01 
3.636364e-01 
3.636364e-01 
3.272727e-01 
5.363636e-01 
3.909091e-01 
4.454545e-01 
6.454545e-01 
4.636364e-01 
4.363636e-01 
3.727273e-01 
3.545455e-01 
5.727273e-01 
4.090909e-01 
3.090909e-01 
4.818182e-01 
5.363636e-01 
6.136364e-01 
5.000000e-01 
3.681818e-01 
5.636364e-01 
2.272727e-01 
5.181818e-01 
5.590909e-01 
2.363636e-01 
4.454545e-01 
5.181818e-01 
5.000000e-01 
6.909091e-01 
3.636364e-01 
3.636364e-01 
6.090909e-01 
3.636364e-01 
5.818182e-01 
6.090909e-01 
5.090909e-01 
7.636364e-01 
3.136364e-01 
5.000000e-01 
5.181818e-01 
6.000000e-01 
8.000000e-01 
7.454545e-01 
6.454545e-01 
4.363636e-01 
8.181818e-01 
5.000000e-01 
6.454545e-01 
6.727273e-01 
5.454545e-01 
5.272727e-01 
6.363636e-01 
6.000000e-01 
6.181818e-01 
5.000000e-01 
7.454545e-01 
5.090909e-01 
7.000000e-01 
4.909091e-01 
6.545455e-01 
5.727273e-01 
7.909091e-01 
4.909091e-01 
7.454545e-01 
5.363636e-01 
6.090909e-01 
7.909091e-01 
7.454545e-01 
6.000000e-01 
7.181818e-01 
7.000000e-01 
6.909091e-01 
6.909091e-01 
5.090909e-01 
5.000000e-01 
7.181818e-01 
5.818182e-01 
5.272727e-01 
6.727273e-01 
5.818182e-01 
4.727273e-01 
6.000000e-01 
5.181818e-01 
6.454545e-01 
5.363636e-01 
4.545455e-01 
4.818182e-01 
7.363636e-01 
4.363636e-01 
5.181818e-01 
5.000000e-01 
4.545455e-01 
6.000000e-01 
3.681818e-01 
6.818182e-01 
6.090909e-01 
7.636364e-01 
5.818182e-01 
4.636364e-01 
8.181818e-01 
6.454545e-01 
6.000000e-01 
6.454545e-01 
6.272727e-01 
7.636364e-01 
7.090909e-01 
6.000000e-01 
8.636364e-01 
6.818182e-01 
5.545455e-01 
3.363636e-01 
6.272727e-01 
4.363636e-01 
6.000000e-01 
6.000000e-01 
5.818182e-01 
7.272727e-01 
4.363636e-01 
4.727273e-01 
8.363636e-01 
7.636364e-01 
7.727273e-01 
6.727273e-01 
7.272727e-01 
6.909091e-01 
7.363636e-01 
7.545455e-01 
7.909091e-01 
6.272727e-01 
9.181818e-01 
6.545455e-01 
9.181818e-01 
7.363636e-01 
9.454545e-01 
8.545455e-01 
8.181818e-01 
7.818182e-01 
7.818182e-01 
5.727273e-01 
9.545455e-01 
6.000000e-01 
1 
7.636364e-01 
7.454545e-01 
7.454545e-01 
5.454545e-01 
8.272727e-01 
7.363636e-01 
6.363636e-01 
6.727273e-01 
5.818182e-01 
7.181818e-01 
5.454545e-01 
6.818182e-01 
6.636364e-01 
7.636364e-01 
6.818182e-01 
8.727273e-01 
5.909091e-01 
7.818182e-01 
6.909091e-01 
7.818182e-01 
6.727273e-01 
8.090909e-01 
6.454545e-01 
8.909091e-01 
6.545455e-01 
7.727273e-01 
7.636364e-01 
6.272727e-01 
6.272727e-01 
7.000000e-01 
7.000000e-01 
8.000000e-01 
6.136364e-01 
7.181818e-01 
6.363636e-01 
7.181818e-01 
