5.263158e-02 
0 
2.631579e-02 
1.315789e-01 
0 
0 
2.631579e-02 
7.894737e-02 
1.578947e-01 
5.263158e-02 
1.052632e-01 
1.842105e-01 
5.263158e-02 
0 
5.263158e-02 
1.315789e-01 
3.157895e-01 
7.894737e-02 
5.263158e-02 
7.894737e-02 
1.315789e-01 
5.263158e-02 
0 
0 
2.894737e-01 
2.631579e-02 
5.263158e-02 
2.894737e-01 
5.263158e-02 
2.631579e-02 
3.157895e-01 
6.052632e-01 
3.157895e-01 
0 
0 
1.052632e-01 
5.263158e-02 
2.368421e-01 
7.368421e-01 
3.684211e-01 
0 
0 
2.631579e-02 
2.631579e-02 
5.263158e-02 
0 
4.736842e-01 
5.263158e-02 
0 
2.631579e-02 
0 
2.631579e-02 
2.631579e-02 
3.947368e-01 
3.421053e-01 
0 
0 
1.052632e-01 
2.631579e-02 
0 
1.578947e-01 
5.263158e-01 
1.973684e-01 
6.315789e-01 
1.842105e-01 
1.315789e-01 
0 
1.315789e-01 
1.578947e-01 
0 
1.578947e-01 
3.421053e-01 
7.894737e-02 
0 
5.263158e-02 
1.052632e-01 
7.894737e-02 
7.894737e-02 
6.052632e-01 
1.052632e-01 
2.631579e-02 
2.631579e-02 
2.631579e-02 
7.894737e-02 
1.578947e-01 
3.947368e-01 
5.000000e-01 
0 
5.263158e-02 
0 
0 
5.263158e-02 
2.894737e-01 
5.263158e-01 
2.105263e-01 
2.105263e-01 
3.684211e-01 
2.368421e-01 
0 
1.315789e-01 
1.052632e-01 
5.263158e-02 
2.631579e-01 
1.052632e-01 
1.052632e-01 
3.157895e-01 
1.052632e-01 
7.894737e-02 
1.052632e-01 
2.368421e-01 
3.421053e-01 
6.315789e-01 
3.157895e-01 
7.894737e-02 
0 
7.894737e-02 
2.631579e-02 
5.263158e-02 
2.631579e-02 
3.421053e-01 
5.789474e-01 
1.578947e-01 
5.263158e-02 
1.315789e-01 
7.894737e-02 
0 
3.157895e-01 
2.631579e-02 
1.578947e-01 
5.526316e-01 
2.631579e-02 
1.315789e-01 
7.894737e-02 
4.473684e-01 
5.263158e-02 
5.263158e-01 
5.263158e-02 
2.631579e-01 
7.894737e-02 
1.842105e-01 
1.052632e-01 
0 
0 
9.210526e-01 
3.947368e-01 
1.315789e-01 
5.263158e-02 
7.894737e-02 
1.578947e-01 
0 
1.842105e-01 
2.105263e-01 
1.842105e-01 
3.684211e-01 
2.631579e-02 
2.631579e-02 
7.894737e-02 
1.578947e-01 
2.368421e-01 
7.894737e-02 
2.631579e-02 
1.842105e-01 
1.315789e-01 
7.894737e-02 
2.368421e-01 
0 
5.263158e-02 
2.894737e-01 
7.894737e-02 
4.210526e-01 
1.052632e-01 
7.894737e-02 
2.368421e-01 
0 
1.052632e-01 
5.263158e-02 
2.631579e-02 
5.263158e-02 
2.631579e-01 
2.368421e-01 
2.631579e-01 
6.578947e-01 
6.578947e-01 
1.052632e-01 
1.578947e-01 
3.684211e-01 
0 
2.631579e-02 
1.578947e-01 
1.578947e-01 
4.473684e-01 
1.052632e-01 
0 
2.631579e-01 
2.105263e-01 
2.631579e-02 
7.894737e-02 
3.157895e-01 
2.631579e-02 
2.368421e-01 
1.842105e-01 
2.105263e-01 
0 
5.263158e-02 
3.684211e-01 
1.315789e-01 
7.894737e-02 
1.315789e-01 
0 
0 
2.368421e-01 
2.368421e-01 
2.105263e-01 
2.631579e-02 
1.052632e-01 
3.157895e-01 
0 
7.894737e-02 
3.157895e-01 
2.631579e-02 
2.631579e-01 
2.631579e-02 
1.052632e-01 
5.263158e-02 
2.631579e-01 
3.684211e-01 
2.631579e-01 
2.631579e-02 
0 
3.421053e-01 
3.421053e-01 
7.894737e-02 
3.684211e-01 
7.894737e-02 
0 
4.210526e-01 
3.157895e-01 
1.052632e-01 
2.631579e-02 
2.105263e-01 
5.263158e-02 
4.210526e-01 
1.578947e-01 
4.736842e-01 
1.578947e-01 
3.947368e-01 
0 
3.421053e-01 
3.421053e-01 
0 
2.631579e-02 
3.947368e-01 
2.631579e-02 
1.578947e-01 
0 
0 
2.368421e-01 
5.263158e-01 
1.578947e-01 
2.631579e-02 
1.315789e-01 
0 
6.578947e-01 
1.842105e-01 
2.631579e-02 
0 
2.631579e-02 
7.894737e-02 
1.315789e-01 
3.947368e-01 
7.631579e-01 
1.315789e-01 
5.263158e-02 
5.263158e-02 
0 
2.631579e-02 
1.315789e-01 
1 
0 
7.894737e-02 
2.105263e-01 
3.947368e-01 
0 
1.578947e-01 
2.631579e-02 
1.184211e-01 
3.947368e-01 
1.842105e-01 
0 
7.894737e-02 
7.894737e-02 
1.315789e-01 
1.052632e-01 
2.631579e-02 
2.105263e-01 
4.210526e-01 
2.631579e-02 
2.631579e-02 
2.631579e-02 
2.631579e-02 
2.105263e-01 
7.894737e-02 
1.578947e-01 
1.578947e-01 
7.894737e-02 
2.105263e-01 
0 
7.894737e-02 
2.631579e-02 
1.842105e-01 
0 
0 
7.894737e-02 
1.578947e-01 
0 
1.315789e-01 
2.631579e-02 
2.631579e-02 
2.631579e-02 
7.894737e-02 
1.315789e-01 
3.421053e-01 
2.105263e-01 
2.105263e-01 
0 
0 
2.631579e-02 
5.263158e-02 
5.263158e-02 
4.210526e-01 
5.263158e-02 
7.894737e-02 
1.052632e-01 
4.473684e-01 
5.000000e-01 
0 
0 
7.894737e-02 
3.947368e-02 
0 
2.631579e-02 
6.578947e-01 
1.315789e-01 
1.052632e-01 
3.421053e-01 
3.157895e-01 
5.263158e-02 
0 
5.263158e-02 
7.105263e-01 
1.315789e-01 
2.631579e-02 
0 
5.263158e-02 
3.947368e-01 
1.052632e-01 
0 
0 
0 
2.631579e-01 
1.578947e-01 
4.736842e-01 
