1.250000e-01 
4.375000e-01 
1.875000e-01 
1.875000e-01 
1.875000e-01 
1.250000e-01 
6.250000e-02 
0 
6.250000e-02 
5.625000e-01 
6.250000e-02 
6.250000e-02 
0 
1.875000e-01 
5.625000e-01 
3.750000e-01 
3.125000e-01 
1.250000e-01 
6.250000e-02 
7.500000e-01 
6.250000e-02 
2.500000e-01 
4.375000e-01 
1.875000e-01 
1.250000e-01 
1.250000e-01 
1.250000e-01 
6.875000e-01 
2.500000e-01 
1.875000e-01 
6.875000e-01 
6.250000e-02 
6.250000e-02 
0 
6.250000e-02 
2.500000e-01 
0 
0 
3.125000e-01 
1.875000e-01 
1.875000e-01 
3.125000e-01 
1.875000e-01 
1.250000e-01 
1.250000e-01 
1.875000e-01 
5.000000e-01 
3.125000e-01 
1.250000e-01 
1.250000e-01 
0 
6.250000e-02 
0 
0 
3.125000e-01 
2.500000e-01 
1.875000e-01 
3.750000e-01 
1.875000e-01 
1.875000e-01 
3.125000e-01 
1.250000e-01 
6.250000e-02 
1.875000e-01 
8.750000e-01 
1.875000e-01 
5.625000e-01 
6.250000e-02 
1.250000e-01 
6.250000e-02 
4.375000e-01 
3.125000e-01 
2.500000e-01 
6.250000e-01 
2.500000e-01 
0 
1.875000e-01 
3.125000e-01 
3.125000e-01 
3.750000e-01 
1.875000e-01 
0 
0 
2.500000e-01 
6.250000e-02 
4.375000e-01 
3.750000e-01 
2.500000e-01 
3.125000e-01 
5.000000e-01 
0 
6.250000e-02 
1.250000e-01 
0 
1.250000e-01 
1.875000e-01 
2.500000e-01 
1.875000e-01 
6.250000e-02 
1.250000e-01 
3.750000e-01 
0 
1.250000e-01 
3.750000e-01 
1.250000e-01 
2.500000e-01 
3.125000e-01 
3.750000e-01 
3.750000e-01 
3.125000e-01 
6.250000e-02 
6.250000e-01 
1.875000e-01 
1.875000e-01 
2.812500e-01 
3.125000e-01 
1.250000e-01 
1.875000e-01 
6.250000e-02 
1.250000e-01 
1.250000e-01 
2.500000e-01 
6.250000e-02 
3.125000e-01 
6.250000e-02 
6.250000e-02 
3.750000e-01 
3.125000e-01 
2.500000e-01 
2.500000e-01 
6.250000e-02 
2.500000e-01 
6.250000e-02 
1.250000e-01 
3.750000e-01 
6.250000e-02 
2.500000e-01 
3.125000e-01 
6.250000e-02 
5.000000e-01 
1.250000e-01 
6.250000e-02 
1.250000e-01 
2.500000e-01 
6.250000e-02 
2.500000e-01 
6.250000e-02 
1.250000e-01 
6.250000e-02 
0 
5.000000e-01 
4.375000e-01 
1.250000e-01 
2.500000e-01 
6.250000e-02 
1.250000e-01 
0 
1.250000e-01 
1.250000e-01 
5.000000e-01 
1.250000e-01 
2.500000e-01 
3.125000e-01 
0 
6.250000e-02 
3.125000e-01 
1.250000e-01 
3.125000e-01 
2.500000e-01 
5.625000e-01 
5.000000e-01 
1.250000e-01 
3.750000e-01 
1.250000e-01 
4.375000e-01 
7.500000e-01 
6.250000e-02 
6.250000e-02 
3.750000e-01 
1.250000e-01 
2.500000e-01 
6.250000e-01 
3.125000e-01 
4.375000e-01 
6.250000e-01 
4.375000e-01 
1.250000e-01 
6.250000e-02 
0 
1.875000e-01 
5.625000e-01 
7.500000e-01 
0 
1.875000e-01 
6.250000e-02 
1.250000e-01 
3.125000e-01 
1.875000e-01 
2.812500e-01 
3.750000e-01 
2.812500e-01 
3.750000e-01 
1.875000e-01 
1.875000e-01 
1.875000e-01 
6.250000e-02 
1.250000e-01 
2.500000e-01 
1.250000e-01 
1.250000e-01 
2.500000e-01 
3.125000e-01 
3.750000e-01 
1.875000e-01 
1.250000e-01 
6.250000e-02 
3.750000e-01 
3.750000e-01 
3.125000e-01 
3.125000e-01 
6.250000e-02 
0 
3.125000e-01 
3.750000e-01 
1.250000e-01 
6.875000e-01 
4.375000e-01 
6.250000e-02 
2.500000e-01 
2.500000e-01 
2.500000e-01 
2.500000e-01 
6.250000e-02 
6.250000e-02 
1.250000e-01 
2.500000e-01 
2.500000e-01 
4.375000e-01 
6.250000e-02 
1.875000e-01 
1.250000e-01 
3.125000e-01 
1.875000e-01 
1.875000e-01 
2.500000e-01 
6.250000e-02 
3.125000e-01 
4.375000e-01 
6.250000e-02 
3.125000e-01 
1.875000e-01 
1.875000e-01 
1.875000e-01 
1.250000e-01 
0 
0 
2.500000e-01 
1.250000e-01 
1.250000e-01 
2.500000e-01 
3.125000e-01 
6.250000e-02 
3.125000e-01 
6.250000e-02 
1.250000e-01 
5.000000e-01 
0 
6.250000e-02 
1.875000e-01 
1.250000e-01 
1.250000e-01 
1.875000e-01 
1.250000e-01 
3.750000e-01 
1.250000e-01 
1.875000e-01 
1.875000e-01 
2.500000e-01 
0 
1.250000e-01 
1.875000e-01 
6.250000e-02 
1.875000e-01 
2.500000e-01 
3.125000e-01 
2.500000e-01 
1.250000e-01 
0 
1.250000e-01 
3.750000e-01 
1.250000e-01 
6.250000e-02 
1.250000e-01 
1.875000e-01 
3.125000e-01 
1.250000e-01 
6.250000e-02 
5.000000e-01 
1.875000e-01 
1.250000e-01 
6.250000e-02 
2.500000e-01 
1.875000e-01 
2.500000e-01 
0 
6.250000e-02 
0 
9.375000e-02 
6.250000e-02 
1.250000e-01 
6.250000e-02 
2.500000e-01 
6.250000e-02 
0 
1.250000e-01 
1.875000e-01 
6.250000e-02 
1.875000e-01 
1.875000e-01 
1.875000e-01 
5.000000e-01 
1.250000e-01 
1.875000e-01 
3.750000e-01 
0 
1.250000e-01 
1.250000e-01 
6.250000e-02 
1.875000e-01 
1.875000e-01 
2.500000e-01 
0 
3.125000e-01 
6.875000e-01 
0 
3.750000e-01 
6.250000e-02 
1.875000e-01 
3.750000e-01 
1.875000e-01 
0 
1.250000e-01 
1.875000e-01 
1.250000e-01 
1.875000e-01 
6.250000e-02 
6.250000e-02 
6.250000e-02 
1.250000e-01 
1.875000e-01 
2.500000e-01 
6.250000e-02 
3.125000e-01 
1.250000e-01 
1.875000e-01 
1.875000e-01 
6.250000e-02 
1.250000e-01 
6.250000e-02 
3.125000e-01 
6.250000e-02 
1 
