8.431373e-01 
7.254902e-01 
8.039216e-01 
8.627451e-01 
5.588235e-01 
7.254902e-01 
7.843137e-01 
7.647059e-01 
8.529412e-01 
6.078431e-01 
7.843137e-01 
8.823529e-01 
7.450980e-01 
6.862745e-01 
6.862745e-01 
9.019608e-01 
6.274510e-01 
6.176471e-01 
6.470588e-01 
9.215686e-01 
6.078431e-01 
6.078431e-01 
5.490196e-01 
7.352941e-01 
6.862745e-01 
4.117647e-01 
6.176471e-01 
9.411765e-01 
6.078431e-01 
5.490196e-01 
7.254902e-01 
7.058824e-01 
6.666667e-01 
6.862745e-01 
7.352941e-01 
5.098039e-01 
5.882353e-01 
7.843137e-01 
7.254902e-01 
6.470588e-01 
7.058824e-01 
7.058824e-01 
8.823529e-01 
6.078431e-01 
5.588235e-01 
6.470588e-01 
8.529412e-01 
6.470588e-01 
5.490196e-01 
5.882353e-01 
7.058824e-01 
4.313725e-01 
6.764706e-01 
6.862745e-01 
6.862745e-01 
6.470588e-01 
8.235294e-01 
6.274510e-01 
6.078431e-01 
7.352941e-01 
7.450980e-01 
7.058824e-01 
8.039216e-01 
8.039216e-01 
6.764706e-01 
7.058824e-01 
7.843137e-01 
7.254902e-01 
5.882353e-01 
7.058824e-01 
8.235294e-01 
7.254902e-01 
5.686275e-01 
6.470588e-01 
8.627451e-01 
6.470588e-01 
6.078431e-01 
5.882353e-01 
9.117647e-01 
8.039216e-01 
6.078431e-01 
5.490196e-01 
7.647059e-01 
5.686275e-01 
5.588235e-01 
7.058824e-01 
6.470588e-01 
7.941176e-01 
7.254902e-01 
5.490196e-01 
5.686275e-01 
6.078431e-01 
7.254902e-01 
6.078431e-01 
6.470588e-01 
8.823529e-01 
8.039216e-01 
9.607843e-01 
6.470588e-01 
8.823529e-01 
5.490196e-01 
5.000000e-01 
6.470588e-01 
7.647059e-01 
4.117647e-01 
6.666667e-01 
6.666667e-01 
8.039216e-01 
6.470588e-01 
5.294118e-01 
7.352941e-01 
8.627451e-01 
7.450980e-01 
8.823529e-01 
5.098039e-01 
7.058824e-01 
6.764706e-01 
5.294118e-01 
4.313725e-01 
7.254902e-01 
6.862745e-01 
8.235294e-01 
6.078431e-01 
8.235294e-01 
5.882353e-01 
4.901961e-01 
6.470588e-01 
7.450980e-01 
6.470588e-01 
8.039216e-01 
5.098039e-01 
7.647059e-01 
6.862745e-01 
4.901961e-01 
5.490196e-01 
6.862745e-01 
6.274510e-01 
7.647059e-01 
5.000000e-01 
7.450980e-01 
5.294118e-01 
4.509804e-01 
4.901961e-01 
9.117647e-01 
7.058824e-01 
8.235294e-01 
5.294118e-01 
7.450980e-01 
5.294118e-01 
4.313725e-01 
6.470588e-01 
8.235294e-01 
6.078431e-01 
8.627451e-01 
5.490196e-01 
8.039216e-01 
5.882353e-01 
5.098039e-01 
7.058824e-01 
8.431373e-01 
6.862745e-01 
7.058824e-01 
8.039216e-01 
6.666667e-01 
7.352941e-01 
6.666667e-01 
6.078431e-01 
8.431373e-01 
5.294118e-01 
6.470588e-01 
7.352941e-01 
6.862745e-01 
9.019608e-01 
5.882353e-01 
6.078431e-01 
9.019608e-01 
5.490196e-01 
5.490196e-01 
7.058824e-01 
7.941176e-01 
7.647059e-01 
6.666667e-01 
6.274510e-01 
8.529412e-01 
5.588235e-01 
7.647059e-01 
7.058824e-01 
4.705882e-01 
8.235294e-01 
6.470588e-01 
5.686275e-01 
8.431373e-01 
5.000000e-01 
7.647059e-01 
8.039216e-01 
6.274510e-01 
6.666667e-01 
5.882353e-01 
4.509804e-01 
8.627451e-01 
6.274510e-01 
7.058824e-01 
7.843137e-01 
5.882353e-01 
7.647059e-01 
6.274510e-01 
6.862745e-01 
7.254902e-01 
6.666667e-01 
3.921569e-01 
8.039216e-01 
5.882353e-01 
6.666667e-01 
4.411765e-01 
5.294118e-01 
8.627451e-01 
5.490196e-01 
5.098039e-01 
8.235294e-01 
5.882353e-01 
7.843137e-01 
6.470588e-01 
6.078431e-01 
7.647059e-01 
6.862745e-01 
8.627451e-01 
6.274510e-01 
9.019608e-01 
4.313725e-01 
7.647059e-01 
5.588235e-01 
7.843137e-01 
6.078431e-01 
6.862745e-01 
5.882353e-01 
8.823529e-01 
5.294118e-01 
8.039216e-01 
5.294118e-01 
8.823529e-01 
5.490196e-01 
7.254902e-01 
5.490196e-01 
6.470588e-01 
5.490196e-01 
8.529412e-01 
5.490196e-01 
8.235294e-01 
6.862745e-01 
7.450980e-01 
5.490196e-01 
7.058824e-01 
5.490196e-01 
7.941176e-01 
4.509804e-01 
7.647059e-01 
7.254902e-01 
5.882353e-01 
5.882353e-01 
8.823529e-01 
7.058824e-01 
6.078431e-01 
8.431373e-01 
9.411765e-01 
5.294118e-01 
5.294118e-01 
6.470588e-01 
6.470588e-01 
5.000000e-01 
4.901961e-01 
6.666667e-01 
1 
4.901961e-01 
4.901961e-01 
5.882353e-01 
5.098039e-01 
5.686275e-01 
5.882353e-01 
7.058824e-01 
6.470588e-01 
6.078431e-01 
7.058824e-01 
5.588235e-01 
8.039216e-01 
5.686275e-01 
5.490196e-01 
8.431373e-01 
7.254902e-01 
5.294118e-01 
5.882353e-01 
5.882353e-01 
6.666667e-01 
4.901961e-01 
4.117647e-01 
5.294118e-01 
9.019608e-01 
5.294118e-01 
4.705882e-01 
6.470588e-01 
6.470588e-01 
6.862745e-01 
6.666667e-01 
5.294118e-01 
8.823529e-01 
6.862745e-01 
7.450980e-01 
5.882353e-01 
6.764706e-01 
5.882353e-01 
7.058824e-01 
5.490196e-01 
7.450980e-01 
6.862745e-01 
7.450980e-01 
5.882353e-01 
8.431373e-01 
7.647059e-01 
7.254902e-01 
6.470588e-01 
6.862745e-01 
7.843137e-01 
7.450980e-01 
6.666667e-01 
8.627451e-01 
5.490196e-01 
8.823529e-01 
6.470588e-01 
6.764706e-01 
6.862745e-01 
7.941176e-01 
6.078431e-01 
6.470588e-01 
5.490196e-01 
7.647059e-01 
7.843137e-01 
8.823529e-01 
5.686275e-01 
6.078431e-01 
5.294118e-01 
6.862745e-01 
6.862745e-01 
7.450980e-01 
5.588235e-01 
7.352941e-01 
7.058824e-01 
8.823529e-01 
5.294118e-01 
6.078431e-01 
6.470588e-01 
7.941176e-01 
5.686275e-01 
9.411765e-01 
8.823529e-01 
7.254902e-01 
6.862745e-01 
9.411765e-01 
4.901961e-01 
5.882353e-01 
6.274510e-01 
6.470588e-01 
5.882353e-01 
8.529412e-01 
