0 
1 
0 
0 
9.090909e-02 
9.090909e-02 
3.030303e-02 
9.090909e-02 
3.030303e-02 
3.030303e-02 
0 
1.515152e-01 
3.030303e-02 
3.030303e-02 
6.060606e-02 
0 
1.212121e-01 
9.090909e-02 
9.090909e-02 
9.090909e-02 
4.242424e-01 
9.090909e-02 
1.515152e-01 
9.090909e-02 
2.424242e-01 
9.090909e-02 
3.333333e-01 
2.121212e-01 
4.242424e-01 
3.333333e-01 
9.090909e-02 
3.030303e-02 
3.030303e-02 
0 
0 
6.060606e-02 
0 
0 
6.060606e-02 
0 
1.212121e-01 
2.424242e-01 
1.212121e-01 
9.090909e-02 
2.121212e-01 
9.090909e-02 
3.030303e-02 
3.030303e-02 
0 
0 
6.060606e-02 
0 
0 
0 
9.090909e-02 
9.090909e-02 
9.090909e-02 
3.030303e-02 
2.272727e-01 
0 
6.060606e-02 
3.030303e-02 
0 
3.030303e-02 
1.212121e-01 
0 
0 
0 
3.030303e-02 
3.030303e-02 
1.515152e-01 
2.424242e-01 
2.424242e-01 
2.424242e-01 
9.090909e-02 
3.636364e-01 
1.363636e-01 
1.212121e-01 
0 
9.090909e-02 
6.060606e-02 
6.060606e-02 
1.212121e-01 
2.272727e-01 
0 
0 
0 
0 
9.090909e-02 
1.212121e-01 
0 
3.030303e-02 
1.515152e-01 
3.030303e-02 
1.212121e-01 
3.030303e-02 
1.212121e-01 
9.090909e-02 
1.212121e-01 
3.030303e-02 
2.121212e-01 
1.212121e-01 
6.060606e-02 
6.060606e-02 
6.060606e-02 
1.212121e-01 
1.212121e-01 
9.090909e-02 
6.060606e-02 
4.545455e-02 
9.090909e-02 
3.030303e-02 
1.818182e-01 
3.030303e-02 
9.090909e-02 
9.090909e-02 
2.424242e-01 
6.060606e-02 
1.212121e-01 
3.030303e-02 
0 
0 
6.060606e-02 
3.030303e-02 
1.515152e-01 
1.818182e-01 
0 
3.030303e-02 
6.060606e-02 
0 
1.212121e-01 
6.060606e-02 
4.545455e-01 
3.030303e-02 
9.090909e-02 
0 
6.060606e-02 
6.060606e-02 
0 
9.090909e-02 
6.060606e-02 
1.818182e-01 
3.030303e-01 
0 
1.818182e-01 
6.060606e-02 
6.060606e-02 
9.090909e-02 
4.848485e-01 
9.090909e-02 
6.060606e-02 
1.212121e-01 
1.212121e-01 
2.727273e-01 
2.121212e-01 
0 
3.030303e-01 
6.060606e-02 
1.818182e-01 
0 
0 
9.090909e-02 
1.212121e-01 
3.030303e-02 
9.090909e-02 
3.030303e-02 
0 
1.363636e-01 
9.090909e-02 
4.545455e-02 
9.090909e-02 
1.363636e-01 
9.090909e-02 
6.060606e-02 
1.212121e-01 
6.060606e-02 
0 
9.090909e-02 
2.121212e-01 
3.030303e-02 
3.030303e-02 
0 
3.030303e-02 
3.030303e-02 
3.030303e-02 
1.212121e-01 
0 
9.090909e-02 
2.121212e-01 
6.060606e-02 
3.030303e-02 
6.060606e-02 
0 
9.090909e-02 
3.030303e-02 
9.090909e-02 
6.060606e-02 
0 
9.090909e-02 
0 
6.060606e-02 
2.424242e-01 
1.212121e-01 
9.090909e-02 
1.212121e-01 
3.030303e-02 
6.060606e-02 
1.212121e-01 
6.060606e-02 
4.545455e-02 
1.515152e-01 
2.424242e-01 
0 
1.212121e-01 
6.060606e-02 
6.060606e-02 
9.090909e-02 
3.030303e-02 
2.121212e-01 
9.090909e-02 
0 
9.090909e-02 
1.212121e-01 
0 
1.818182e-01 
9.090909e-02 
3.030303e-02 
3.030303e-02 
2.727273e-01 
2.121212e-01 
1.818182e-01 
0 
9.090909e-02 
1.212121e-01 
0 
2.121212e-01 
1.212121e-01 
6.060606e-02 
1.515152e-01 
9.090909e-02 
2.121212e-01 
6.060606e-02 
1.818182e-01 
6.060606e-02 
6.060606e-02 
2.121212e-01 
0 
3.030303e-02 
2.121212e-01 
3.030303e-02 
9.090909e-02 
1.515152e-01 
3.030303e-01 
3.030303e-02 
6.060606e-02 
3.333333e-01 
2.424242e-01 
9.090909e-02 
0 
6.060606e-02 
9.090909e-02 
2.727273e-01 
0 
1.818182e-01 
2.424242e-01 
3.030303e-01 
4.848485e-01 
2.727273e-01 
1.818182e-01 
1.818182e-01 
4.545455e-01 
3.030303e-02 
2.121212e-01 
3.030303e-02 
3.030303e-01 
0 
6.060606e-02 
2.121212e-01 
3.333333e-01 
2.424242e-01 
4.848485e-01 
1.818182e-01 
3.636364e-01 
1.515152e-01 
2.727273e-01 
3.030303e-01 
1.818182e-01 
1.818182e-01 
1.818182e-01 
2.727273e-01 
3.636364e-01 
2.727273e-01 
3.939394e-01 
0 
1.212121e-01 
3.030303e-02 
6.060606e-02 
6.060606e-02 
9.090909e-02 
1.363636e-01 
3.333333e-01 
9.090909e-02 
1.212121e-01 
1.212121e-01 
2.121212e-01 
6.060606e-02 
2.424242e-01 
9.090909e-02 
3.181818e-01 
9.090909e-02 
3.030303e-01 
2.727273e-01 
3.939394e-01 
3.030303e-01 
5.454545e-01 
5.454545e-01 
5.454545e-01 
6.969697e-01 
9.090909e-01 
5.454545e-01 
2.727273e-01 
5.757576e-01 
1.515152e-01 
2.121212e-01 
3.636364e-01 
5.151515e-01 
5.757576e-01 
3.030303e-01 
3.636364e-01 
1.212121e-01 
4.545455e-01 
9.090909e-02 
6.060606e-02 
6.060606e-02 
6.060606e-02 
6.060606e-02 
2.121212e-01 
2.121212e-01 
3.030303e-01 
1.515152e-01 
3.333333e-01 
1.515152e-01 
2.727273e-01 
1.515152e-01 
2.727273e-01 
2.121212e-01 
3.333333e-01 
3.181818e-01 
1.818182e-01 
1.212121e-01 
9.090909e-02 
6.060606e-02 
4.545455e-01 
3.939394e-01 
6.060606e-02 
1.818182e-01 
3.636364e-01 
3.030303e-01 
1.818182e-01 
9.090909e-02 
2.121212e-01 
3.030303e-02 
