4.760000e-02 
3.333000e-01 
3.810000e-01 
1.429000e-01 
1.429000e-01 
9.520000e-02 
4.760000e-02 
1.905000e-01 
2.857000e-01 
1.905000e-01 
9.520000e-02 
4.760000e-02 
2.381000e-01 
9.520000e-02 
0 
1.429000e-01 
9.520000e-02 
2.381000e-01 
2.857000e-01 
9.520000e-02 
2.857000e-01 
2.381000e-01 
4.760000e-02 
1.429000e-01 
3.333000e-01 
4.760000e-02 
2.381000e-01 
5.714000e-01 
5.238000e-01 
3.333000e-01 
1.429000e-01 
9.520000e-02 
4.760000e-02 
0 
0 
1.429000e-01 
4.760000e-02 
0 
3.333000e-01 
1.905000e-01 
1.429000e-01 
1.429000e-01 
0 
2.381000e-01 
0 
1.429000e-01 
9.520000e-02 
0 
0 
0 
0 
9.520000e-02 
4.760000e-02 
4.760000e-02 
4.760000e-02 
9.520000e-02 
2.381000e-01 
9.520000e-02 
1.429000e-01 
4.760000e-02 
1.905000e-01 
2.381000e-01 
9.520000e-02 
9.520000e-02 
9.520000e-02 
9.520000e-02 
1.429000e-01 
0 
9.520000e-02 
0 
4.760000e-02 
1.905000e-01 
3.333000e-01 
9.520000e-02 
2.381000e-01 
4.760000e-02 
2.857000e-01 
4.760000e-02 
9.520000e-02 
2.381000e-01 
5.714000e-01 
4.760000e-02 
4.760000e-02 
4.760000e-02 
4.760000e-02 
1.429000e-01 
9.520000e-02 
1.905000e-01 
0 
1.429000e-01 
4.760000e-02 
0 
1.905000e-01 
9.520000e-02 
1.429000e-01 
4.760000e-02 
2.857000e-01 
1.905000e-01 
4.760000e-02 
2.857000e-01 
9.520000e-02 
2.381000e-01 
4.760000e-02 
9.520000e-02 
3.333000e-01 
1.429000e-01 
1.905000e-01 
1.905000e-01 
0 
9.520000e-02 
0 
4.760000e-02 
2.857000e-01 
2.857000e-01 
0 
2.857000e-01 
9.520000e-02 
1.905000e-01 
0 
9.520000e-02 
3.333000e-01 
2.381000e-01 
1.429000e-01 
1.905000e-01 
2.381000e-01 
2.381000e-01 
9.520000e-02 
5.714000e-01 
4.286000e-01 
1.429000e-01 
0 
2.381000e-01 
0 
4.760000e-02 
4.760000e-02 
9.520000e-02 
2.381000e-01 
4.760000e-02 
1.429000e-01 
1.905000e-01 
4.760000e-02 
9.520000e-02 
4.760000e-02 
4.760000e-02 
2.857000e-01 
9.520000e-02 
4.760000e-02 
3.333000e-01 
4.760000e-02 
4.760000e-02 
0 
4.286000e-01 
2.381000e-01 
0 
2.381000e-01 
4.760000e-02 
0 
4.760000e-02 
1.905000e-01 
0 
4.760000e-02 
2.381000e-01 
0 
4.760000e-02 
1.429000e-01 
0 
3.333000e-01 
0 
1.905000e-01 
9.520000e-02 
9.520000e-02 
1.905000e-01 
1.905000e-01 
4.760000e-02 
9.520000e-02 
1.905000e-01 
9.520000e-02 
1.905000e-01 
0 
4.760000e-02 
9.520000e-02 
9.520000e-02 
0 
0 
1.429000e-01 
1.905000e-01 
9.520000e-02 
1.905000e-01 
1.429000e-01 
0 
4.760000e-02 
0 
9.520000e-02 
9.520000e-02 
4.760000e-02 
1.429000e-01 
9.520000e-02 
0 
1.905000e-01 
0 
4.760000e-02 
9.520000e-02 
9.520000e-02 
4.760000e-02 
1.905000e-01 
9.520000e-02 
2.857000e-01 
1.429000e-01 
9.520000e-02 
4.760000e-02 
0 
0 
9.520000e-02 
4.760000e-02 
4.760000e-02 
1.429000e-01 
9.520000e-02 
9.520000e-02 
4.760000e-02 
1.429000e-01 
4.760000e-02 
4.760000e-02 
4.760000e-02 
2.857000e-01 
1.905000e-01 
3.333000e-01 
4.760000e-02 
9.520000e-02 
4.760000e-02 
1.905000e-01 
0 
1.429000e-01 
1.429000e-01 
1.429000e-01 
0 
1.429000e-01 
0 
9.520000e-02 
9.520000e-02 
2.381000e-01 
4.760000e-02 
4.760000e-02 
0 
1.429000e-01 
9.520000e-02 
0 
0 
9.520000e-02 
9.520000e-02 
4.760000e-02 
0 
1.429000e-01 
4.760000e-02 
4.760000e-02 
2.381000e-01 
9.520000e-02 
4.286000e-01 
9.520000e-02 
4.286000e-01 
1.905000e-01 
2.381000e-01 
1.905000e-01 
4.760000e-02 
0 
2.381000e-01 
1.905000e-01 
9.520000e-02 
3.333000e-01 
9.520000e-02 
3.333000e-01 
1.905000e-01 
2.857000e-01 
4.760000e-02 
2.381000e-01 
4.760000e-02 
9.520000e-02 
0 
4.760000e-02 
4.760000e-02 
4.760000e-02 
4.762000e-01 
1.429000e-01 
1.429000e-01 
5.238000e-01 
2.857000e-01 
1.429000e-01 
1.429000e-01 
2.857000e-01 
3.810000e-01 
1.429000e-01 
0 
9.520000e-02 
9.520000e-02 
3.333000e-01 
5.714000e-01 
3.810000e-01 
0 
9.520000e-02 
1.429000e-01 
0 
9.520000e-02 
2.857000e-01 
0 
3.810000e-01 
4.760000e-02 
2.381000e-01 
4.760000e-02 
1.429000e-01 
0 
9.520000e-02 
4.760000e-02 
1.905000e-01 
1.429000e-01 
9.520000e-02 
1.905000e-01 
1.429000e-01 
1.429000e-01 
0 
9.520000e-02 
9.520000e-02 
2.381000e-01 
1.429000e-01 
1.905000e-01 
1.905000e-01 
1.429000e-01 
0 
1.905000e-01 
9.520000e-02 
4.760000e-02 
3.333000e-01 
0 
1.429000e-01 
0 
3.810000e-01 
1.429000e-01 
4.760000e-02 
0 
2.381000e-01 
1.905000e-01 
2.857000e-01 
4.760000e-02 
0 
4.760000e-02 
4.762000e-01 
2.381000e-01 
9.520000e-02 
1.905000e-01 
9.520000e-02 
1.429000e-01 
4.286000e-01 
1.905000e-01 
3.333000e-01 
4.760000e-02 
0 
9.520000e-02 
0 
1.429000e-01 
1.429000e-01 
4.760000e-02 
2.381000e-01 
4.760000e-02 
3.333000e-01 
