6.666667e-01 
7.727273e-01 
4.545455e-01 
6.818182e-01 
5.909091e-01 
5.151515e-01 
4.242424e-01 
5.909091e-01 
5.909091e-01 
5.909091e-01 
5.454545e-01 
5.303030e-01 
5.606061e-01 
6.060606e-01 
6.363636e-01 
7.121212e-01 
4.696970e-01 
4.545455e-01 
6.666667e-01 
5.151515e-01 
5.909091e-01 
3.409091e-01 
6.818182e-01 
6.969697e-01 
5.000000e-01 
5.606061e-01 
7.878788e-01 
6.136364e-01 
4.242424e-01 
4.090909e-01 
5.909091e-01 
4.848485e-01 
4.696970e-01 
4.090909e-01 
3.181818e-01 
4.696970e-01 
3.636364e-01 
5.757576e-01 
6.666667e-01 
3.636364e-01 
5.909091e-01 
6.060606e-01 
6.818182e-01 
5.606061e-01 
4.696970e-01 
9.696970e-01 
5.303030e-01 
5.909091e-01 
6.363636e-01 
5.000000e-01 
4.696970e-01 
5.303030e-01 
5.000000e-01 
5.606061e-01 
6.515152e-01 
4.090909e-01 
6.060606e-01 
6.818182e-01 
4.545455e-01 
7.045455e-01 
4.090909e-01 
4.090909e-01 
5.151515e-01 
6.060606e-01 
3.181818e-01 
5.000000e-01 
6.515152e-01 
7.727273e-01 
2.878788e-01 
5.909091e-01 
6.969697e-01 
6.818182e-01 
5.303030e-01 
6.136364e-01 
5.909091e-01 
1 
4.545455e-01 
8.787879e-01 
8.030303e-01 
5.757576e-01 
5.151515e-01 
5.151515e-01 
4.545455e-01 
5.909091e-01 
3.333333e-01 
6.818182e-01 
5.454545e-01 
6.818182e-01 
6.666667e-01 
4.696970e-01 
4.242424e-01 
6.212121e-01 
6.515152e-01 
3.787879e-01 
4.696970e-01 
3.333333e-01 
3.030303e-01 
2.727273e-01 
5.454545e-01 
4.696970e-01 
2.954545e-01 
4.393939e-01 
5.000000e-01 
2.045455e-01 
2.878788e-01 
3.030303e-01 
3.636364e-01 
4.242424e-01 
4.090909e-01 
4.545455e-01 
4.696970e-01 
3.636364e-01 
1.969697e-01 
3.030303e-01 
3.787879e-01 
5.454545e-01 
3.939394e-01 
4.242424e-01 
4.696970e-01 
3.030303e-01 
4.545455e-01 
3.787879e-01 
3.939394e-01 
3.939394e-01 
5.757576e-01 
3.787879e-01 
5.000000e-01 
4.393939e-01 
3.939394e-01 
3.787879e-01 
4.545455e-01 
4.090909e-01 
4.696970e-01 
5.757576e-01 
4.393939e-01 
2.575758e-01 
4.090909e-01 
3.181818e-01 
3.484848e-01 
3.181818e-01 
5.454545e-01 
5.303030e-01 
5.909091e-01 
3.181818e-01 
3.181818e-01 
2.121212e-01 
5.151515e-01 
4.242424e-01 
4.090909e-01 
2.878788e-01 
4.545455e-01 
2.121212e-01 
4.242424e-01 
1.818182e-01 
3.636364e-01 
4.545455e-01 
4.848485e-01 
3.636364e-01 
5.000000e-01 
5.151515e-01 
4.696970e-01 
3.636364e-01 
4.318182e-01 
4.696970e-01 
6.212121e-01 
5.454545e-01 
4.848485e-01 
4.696970e-01 
4.545455e-01 
3.030303e-01 
4.242424e-01 
5.151515e-01 
4.696970e-01 
3.939394e-01 
8.939394e-01 
4.545455e-01 
5.000000e-01 
4.393939e-01 
4.696970e-01 
4.090909e-01 
5.303030e-01 
4.545455e-01 
7.424242e-01 
6.060606e-01 
6.515152e-01 
3.939394e-01 
3.636364e-01 
4.318182e-01 
4.242424e-01 
3.787879e-01 
6.515152e-01 
3.181818e-01 
7.424242e-01 
4.242424e-01 
2.575758e-01 
3.484848e-01 
2.954545e-01 
3.939394e-01 
5.000000e-01 
3.863636e-01 
4.318182e-01 
4.090909e-01 
3.333333e-01 
6.969697e-01 
6.818182e-01 
4.090909e-01 
6.060606e-01 
2.575758e-01 
4.545455e-01 
3.181818e-01 
3.181818e-01 
5.454545e-01 
3.787879e-01 
5.606061e-01 
5.606061e-01 
3.636364e-01 
3.636364e-01 
3.636364e-01 
3.636364e-01 
5.909091e-01 
2.424242e-01 
2.878788e-01 
4.242424e-01 
5.757576e-01 
3.863636e-01 
3.939394e-01 
2.878788e-01 
2.575758e-01 
3.939394e-01 
2.727273e-01 
2.121212e-01 
3.030303e-01 
2.878788e-01 
3.636364e-01 
4.772727e-01 
2.500000e-01 
4.242424e-01 
2.272727e-01 
2.954545e-01 
2.575758e-01 
3.484848e-01 
2.878788e-01 
4.393939e-01 
2.575758e-01 
2.272727e-01 
1.515152e-01 
4.242424e-01 
3.181818e-01 
2.575758e-01 
2.727273e-01 
3.484848e-01 
1.818182e-01 
2.727273e-01 
1.515152e-01 
5.454545e-01 
6.363636e-01 
5.303030e-01 
3.181818e-01 
3.636364e-01 
7.272727e-01 
5.151515e-01 
5.000000e-01 
3.181818e-01 
3.030303e-01 
4.545455e-01 
3.787879e-01 
4.696970e-01 
5.757576e-01 
5.303030e-01 
3.636364e-01 
4.848485e-01 
3.787879e-01 
2.878788e-01 
5.303030e-01 
3.939394e-01 
5.000000e-01 
3.484848e-01 
3.787879e-01 
5.000000e-01 
6.212121e-01 
5.606061e-01 
2.424242e-01 
4.318182e-01 
5.000000e-01 
5.454545e-01 
5.303030e-01 
5.454545e-01 
2.575758e-01 
4.242424e-01 
4.393939e-01 
6.212121e-01 
5.000000e-01 
4.242424e-01 
5.227273e-01 
5.303030e-01 
3.939394e-01 
2.727273e-01 
3.939394e-01 
6.212121e-01 
6.363636e-01 
4.696970e-01 
4.545455e-01 
2.272727e-01 
1.363636e-01 
4.090909e-01 
1.666667e-01 
4.545455e-01 
4.393939e-01 
3.939394e-01 
2.121212e-01 
4.545455e-01 
6.060606e-01 
3.484848e-01 
2.424242e-01 
3.333333e-01 
5.795455e-01 
6.666667e-01 
5.909091e-01 
5.681818e-01 
4.090909e-01 
5.000000e-01 
4.090909e-01 
3.030303e-01 
1.818182e-01 
3.030303e-01 
4.090909e-01 
6.363636e-01 
6.515152e-01 
4.393939e-01 
3.484848e-01 
4.848485e-01 
1.818182e-01 
2.575758e-01 
2.878788e-01 
4.242424e-01 
1.666667e-01 
4.242424e-01 
7.575758e-01 
4.393939e-01 
4.393939e-01 
5.606061e-01 
4.848485e-01 
4.545455e-01 
1.515152e-01 
5.909091e-01 
1.212121e-01 
4.696970e-01 
3.787879e-01 
5.606061e-01 
2.878788e-01 
3.939394e-01 
1.666667e-01 
6.136364e-01 
5.151515e-01 
4.393939e-01 
1.818182e-01 
4.393939e-01 
3.484848e-01 
5.681818e-01 
3.939394e-01 
4.696970e-01 
2.727273e-01 
