7.923077e-01 
5.307692e-01 
3.923077e-01 
4.846154e-01 
7.153846e-01 
7.769231e-01 
3.461538e-01 
3.307692e-01 
7.846154e-01 
6.846154e-01 
5.153846e-01 
7.384615e-01 
5.923077e-01 
5.846154e-01 
4.000000e-01 
5.076923e-01 
8.538462e-01 
7.307692e-01 
3.230769e-01 
4.769231e-01 
8.769231e-01 
8.846154e-01 
3.153846e-01 
5.307692e-01 
8.000000e-01 
5.923077e-01 
4.230769e-01 
4.615385e-01 
6.230769e-01 
7.615385e-01 
5.076923e-01 
5.692308e-01 
6.615385e-01 
4.538462e-01 
4.384615e-01 
8.769231e-01 
7.538462e-01 
4.769231e-01 
7.307692e-01 
6.461538e-01 
7.846154e-01 
4.307692e-01 
5.846154e-01 
6.769231e-01 
5.615385e-01 
3.692308e-01 
5.846154e-01 
6.461538e-01 
6.615385e-01 
4.076923e-01 
4.692308e-01 
7.461538e-01 
5.076923e-01 
4.307692e-01 
6.307692e-01 
2.692308e-01 
5.000000e-01 
8.615385e-01 
7.076923e-01 
5.153846e-01 
3.923077e-01 
4.615385e-01 
3.000000e-01 
5.923077e-01 
8.000000e-01 
6.307692e-01 
4.230769e-01 
7.076923e-01 
6.000000e-01 
5.076923e-01 
4.230769e-01 
6.846154e-01 
8.461538e-01 
3.923077e-01 
4.538462e-01 
7.153846e-01 
7.230769e-01 
5.923077e-01 
4.769231e-01 
6.076923e-01 
1 
5.615385e-01 
4.076923e-01 
6.076923e-01 
7.692308e-01 
4.000000e-01 
7.153846e-01 
5.230769e-01 
5.923077e-01 
8.538462e-01 
7.692308e-01 
3.923077e-01 
6.538462e-01 
7.461538e-01 
3.307692e-01 
6.461538e-01 
6.923077e-01 
5.076923e-01 
6.307692e-01 
4.923077e-01 
4.769231e-01 
6.615385e-01 
4.846154e-01 
5.230769e-01 
6.076923e-01 
5.000000e-01 
3.923077e-01 
5.923077e-01 
6.615385e-01 
7.461538e-01 
2.461538e-01 
5.307692e-01 
7.538462e-01 
7.538462e-01 
5.230769e-01 
6.076923e-01 
5.923077e-01 
4.730769e-01 
2.769231e-01 
4.923077e-01 
4.615385e-01 
5.384615e-01 
6.461538e-01 
6.538462e-01 
7.538462e-01 
6.538462e-01 
4.846154e-01 
5.307692e-01 
6.153846e-01 
4.692308e-01 
4.923077e-01 
6.076923e-01 
6.846154e-01 
5.230769e-01 
3.846154e-01 
4.538462e-01 
6.230769e-01 
3.923077e-01 
4.153846e-01 
4.230769e-01 
6.615385e-01 
7.000000e-01 
3.846154e-01 
5.000000e-01 
8.076923e-01 
6.346154e-01 
6.692308e-01 
8.538462e-01 
5.692308e-01 
6.846154e-01 
3.846154e-01 
3.384615e-01 
6.153846e-01 
6.000000e-01 
5.000000e-01 
5.384615e-01 
5.307692e-01 
4.923077e-01 
6.461538e-01 
7.153846e-01 
4.846154e-01 
7.692308e-01 
5.538462e-01 
6.769231e-01 
7.307692e-01 
6.153846e-01 
6.307692e-01 
3.230769e-01 
7.153846e-01 
5.846154e-01 
4.153846e-01 
5.307692e-01 
8.153846e-01 
7.000000e-01 
7.615385e-01 
7.076923e-01 
8.769231e-01 
7.000000e-01 
4.000000e-01 
6.076923e-01 
4.769231e-01 
5.692308e-01 
6.769231e-01 
6.076923e-01 
6.538462e-01 
7.384615e-01 
5.923077e-01 
6.923077e-01 
6.923077e-01 
4.846154e-01 
7.230769e-01 
6.153846e-01 
6.692308e-01 
5.846154e-01 
4.923077e-01 
6.846154e-01 
6.076923e-01 
3.230769e-01 
5.846154e-01 
6.307692e-01 
7.692308e-01 
7.769231e-01 
4.923077e-01 
7.153846e-01 
6.923077e-01 
7.923077e-01 
8.076923e-01 
4.692308e-01 
6.384615e-01 
6.769231e-01 
4.923077e-01 
6.307692e-01 
6.307692e-01 
4.923077e-01 
5.538462e-01 
2.615385e-01 
7.615385e-01 
5.307692e-01 
4.846154e-01 
6.000000e-01 
5.230769e-01 
8.153846e-01 
4.923077e-01 
5.192308e-01 
5.615385e-01 
5.615385e-01 
5.307692e-01 
5.076923e-01 
5.846154e-01 
5.384615e-01 
4.923077e-01 
4.538462e-01 
5.923077e-01 
6.615385e-01 
5.923077e-01 
6.384615e-01 
5.384615e-01 
6.153846e-01 
8.307692e-01 
5.153846e-01 
6.846154e-01 
5.153846e-01 
6.153846e-01 
6.000000e-01 
5.230769e-01 
4.538462e-01 
5.769231e-01 
5.076923e-01 
5.923077e-01 
6.538462e-01 
5.692308e-01 
6.461538e-01 
6.615385e-01 
5.076923e-01 
5.846154e-01 
4.230769e-01 
6.000000e-01 
4.153846e-01 
4.230769e-01 
4.692308e-01 
7.000000e-01 
8.307692e-01 
3.384615e-01 
6.076923e-01 
7.923077e-01 
4.615385e-01 
4.692308e-01 
3.692308e-01 
3.615385e-01 
3.923077e-01 
5.461538e-01 
5.076923e-01 
8.538462e-01 
8.384615e-01 
5.769231e-01 
4.923077e-01 
5.076923e-01 
5.769231e-01 
4.000000e-01 
3.923077e-01 
6.153846e-01 
4.461538e-01 
3.846154e-01 
5.230769e-01 
5.230769e-01 
5.538462e-01 
3.692308e-01 
5.615385e-01 
6.076923e-01 
5.769231e-01 
4.461538e-01 
5.307692e-01 
4.615385e-01 
3.615385e-01 
4.615385e-01 
5.307692e-01 
7.692308e-01 
5.769231e-01 
5.615385e-01 
5.230769e-01 
5.692308e-01 
5.230769e-01 
5.000000e-01 
5.153846e-01 
8.076923e-01 
5.384615e-01 
7.038462e-01 
3.846154e-01 
4.846154e-01 
5.230769e-01 
5.538462e-01 
4.961538e-01 
4.153846e-01 
4.923077e-01 
4.615385e-01 
5.538462e-01 
5.692308e-01 
5.153846e-01 
4.769231e-01 
5.076923e-01 
5.461538e-01 
4.307692e-01 
4.615385e-01 
5.384615e-01 
5.153846e-01 
4.692308e-01 
5.884615e-01 
5.153846e-01 
4.692308e-01 
4.230769e-01 
3.846154e-01 
4.538462e-01 
5.615385e-01 
4.307692e-01 
6.153846e-01 
5.538462e-01 
5.769231e-01 
5.615385e-01 
7.076923e-01 
4.615385e-01 
4.615385e-01 
4.153846e-01 
5.153846e-01 
4.000000e-01 
6.615385e-01 
6.769231e-01 
4.923077e-01 
5.615385e-01 
4.692308e-01 
3.769231e-01 
6.307692e-01 
6.000000e-01 
8.000000e-01 
6.384615e-01 
6.307692e-01 
7.538462e-01 
6.846154e-01 
6.076923e-01 
4.076923e-01 
4.769231e-01 
2.884615e-01 
4.538462e-01 
