3.617021e-01 
3.829787e-01 
6.170213e-01 
5.744681e-01 
3.617021e-01 
2.553191e-01 
3.617021e-01 
8.085106e-01 
6.170213e-01 
3.404255e-01 
2.978723e-01 
5.425532e-01 
3.829787e-01 
4.042553e-01 
5.531915e-01 
6.382979e-01 
4.680851e-01 
4.893617e-01 
1.489362e-01 
4.468085e-01 
3.617021e-01 
5.531915e-01 
3.191489e-01 
4.042553e-01 
5.106383e-01 
4.042553e-01 
2.978723e-01 
2.978723e-01 
6.595745e-01 
3.617021e-01 
7.446809e-01 
4.680851e-01 
2.340426e-01 
5.744681e-01 
5.744681e-01 
4.042553e-01 
4.468085e-01 
6.808511e-01 
4.680851e-01 
6.382979e-01 
5.319149e-01 
2.340426e-01 
3.191489e-01 
2.765957e-01 
2.978723e-01 
3.191489e-01 
6.595745e-01 
2.340426e-01 
2.553191e-01 
1.914894e-01 
3.617021e-01 
4.893617e-01 
2.978723e-01 
3.617021e-01 
2.978723e-01 
3.191489e-01 
2.765957e-01 
4.893617e-01 
4.042553e-01 
3.829787e-01 
6.382979e-01 
4.042553e-01 
2.340426e-01 
7.021277e-01 
2.978723e-01 
3.617021e-01 
2.978723e-01 
5.319149e-01 
3.829787e-01 
1.914894e-01 
4.468085e-01 
4.893617e-01 
5.319149e-01 
4.468085e-01 
3.404255e-01 
1.914894e-01 
4.255319e-01 
2.553191e-01 
4.255319e-01 
5.744681e-01 
1.702128e-01 
2.127660e-01 
5.106383e-01 
7.234043e-01 
4.042553e-01 
4.893617e-01 
2.978723e-01 
5.531915e-01 
8.510638e-01 
5.106383e-01 
2.978723e-01 
4.893617e-01 
1 
2.765957e-01 
5.106383e-01 
3.617021e-01 
4.893617e-01 
2.340426e-01 
3.829787e-01 
1.489362e-01 
1.914894e-01 
3.829787e-01 
4.255319e-01 
3.404255e-01 
2.978723e-01 
2.765957e-01 
3.404255e-01 
2.553191e-01 
1.276596e-01 
2.340426e-01 
3.191489e-01 
1.063830e-01 
3.617021e-01 
2.978723e-01 
2.127660e-01 
1.914894e-01 
6.170213e-01 
4.468085e-01 
2.553191e-01 
4.042553e-01 
6.170213e-01 
3.617021e-01 
1.914894e-01 
1.914894e-01 
5.106383e-01 
2.765957e-01 
4.893617e-01 
5.106383e-01 
2.765957e-01 
2.978723e-01 
5.531915e-01 
5.106383e-01 
4.042553e-01 
2.978723e-01 
3.191489e-01 
5.744681e-01 
4.255319e-01 
7.234043e-01 
3.617021e-01 
4.787234e-01 
1.702128e-01 
7.446809e-01 
4.680851e-01 
4.042553e-01 
4.468085e-01 
4.680851e-01 
2.553191e-01 
1.702128e-01 
4.255319e-01 
7.021277e-01 
3.191489e-01 
4.893617e-01 
3.829787e-01 
2.765957e-01 
4.042553e-01 
3.829787e-01 
3.829787e-01 
5.744681e-01 
4.255319e-01 
4.255319e-01 
4.255319e-01 
3.829787e-01 
2.765957e-01 
3.829787e-01 
3.404255e-01 
3.617021e-01 
1.914894e-01 
5.531915e-01 
7.446809e-01 
6.595745e-01 
1.914894e-01 
4.255319e-01 
6.382979e-01 
4.255319e-01 
3.617021e-01 
2.978723e-01 
4.468085e-01 
2.340426e-01 
5.106383e-01 
6.382979e-01 
5.744681e-01 
3.404255e-01 
3.191489e-01 
3.404255e-01 
1.914894e-01 
3.404255e-01 
1.914894e-01 
2.553191e-01 
4.255319e-01 
3.829787e-01 
4.468085e-01 
2.765957e-01 
4.468085e-01 
5.106383e-01 
4.680851e-01 
4.255319e-01 
4.042553e-01 
3.404255e-01 
3.829787e-01 
2.872340e-01 
3.404255e-01 
5.531915e-01 
1.063830e-01 
3.617021e-01 
3.829787e-01 
5.531915e-01 
2.127660e-01 
5.957447e-01 
4.893617e-01 
5.106383e-01 
3.191489e-01 
5.744681e-01 
3.617021e-01 
1.063830e-01 
4.893617e-01 
2.553191e-01 
2.553191e-01 
3.191489e-01 
3.191489e-01 
5.531915e-01 
4.042553e-01 
4.042553e-01 
4.042553e-01 
4.468085e-01 
2.553191e-01 
4.893617e-01 
8.617021e-01 
5.744681e-01 
2.127660e-01 
3.404255e-01 
5.319149e-01 
6.595745e-01 
4.255319e-01 
3.191489e-01 
2.340426e-01 
3.404255e-01 
4.255319e-01 
4.255319e-01 
3.404255e-01 
2.765957e-01 
3.404255e-01 
5.531915e-01 
4.893617e-01 
5.106383e-01 
4.680851e-01 
6.063830e-01 
6.170213e-01 
5.319149e-01 
2.340426e-01 
5.744681e-01 
7.872340e-01 
7.234043e-01 
3.617021e-01 
4.042553e-01 
4.893617e-01 
5.744681e-01 
6.595745e-01 
5.744681e-01 
5.744681e-01 
2.340426e-01 
2.340426e-01 
3.404255e-01 
4.255319e-01 
4.680851e-01 
2.978723e-01 
5.319149e-01 
3.617021e-01 
6.595745e-01 
4.148936e-01 
5.957447e-01 
4.468085e-01 
4.042553e-01 
3.829787e-01 
4.468085e-01 
2.978723e-01 
5.531915e-01 
4.042553e-01 
3.617021e-01 
3.829787e-01 
4.042553e-01 
5.319149e-01 
3.191489e-01 
5.957447e-01 
2.127660e-01 
4.468085e-01 
4.042553e-01 
2.553191e-01 
3.617021e-01 
1.489362e-01 
3.617021e-01 
6.382979e-01 
5.319149e-01 
5.106383e-01 
5.319149e-01 
2.978723e-01 
1.914894e-01 
1.595745e-01 
5.531915e-01 
5.531915e-01 
4.468085e-01 
6.170213e-01 
5.106383e-01 
5.319149e-01 
1.702128e-01 
2.553191e-01 
3.191489e-01 
1.914894e-01 
5.319149e-01 
3.829787e-01 
5.319149e-01 
3.191489e-01 
3.829787e-01 
6.170213e-01 
3.191489e-01 
2.234043e-01 
3.404255e-01 
8.510638e-02 
2.340426e-01 
4.893617e-01 
5.106383e-01 
5.531915e-01 
2.340426e-01 
3.191489e-01 
3.829787e-01 
2.340426e-01 
3.404255e-01 
3.829787e-01 
4.893617e-01 
4.893617e-01 
7.340426e-01 
2.127660e-01 
5.106383e-01 
2.765957e-01 
3.404255e-01 
5.531915e-01 
3.617021e-01 
5.319149e-01 
7.234043e-01 
1.914894e-01 
8.510638e-01 
6.382979e-01 
6.382979e-01 
4.468085e-01 
3.617021e-01 
5.957447e-01 
8.085106e-01 
3.191489e-01 
4.680851e-01 
6.808511e-01 
4.468085e-01 
2.553191e-01 
3.191489e-01 
4.680851e-01 
4.893617e-01 
3.404255e-01 
4.468085e-01 
3.829787e-01 
3.191489e-01 
4.893617e-01 
7.234043e-01 
7.021277e-01 
4.468085e-01 
