6.578947e-01 
5.263158e-01 
5.263158e-01 
6.315789e-01 
6.052632e-01 
5.526316e-01 
6.052632e-01 
4.473684e-01 
6.842105e-01 
5.526316e-01 
7.631579e-01 
1 
7.894737e-01 
7.631579e-01 
7.105263e-01 
4.473684e-01 
6.315789e-01 
6.052632e-01 
2.631579e-01 
6.578947e-01 
5.526316e-01 
4.473684e-01 
3.947368e-01 
7.368421e-01 
7.631579e-01 
5.263158e-01 
4.210526e-01 
6.052632e-01 
6.315789e-01 
3.947368e-01 
4.473684e-01 
4.736842e-01 
4.736842e-01 
2.894737e-01 
4.473684e-01 
5.789474e-01 
8.157895e-01 
4.473684e-01 
1.842105e-01 
4.473684e-01 
8.421053e-01 
5.263158e-01 
5.000000e-01 
5.263158e-01 
5.263158e-01 
5.000000e-01 
5.526316e-01 
4.473684e-01 
3.421053e-01 
6.315789e-01 
6.052632e-01 
4.473684e-01 
6.052632e-01 
6.578947e-01 
4.473684e-01 
2.894737e-01 
7.368421e-01 
6.578947e-01 
7.894737e-01 
5.263158e-01 
5.000000e-01 
8.421053e-01 
2.631579e-01 
2.894737e-01 
3.157895e-01 
4.473684e-01 
2.763158e-01 
3.157895e-01 
2.894737e-01 
6.315789e-01 
2.631579e-01 
5.000000e-01 
5.526316e-01 
6.052632e-01 
7.631579e-01 
8.421053e-01 
4.736842e-01 
4.473684e-01 
6.842105e-01 
5.000000e-01 
6.315789e-01 
6.842105e-01 
6.842105e-01 
7.105263e-01 
5.789474e-01 
5.789474e-01 
8.684211e-01 
4.210526e-01 
6.578947e-01 
5.263158e-01 
6.578947e-01 
5.526316e-01 
5.789474e-01 
2.368421e-01 
3.421053e-01 
7.368421e-01 
6.052632e-01 
4.736842e-01 
4.210526e-01 
2.894737e-01 
5.789474e-01 
7.368421e-01 
4.736842e-01 
4.473684e-01 
5.000000e-01 
5.000000e-01 
3.684211e-01 
8.157895e-01 
3.684211e-01 
5.789474e-01 
1.842105e-01 
5.263158e-01 
5.526316e-01 
3.157895e-01 
2.894737e-01 
5.000000e-01 
4.736842e-01 
4.473684e-01 
3.157895e-01 
4.210526e-01 
4.210526e-01 
2.105263e-01 
6.578947e-01 
5.789474e-01 
5.526316e-01 
3.157895e-01 
3.947368e-01 
2.894737e-01 
5.000000e-01 
6.052632e-01 
2.368421e-01 
4.210526e-01 
6.578947e-01 
3.947368e-01 
2.105263e-01 
8.684211e-01 
4.736842e-01 
5.000000e-01 
3.684211e-01 
8.421053e-01 
5.526316e-01 
5.789474e-01 
2.631579e-01 
5.000000e-01 
4.210526e-01 
5.000000e-01 
2.894737e-01 
4.736842e-01 
4.473684e-01 
5.000000e-01 
3.157895e-01 
6.052632e-01 
3.157895e-01 
5.526316e-01 
3.947368e-01 
4.210526e-01 
5.526316e-01 
3.947368e-01 
6.315789e-01 
7.894737e-01 
4.473684e-01 
4.736842e-01 
5.263158e-01 
4.210526e-01 
7.894737e-01 
6.842105e-01 
3.421053e-01 
4.210526e-01 
3.684211e-01 
8.421053e-01 
6.052632e-01 
3.947368e-01 
6.842105e-01 
3.947368e-01 
6.578947e-01 
3.421053e-01 
3.684211e-01 
4.210526e-01 
3.947368e-01 
5.789474e-01 
8.421053e-01 
3.157895e-01 
6.842105e-01 
6.315789e-01 
5.526316e-01 
7.105263e-01 
6.842105e-01 
3.157895e-01 
7.368421e-01 
6.052632e-01 
7.105263e-01 
4.210526e-01 
3.684211e-01 
4.473684e-01 
7.368421e-01 
4.473684e-01 
4.736842e-01 
3.157895e-01 
5.000000e-01 
4.736842e-01 
4.473684e-01 
8.947368e-01 
2.368421e-01 
3.157895e-01 
5.789474e-01 
5.000000e-01 
3.947368e-01 
8.947368e-01 
6.578947e-01 
2.894737e-01 
5.263158e-01 
7.894737e-01 
6.578947e-01 
6.052632e-01 
3.421053e-01 
8.157895e-01 
3.157895e-01 
3.157895e-01 
1.000000e+00 
4.473684e-01 
5.789474e-01 
6.315789e-01 
3.684211e-01 
2.894737e-01 
4.736842e-01 
3.157895e-01 
4.473684e-01 
3.684211e-01 
3.157895e-01 
5.789474e-01 
3.684211e-01 
4.473684e-01 
4.210526e-01 
4.473684e-01 
2.368421e-01 
3.684211e-01 
7.368421e-01 
2.631579e-01 
3.947368e-01 
7.105263e-01 
9.210526e-01 
4.473684e-01 
4.736842e-01 
4.473684e-01 
4.736842e-01 
3.157895e-01 
7.368421e-01 
5.000000e-01 
5.789474e-01 
4.736842e-01 
3.684211e-01 
5.000000e-01 
6.842105e-01 
6.052632e-01 
2.894737e-01 
2.894737e-01 
5.263158e-01 
3.421053e-01 
4.473684e-01 
6.578947e-01 
4.210526e-01 
3.421053e-01 
3.421053e-01 
3.947368e-01 
4.473684e-01 
5.000000e-01 
5.000000e-01 
3.421053e-01 
4.473684e-01 
7.105263e-01 
8.421053e-01 
5.789474e-01 
4.736842e-01 
2.105263e-01 
7.894737e-01 
4.473684e-01 
4.210526e-01 
3.947368e-01 
5.263158e-01 
6.315789e-01 
5.000000e-01 
5.000000e-01 
1.578947e-01 
3.552632e-01 
6.052632e-01 
4.736842e-01 
5.000000e-01 
6.052632e-01 
3.947368e-01 
3.947368e-01 
3.421053e-01 
5.789474e-01 
7.894737e-01 
3.684211e-01 
3.421053e-01 
6.578947e-01 
5.789474e-01 
3.421053e-01 
3.421053e-01 
3.421053e-01 
7.368421e-01 
2.894737e-01 
5.263158e-01 
5.000000e-01 
3.684211e-01 
5.526316e-01 
3.684211e-01 
5.263158e-01 
4.473684e-01 
5.789474e-01 
6.052632e-01 
4.736842e-01 
3.947368e-01 
3.684211e-01 
4.473684e-01 
5.789474e-01 
6.842105e-01 
4.736842e-01 
2.631579e-01 
3.684211e-01 
5.789474e-01 
7.368421e-01 
3.157895e-01 
4.210526e-01 
3.947368e-01 
4.210526e-01 
5.263158e-01 
2.631579e-01 
6.315789e-01 
4.210526e-01 
6.315789e-01 
2.894737e-01 
3.947368e-01 
4.210526e-01 
4.210526e-01 
4.736842e-01 
3.421053e-01 
2.763158e-01 
4.210526e-01 
5.526316e-01 
4.736842e-01 
4.210526e-01 
2.894737e-01 
3.947368e-01 
3.947368e-01 
7.105263e-01 
4.736842e-01 
5.789474e-01 
5.789474e-01 
6.052632e-01 
2.631579e-01 
2.631579e-01 
4.210526e-01 
5.526316e-01 
3.947368e-01 
2.631579e-01 
6.842105e-01 
5.263158e-01 
3.421053e-01 
3.157895e-01 
2.894737e-01 
3.684211e-01 
