3.965517e-01 
1.724138e-02 
2.931034e-01 
5.862069e-01 
6.206897e-01 
3.448276e-01 
2.931034e-01 
6.379310e-01 
5.172414e-01 
1.379310e-01 
2.586207e-01 
6.379310e-01 
3.275862e-01 
2.586207e-01 
2.758621e-01 
7.758621e-01 
6.206897e-01 
1.896552e-01 
1.379310e-01 
5.862069e-01 
2.758621e-01 
2.413793e-01 
1.551724e-01 
8.103448e-01 
2.931034e-01 
2.931034e-01 
1.034483e-01 
3.275862e-01 
1.896552e-01 
1.206897e-01 
6.034483e-01 
6.206897e-01 
2.758621e-01 
4.482759e-01 
8.793103e-01 
7.241379e-01 
3.448276e-01 
3.793103e-01 
5.517241e-01 
3.448276e-01 
3.448276e-01 
4.137931e-01 
8.448276e-01 
9.482759e-01 
4.137931e-01 
3.793103e-01 
6.206897e-01 
4.827586e-01 
3.275862e-01 
5.689655e-01 
5.517241e-01 
6.034483e-01 
3.448276e-01 
3.275862e-01 
3.275862e-01 
2.068966e-01 
7.241379e-01 
8.448276e-01 
3.620690e-01 
2.586207e-01 
3.620690e-01 
3.448276e-01 
3.620690e-01 
5.517241e-01 
3.103448e-01 
1.206897e-01 
7.586207e-01 
7.068966e-01 
4.827586e-01 
1.206897e-01 
5.517241e-01 
5.862069e-01 
4.655172e-01 
2.413793e-01 
5.172414e-01 
1 
7.586207e-01 
2.068966e-01 
5.689655e-01 
5.862069e-01 
2.758621e-01 
2.413793e-01 
6.379310e-01 
6.206897e-01 
4.137931e-01 
6.896552e-02 
1.206897e-01 
4.137931e-01 
7.068966e-01 
5.862069e-01 
2.413793e-01 
3.793103e-01 
7.241379e-01 
2.241379e-01 
3.275862e-01 
5.172414e-01 
1.896552e-01 
3.275862e-01 
2.241379e-01 
5.689655e-01 
5.172414e-01 
4.482759e-01 
2.758621e-01 
4.655172e-01 
3.103448e-01 
2.586207e-01 
4.137931e-01 
6.379310e-01 
3.793103e-01 
4.655172e-01 
1.551724e-01 
4.137931e-01 
2.586207e-01 
3.103448e-01 
3.793103e-01 
5.172414e-01 
4.482759e-01 
3.448276e-01 
2.413793e-01 
4.655172e-01 
2.413793e-01 
2.413793e-01 
2.241379e-01 
5.172414e-01 
3.793103e-01 
3.275862e-01 
2.068966e-01 
2.758621e-01 
2.068966e-01 
2.068966e-01 
5.172414e-01 
5.172414e-01 
2.931034e-01 
4.137931e-01 
2.586207e-01 
4.137931e-01 
2.241379e-01 
2.241379e-01 
3.362069e-01 
6.551724e-01 
2.241379e-01 
3.103448e-01 
2.413793e-01 
3.448276e-01 
1.379310e-01 
2.586207e-01 
1.551724e-01 
4.827586e-01 
3.103448e-01 
3.448276e-01 
1.206897e-01 
4.482759e-01 
3.103448e-01 
2.068966e-01 
2.413793e-01 
5.172414e-01 
2.241379e-01 
5.517241e-01 
5.344828e-01 
7.068966e-01 
5.172414e-01 
3.793103e-01 
4.310345e-01 
5.172414e-01 
5.000000e-01 
5.000000e-01 
2.931034e-01 
4.655172e-01 
5.000000e-01 
3.965517e-01 
3.103448e-01 
8.103448e-01 
5.000000e-01 
3.965517e-01 
6.206897e-01 
3.448276e-01 
2.758621e-01 
3.620690e-01 
5.689655e-01 
5.689655e-01 
3.103448e-01 
4.310345e-01 
3.965517e-01 
4.310345e-01 
5.172414e-01 
6.724138e-01 
3.275862e-01 
5.172414e-01 
5.344828e-01 
4.655172e-01 
7.586207e-01 
2.931034e-01 
4.827586e-01 
4.482759e-01 
2.241379e-01 
3.965517e-01 
4.137931e-01 
3.448276e-01 
3.103448e-01 
4.827586e-01 
7.758621e-01 
7.413793e-01 
3.275862e-01 
7.758621e-01 
6.206897e-01 
2.586207e-01 
6.034483e-01 
4.827586e-01 
3.793103e-01 
5.344828e-01 
4.655172e-01 
9.655172e-01 
6.034483e-01 
3.103448e-01 
6.551724e-01 
3.448276e-01 
7.413793e-01 
5.000000e-01 
3.793103e-01 
8.103448e-01 
5.000000e-01 
2.931034e-01 
3.793103e-01 
4.655172e-01 
3.965517e-01 
4.827586e-01 
3.103448e-01 
3.793103e-01 
4.310345e-01 
2.758621e-01 
5.000000e-01 
6.724138e-01 
2.068966e-01 
4.482759e-01 
3.448276e-01 
5.344828e-01 
3.275862e-01 
4.137931e-01 
3.965517e-01 
5.000000e-01 
2.241379e-01 
5.344828e-01 
3.620690e-01 
7.241379e-01 
3.103448e-01 
4.655172e-01 
2.586207e-01 
2.586207e-01 
2.068966e-01 
5.862069e-01 
3.965517e-01 
3.103448e-01 
2.931034e-01 
5.344828e-01 
1.379310e-01 
2.586207e-01 
3.103448e-01 
6.896552e-02 
1.034483e-01 
5.172414e-02 
1.551724e-01 
2.068966e-01 
8.620690e-02 
1.379310e-01 
1.206897e-01 
1.551724e-01 
3.620690e-01 
4.655172e-01 
1.206897e-01 
6.896552e-02 
1.379310e-01 
3.448276e-02 
2.586207e-01 
2.068966e-01 
1.724138e-01 
2.931034e-01 
2.586207e-01 
1.206897e-01 
2.068966e-01 
2.068966e-01 
1.551724e-01 
1.551724e-01 
1.724138e-02 
8.620690e-02 
1.379310e-01 
2.241379e-01 
5.172414e-02 
1.896552e-01 
1.379310e-01 
1.379310e-01 
3.103448e-01 
3.965517e-01 
3.620690e-01 
1.206897e-01 
5.172414e-02 
1.896552e-01 
1.724138e-01 
3.620690e-01 
1.896552e-01 
4.137931e-01 
4.137931e-01 
1.551724e-01 
2.413793e-01 
1.034483e-01 
1.034483e-01 
2.241379e-01 
1.724138e-01 
3.965517e-01 
2.068966e-01 
4.310345e-01 
1.206897e-01 
1.724138e-02 
6.896552e-02 
1.034483e-01 
3.448276e-02 
1.724138e-02 
6.896552e-02 
1.206897e-01 
1.206897e-01 
1.724138e-02 
3.448276e-02 
1.724138e-02 
1.379310e-01 
5.172414e-02 
3.448276e-02 
2.931034e-01 
1.379310e-01 
4.137931e-01 
8.620690e-02 
8.620690e-02 
2.241379e-01 
3.620690e-01 
6.896552e-02 
5.172414e-02 
1.551724e-01 
2.241379e-01 
2.241379e-01 
2.931034e-01 
1.551724e-01 
2.068966e-01 
1.724138e-01 
3.103448e-01 
2.068966e-01 
8.620690e-02 
1.034483e-01 
1.034483e-01 
1.379310e-01 
1.551724e-01 
5.172414e-02 
1.206897e-01 
1.034483e-01 
5.172414e-02 
0 
3.448276e-02 
1.034483e-01 
1.551724e-01 
1.896552e-01 
3.103448e-01 
1.896552e-01 
3.275862e-01 
2.413793e-01 
1.206897e-01 
