5.952381e-01 
6.190476e-01 
7.142857e-01 
6.428571e-01 
5.238095e-01 
8.095238e-01 
7.380952e-01 
7.857143e-01 
5.000000e-01 
5.238095e-01 
6.666667e-01 
8.809524e-01 
6.428571e-01 
6.904762e-01 
3.333333e-01 
4.047619e-01 
3.571429e-01 
3.333333e-01 
3.928571e-01 
8.809524e-01 
5.476190e-01 
4.761905e-01 
3.928571e-01 
5.952381e-01 
5.000000e-01 
2.857143e-01 
6.666667e-01 
3.571429e-01 
5.238095e-01 
4.285714e-01 
4.047619e-01 
5.000000e-01 
4.761905e-01 
7.142857e-01 
4.285714e-01 
4.761905e-01 
5.238095e-01 
3.809524e-01 
6.904762e-01 
5.238095e-01 
4.761905e-01 
7.142857e-01 
4.761905e-01 
6.428571e-01 
3.333333e-01 
4.523810e-01 
7.142857e-01 
3.571429e-01 
4.285714e-01 
5.952381e-01 
6.428571e-01 
5.000000e-01 
4.047619e-01 
4.761905e-01 
3.571429e-01 
5.952381e-01 
4.523810e-01 
4.761905e-01 
3.809524e-01 
5.476190e-01 
6.428571e-01 
8.095238e-01 
5.714286e-01 
3.809524e-01 
3.809524e-01 
4.285714e-01 
4.761905e-01 
4.523810e-01 
4.523810e-01 
4.523810e-01 
7.619048e-01 
5.714286e-01 
4.761905e-01 
4.761905e-01 
5.000000e-01 
5.000000e-01 
4.047619e-01 
6.190476e-01 
5.238095e-01 
5.952381e-01 
3.095238e-01 
3.809524e-01 
5.714286e-01 
5.952381e-01 
3.809524e-01 
4.047619e-01 
3.333333e-01 
3.571429e-01 
5.714286e-01 
3.928571e-01 
5.476190e-01 
5.476190e-01 
3.333333e-01 
3.333333e-01 
5.238095e-01 
4.047619e-01 
5.952381e-01 
3.809524e-01 
3.809524e-01 
9.761905e-01 
2.619048e-01 
5.238095e-01 
4.761905e-01 
1.904762e-01 
4.047619e-01 
3.333333e-01 
4.642857e-01 
4.523810e-01 
3.809524e-01 
3.809524e-01 
4.523810e-01 
4.285714e-01 
3.571429e-01 
3.333333e-01 
3.095238e-01 
2.857143e-01 
3.333333e-01 
4.047619e-01 
4.761905e-01 
4.761905e-01 
4.761905e-01 
2.380952e-01 
3.571429e-01 
3.095238e-01 
2.619048e-01 
5.238095e-01 
5.000000e-01 
4.761905e-01 
1.666667e-01 
3.571429e-01 
3.809524e-01 
4.047619e-01 
5.238095e-01 
3.571429e-01 
4.523810e-01 
5.000000e-01 
2.857143e-01 
3.095238e-01 
3.333333e-01 
4.761905e-01 
3.809524e-01 
4.047619e-01 
4.047619e-01 
4.285714e-01 
3.571429e-01 
3.333333e-01 
3.095238e-01 
5.000000e-01 
3.571429e-01 
4.047619e-01 
2.857143e-01 
5.714286e-01 
6.428571e-01 
7.380952e-01 
5.476190e-01 
4.047619e-01 
3.571429e-01 
3.809524e-01 
5.476190e-01 
5.714286e-01 
5.476190e-01 
4.047619e-01 
4.523810e-01 
5.238095e-01 
8.333333e-01 
5.714286e-01 
5.714286e-01 
8.095238e-01 
3.095238e-01 
3.214286e-01 
3.571429e-01 
5.238095e-01 
6.428571e-01 
4.285714e-01 
5.000000e-01 
5.238095e-01 
4.285714e-01 
3.809524e-01 
4.047619e-01 
3.571429e-01 
2.380952e-01 
3.571429e-01 
5.000000e-01 
5.000000e-01 
4.642857e-01 
6.666667e-01 
4.285714e-01 
4.047619e-01 
4.047619e-01 
1.904762e-01 
3.333333e-01 
9.523810e-01 
4.047619e-01 
4.761905e-01 
3.571429e-01 
3.095238e-01 
4.761905e-01 
3.571429e-01 
5.238095e-01 
5.000000e-01 
3.095238e-01 
5.000000e-01 
4.285714e-01 
5.000000e-01 
8.095238e-01 
3.809524e-01 
5.238095e-01 
6.904762e-01 
4.761905e-01 
3.333333e-01 
3.333333e-01 
4.047619e-01 
4.047619e-01 
2.619048e-01 
3.809524e-01 
4.761905e-01 
5.000000e-01 
2.619048e-01 
3.809524e-01 
2.619048e-01 
3.333333e-01 
4.047619e-01 
3.095238e-01 
3.809524e-01 
3.333333e-01 
3.809524e-01 
3.809524e-01 
3.571429e-01 
3.095238e-01 
4.761905e-01 
2.619048e-01 
4.523810e-01 
3.809524e-01 
4.761905e-01 
3.571429e-01 
5.000000e-01 
2.857143e-01 
3.095238e-01 
5.714286e-01 
3.333333e-01 
3.333333e-01 
2.857143e-01 
1.428571e-01 
2.619048e-01 
4.047619e-01 
6.190476e-01 
2.380952e-01 
4.047619e-01 
2.380952e-01 
4.285714e-01 
4.047619e-01 
3.571429e-01 
3.333333e-01 
8.333333e-01 
2.380952e-01 
4.523810e-01 
5.000000e-01 
4.523810e-01 
2.142857e-01 
3.095238e-01 
4.047619e-01 
3.095238e-01 
6.904762e-01 
5.238095e-01 
4.047619e-01 
4.047619e-01 
4.285714e-01 
5.952381e-01 
3.571429e-01 
4.285714e-01 
3.809524e-01 
4.523810e-01 
5.000000e-01 
3.571429e-01 
1 
4.047619e-01 
3.333333e-01 
5.476190e-01 
6.428571e-01 
3.095238e-01 
4.761905e-01 
3.571429e-01 
3.333333e-01 
4.047619e-01 
3.333333e-01 
3.571429e-01 
7.142857e-01 
4.047619e-01 
3.571429e-01 
3.571429e-01 
5.714286e-01 
3.809524e-01 
2.380952e-01 
4.523810e-01 
3.333333e-01 
3.095238e-01 
2.142857e-01 
2.857143e-01 
5.714286e-01 
5.476190e-01 
3.571429e-01 
4.523810e-01 
3.571429e-01 
4.523810e-01 
3.809524e-01 
4.285714e-01 
3.809524e-01 
3.571429e-01 
3.095238e-01 
4.047619e-01 
2.380952e-01 
3.095238e-01 
3.571429e-01 
3.333333e-01 
1.904762e-01 
5.476190e-01 
2.380952e-01 
4.047619e-01 
2.380952e-01 
2.380952e-01 
3.333333e-01 
5.952381e-01 
3.928571e-01 
2.619048e-01 
2.500000e-01 
2.500000e-01 
5.714286e-01 
4.047619e-01 
3.571429e-01 
5.476190e-01 
6.190476e-01 
3.095238e-01 
3.809524e-01 
3.333333e-01 
3.095238e-01 
3.571429e-01 
3.095238e-01 
3.571429e-01 
4.285714e-01 
4.047619e-01 
2.380952e-01 
3.095238e-01 
3.333333e-01 
2.857143e-01 
3.809524e-01 
4.285714e-01 
3.333333e-01 
4.047619e-01 
2.380952e-01 
5.476190e-01 
3.095238e-01 
3.809524e-01 
3.809524e-01 
4.047619e-01 
3.333333e-01 
3.095238e-01 
3.809524e-01 
3.333333e-01 
2.380952e-01 
5.476190e-01 
3.095238e-01 
3.809524e-01 
