3.333333e-02 
1.333333e-01 
6.666667e-02 
1.333333e-01 
4.000000e-01 
1.666667e-01 
0 
3.333333e-02 
3.333333e-01 
1.666667e-01 
1.000000e-01 
2.666667e-01 
5.333333e-01 
6.666667e-02 
6.666667e-02 
1.000000e-01 
8.333333e-01 
1.000000e-01 
0 
6.666667e-02 
1 
3.333333e-02 
1.000000e-01 
1.666667e-01 
5.333333e-01 
1.000000e-01 
0 
1.666667e-01 
8.666667e-01 
6.666667e-02 
0 
1.000000e-01 
6.666667e-02 
3.333333e-02 
3.333333e-02 
1.333333e-01 
5.000000e-02 
0 
2.333333e-01 
3.333333e-01 
2.666667e-01 
3.333333e-02 
1.666667e-01 
6.000000e-01 
1.333333e-01 
2.000000e-01 
2.000000e-01 
5.333333e-01 
1.000000e-01 
0 
1.333333e-01 
2.666667e-01 
1.666667e-01 
6.666667e-02 
2.666667e-01 
3.333333e-02 
0 
4.333333e-01 
6.666667e-02 
3.333333e-02 
2.333333e-01 
4.333333e-01 
6.666667e-02 
1.666667e-01 
4.000000e-01 
1.000000e-01 
0 
1.333333e-01 
3.333333e-02 
0 
1.666667e-01 
3.666667e-01 
4.333333e-01 
6.666667e-02 
0 
7.000000e-01 
2.333333e-01 
0 
1.000000e-01 
3.333333e-01 
1.333333e-01 
0 
0 
2.333333e-01 
2.000000e-01 
0 
2.000000e-01 
0 
2.000000e-01 
6.666667e-02 
6.666667e-02 
0 
3.000000e-01 
3.666667e-01 
6.666667e-02 
1.333333e-01 
4.000000e-01 
1.666667e-01 
1.333333e-01 
0 
3.333333e-01 
1.666667e-01 
1.000000e-01 
1.666667e-01 
2.333333e-01 
6.666667e-02 
3.333333e-01 
3.333333e-02 
1.666667e-01 
1.666667e-01 
0 
1.000000e-01 
5.000000e-01 
0 
1.333333e-01 
1.333333e-01 
5.000000e-01 
6.666667e-02 
3.333333e-02 
1.666667e-01 
5.333333e-01 
3.333333e-02 
1.000000e-01 
6.666667e-02 
4.333333e-01 
6.666667e-02 
0 
1.000000e-01 
3.666667e-01 
3.333333e-02 
1.666667e-01 
1.000000e-01 
3.333333e-01 
6.666667e-02 
1.333333e-01 
2.000000e-01 
2.666667e-01 
3.333333e-02 
2.333333e-01 
1.333333e-01 
2.333333e-01 
2.333333e-01 
0 
2.666667e-01 
2.333333e-01 
0 
6.666667e-02 
3.000000e-01 
6.666667e-01 
0 
3.333333e-02 
1.000000e-01 
1.666667e-01 
0 
1.666667e-01 
3.333333e-02 
3.666667e-01 
0 
3.333333e-02 
3.333333e-02 
3.333333e-01 
1.000000e-01 
0 
2.666667e-01 
2.333333e-01 
3.666667e-01 
3.333333e-02 
2.333333e-01 
5.000000e-01 
3.333333e-02 
0 
2.333333e-01 
2.666667e-01 
2.333333e-01 
2.000000e-01 
2.333333e-01 
5.000000e-01 
2.333333e-01 
1.666667e-01 
4.666667e-01 
6.666667e-02 
1.333333e-01 
6.666667e-02 
3.333333e-02 
4.333333e-01 
4.000000e-01 
1.333333e-01 
2.333333e-01 
1.000000e-01 
4.000000e-01 
1.333333e-01 
1.333333e-01 
3.000000e-01 
5.000000e-02 
2.666667e-01 
6.666667e-02 
0 
3.000000e-01 
0 
0 
8.000000e-01 
1.666667e-01 
0 
2.666667e-01 
4.000000e-01 
5.000000e-01 
2.000000e-01 
2.000000e-01 
8.666667e-01 
0 
0 
7.666667e-01 
1.000000e-01 
1.000000e-01 
1.666667e-01 
0 
6.000000e-01 
0 
0 
6.666667e-01 
3.333333e-02 
3.666667e-01 
1.666667e-01 
2.666667e-01 
6.666667e-02 
2.333333e-01 
5.666667e-01 
1.000000e-01 
2.000000e-01 
3.666667e-01 
4.333333e-01 
3.333333e-02 
7.666667e-01 
3.333333e-02 
3.333333e-02 
3.000000e-01 
2.333333e-01 
3.000000e-01 
3.666667e-01 
1.000000e-01 
2.666667e-01 
1.000000e-01 
4.666667e-01 
4.000000e-01 
5.666667e-01 
0 
6.666667e-02 
1.666667e-01 
4.000000e-01 
3.333333e-02 
3.333333e-02 
3.666667e-01 
2.666667e-01 
3.333333e-02 
0 
2.333333e-01 
3.000000e-01 
1.000000e-01 
3.333333e-02 
6.666667e-02 
2.000000e-01 
2.333333e-01 
6.666667e-02 
2.333333e-01 
3.333333e-01 
6.666667e-02 
2.000000e-01 
3.000000e-01 
1.333333e-01 
1.000000e-01 
2.000000e-01 
0 
5.333333e-01 
1.666667e-01 
3.000000e-01 
2.333333e-01 
1.500000e-01 
1.333333e-01 
0 
2.333333e-01 
4.000000e-01 
0 
1.666667e-01 
0 
6.000000e-01 
1.333333e-01 
6.666667e-02 
2.666667e-01 
1.333333e-01 
3.333333e-02 
1.000000e-01 
4.000000e-01 
2.333333e-01 
3.333333e-02 
1.666667e-01 
0 
4.333333e-01 
3.333333e-02 
0 
4.333333e-01 
2.333333e-01 
2.333333e-01 
1.333333e-01 
0 
4.666667e-01 
3.333333e-02 
1.000000e-01 
3.333333e-02 
2.000000e-01 
1.333333e-01 
3.333333e-02 
3.333333e-02 
3.000000e-01 
2.000000e-01 
1.000000e-01 
3.333333e-02 
2.333333e-01 
6.666667e-02 
0 
6.666667e-02 
3.333333e-02 
1.333333e-01 
2.000000e-01 
3.333333e-02 
3.666667e-01 
0 
1.333333e-01 
1.333333e-01 
3.333333e-02 
1.333333e-01 
2.333333e-01 
6.666667e-02 
1.666667e-01 
3.333333e-02 
2.666667e-01 
0 
3.333333e-02 
1.333333e-01 
3.333333e-01 
0 
1.666667e-01 
3.666667e-01 
1.000000e-01 
3.333333e-02 
2.333333e-01 
2.000000e-01 
2.666667e-01 
3.333333e-02 
6.666667e-02 
1.666667e-01 
2.500000e-01 
3.333333e-02 
1.000000e-01 
2.666667e-01 
1.333333e-01 
1.000000e-01 
3.666667e-01 
1.000000e-01 
2.333333e-01 
1.666667e-01 
1.333333e-01 
1.000000e-01 
