1.555556e-01 
4.444444e-02 
2.222222e-02 
1.333333e-01 
6.666667e-02 
1.333333e-01 
4.444444e-02 
0 
1.555556e-01 
8.888889e-02 
4.444444e-02 
4.444444e-02 
1.333333e-01 
8.888889e-02 
4.444444e-02 
2.222222e-02 
2.888889e-01 
2.000000e-01 
0 
1.777778e-01 
3.333333e-01 
1.555556e-01 
6.666667e-02 
0 
2.444444e-01 
1.111111e-01 
6.666667e-02 
2.222222e-02 
1.555556e-01 
2.666667e-01 
6.666667e-02 
2.000000e-01 
1.333333e-01 
4.444444e-02 
3.333333e-01 
4.333333e-01 
2.444444e-01 
2.222222e-02 
1.555556e-01 
2.000000e-01 
1.111111e-01 
6.666667e-02 
8.888889e-02 
1.555556e-01 
3.555556e-01 
4.444444e-02 
3.111111e-01 
2.888889e-01 
1.555556e-01 
3.111111e-01 
2.000000e-01 
1.111111e-01 
4.444444e-02 
0 
2.000000e-01 
1.777778e-01 
1.111111e-01 
1.555556e-01 
5.333333e-01 
1.555556e-01 
4.444444e-02 
2.666667e-01 
2.222222e-02 
2.000000e-01 
3.333333e-01 
4.444444e-02 
4.444444e-02 
3.111111e-01 
2.888889e-01 
4.444444e-02 
0 
1.777778e-01 
3.777778e-01 
1.333333e-01 
6.666667e-02 
1.555556e-01 
2.444444e-01 
1.333333e-01 
2.222222e-01 
3.777778e-01 
4.000000e-01 
4.888889e-01 
2.666667e-01 
1.555556e-01 
2.888889e-01 
2.222222e-02 
6.666667e-02 
2.222222e-02 
4.000000e-01 
4.000000e-01 
2.000000e-01 
1.333333e-01 
2.444444e-01 
2.666667e-01 
3.555556e-01 
2.222222e-02 
1.333333e-01 
3.777778e-01 
2.666667e-01 
2.444444e-01 
4.222222e-01 
3.111111e-01 
4.222222e-01 
2.000000e-01 
1.333333e-01 
2.888889e-01 
1.777778e-01 
6.666667e-02 
1.777778e-01 
1.777778e-01 
1.777778e-01 
6.666667e-02 
2.444444e-01 
2.000000e-01 
2.444444e-01 
2.444444e-01 
4.000000e-01 
6.666667e-02 
2.444444e-01 
1.777778e-01 
1.333333e-01 
2.444444e-01 
1.333333e-01 
1.111111e-01 
2.888889e-01 
2.444444e-01 
2.666667e-01 
8.888889e-02 
1.333333e-01 
2.666667e-01 
2.000000e-01 
8.888889e-02 
2.000000e-01 
1.111111e-01 
4.000000e-01 
4.444444e-02 
6.666667e-02 
1.555556e-01 
2.000000e-01 
6.666667e-02 
2.222222e-01 
3.111111e-01 
6.666667e-02 
8.888889e-02 
1.555556e-01 
1.333333e-01 
8.888889e-02 
1.333333e-01 
2.888889e-01 
1.555556e-01 
2.222222e-01 
4.444444e-02 
2.444444e-01 
6.666667e-02 
2.222222e-02 
1.111111e-01 
2.888889e-01 
2.666667e-01 
1.111111e-01 
1 
2.222222e-01 
2.888889e-01 
3.555556e-01 
2.444444e-01 
4.888889e-01 
5.555556e-01 
3.777778e-01 
3.333333e-01 
4.666667e-01 
2.444444e-01 
1.555556e-01 
4.444444e-02 
4.888889e-01 
3.111111e-01 
2.666667e-01 
7.333333e-01 
2.000000e-01 
3.777778e-01 
4.000000e-01 
2.666667e-01 
4.000000e-01 
2.222222e-01 
3.333333e-01 
2.888889e-01 
6.666667e-02 
4.666667e-01 
2.888889e-01 
2.666667e-01 
5.777778e-01 
5.111111e-01 
2.222222e-01 
4.444444e-01 
2.444444e-01 
4.000000e-01 
2.888889e-01 
3.111111e-01 
3.555556e-01 
8.888889e-02 
1.111111e-01 
2.666667e-01 
6.666667e-02 
3.777778e-01 
2.888889e-01 
1.000000e-01 
3.333333e-01 
2.888889e-01 
3.555556e-01 
3.111111e-01 
2.888889e-01 
4.444444e-01 
3.111111e-01 
1.111111e-01 
4.888889e-01 
8.888889e-02 
2.444444e-01 
3.555556e-01 
1.777778e-01 
5.777778e-01 
2.000000e-01 
1.111111e-01 
6.000000e-01 
6.666667e-02 
5.111111e-01 
2.666667e-01 
3.555556e-01 
2.000000e-01 
6.888889e-01 
4.888889e-01 
3.777778e-01 
2.666667e-01 
4.222222e-01 
2.444444e-01 
3.777778e-01 
2.444444e-01 
1.555556e-01 
2.444444e-01 
2.888889e-01 
2.222222e-01 
3.777778e-01 
6.666667e-02 
2.222222e-01 
2.222222e-01 
1.555556e-01 
2.000000e-01 
4.666667e-01 
2.444444e-01 
1.555556e-01 
2.000000e-01 
2.000000e-01 
2.000000e-01 
2.888889e-01 
2.444444e-01 
2.444444e-01 
4.444444e-02 
1.555556e-01 
2.000000e-01 
8.888889e-02 
1.777778e-01 
1.111111e-01 
1.111111e-01 
4.444444e-02 
1.111111e-01 
8.888889e-02 
2.222222e-02 
2.222222e-01 
8.888889e-02 
1.333333e-01 
2.222222e-02 
6.666667e-02 
2.222222e-02 
8.888889e-02 
1.555556e-01 
6.666667e-02 
8.888889e-02 
2.444444e-01 
8.888889e-02 
2.444444e-01 
2.222222e-02 
8.888889e-02 
1.555556e-01 
4.444444e-02 
6.666667e-02 
4.444444e-02 
2.222222e-02 
4.444444e-02 
1.333333e-01 
6.666667e-02 
2.222222e-02 
8.888889e-02 
2.222222e-01 
1.111111e-01 
2.222222e-02 
8.888889e-02 
6.666667e-02 
8.888889e-02 
2.000000e-01 
1.555556e-01 
2.666667e-01 
1.555556e-01 
2.000000e-01 
4.444444e-01 
1.777778e-01 
2.222222e-01 
1.555556e-01 
1.333333e-01 
6.666667e-02 
2.000000e-01 
1.555556e-01 
3.777778e-01 
2.222222e-01 
1.777778e-01 
1.333333e-01 
2.222222e-01 
1.111111e-01 
4.444444e-02 
2.000000e-01 
1.111111e-01 
6.666667e-02 
1.333333e-01 
6.666667e-02 
1.111111e-01 
2.222222e-02 
0 
2.666667e-01 
6.666667e-02 
1.333333e-01 
1.333333e-01 
4.444444e-02 
1.555556e-01 
1.777778e-01 
1.111111e-01 
2.222222e-01 
6.666667e-02 
0 
1.111111e-01 
1.111111e-01 
1.111111e-01 
2.000000e-01 
1.333333e-01 
3.333333e-01 
2.000000e-01 
4.444444e-02 
1.777778e-01 
1.555556e-01 
1.111111e-01 
4.444444e-02 
2.000000e-01 
1.555556e-01 
1.333333e-01 
1.111111e-01 
6.666667e-02 
1.333333e-01 
2.222222e-02 
8.888889e-02 
4.444444e-02 
8.888889e-02 
1.333333e-01 
1.777778e-01 
4.444444e-02 
1.333333e-01 
2.222222e-01 
8.888889e-02 
