5.735294e-01 
5.147059e-01 
4.264706e-01 
3.823529e-01 
5.000000e-01 
3.970588e-01 
5.514706e-01 
5.294118e-01 
6.029412e-01 
3.382353e-01 
5.735294e-01 
8.382353e-01 
6.029412e-01 
6.764706e-01 
2.647059e-01 
4.558824e-01 
4.558824e-01 
1.323529e-01 
4.117647e-01 
6.764706e-01 
3.970588e-01 
2.647059e-01 
3.970588e-01 
7.794118e-01 
7.500000e-01 
2.794118e-01 
5.735294e-01 
7.941176e-01 
6.176471e-01 
6.176471e-01 
4.117647e-01 
4.117647e-01 
1.764706e-01 
1.176471e-01 
1.323529e-01 
2.647059e-01 
3.529412e-01 
1.764706e-01 
7.794118e-01 
7.500000e-01 
3.823529e-01 
5.073529e-01 
6.617647e-01 
7.205882e-01 
5.882353e-01 
3.529412e-01 
4.705882e-01 
4.632353e-01 
3.382353e-01 
4.705882e-01 
5.588235e-01 
5.000000e-01 
3.235294e-01 
2.500000e-01 
2.426471e-01 
2.647059e-01 
3.382353e-01 
5.147059e-01 
3.308824e-01 
3.970588e-01 
5.441176e-01 
5.147059e-01 
2.205882e-01 
3.088235e-01 
1.617647e-01 
7.352941e-02 
2.941176e-01 
2.205882e-01 
1.102941e-01 
1.323529e-01 
3.970588e-01 
7.941176e-01 
6.029412e-01 
4.411765e-01 
4.852941e-01 
7.647059e-01 
4.852941e-01 
3.088235e-01 
2.794118e-01 
2.794118e-01 
2.867647e-01 
3.382353e-01 
4.852941e-01 
5.588235e-01 
3.382353e-01 
1.544118e-01 
2.794118e-01 
2.352941e-01 
3.382353e-01 
4.852941e-01 
3.235294e-01 
4.411765e-01 
4.558824e-01 
4.852941e-01 
5.147059e-01 
5.588235e-01 
7.794118e-01 
5.147059e-01 
4.264706e-01 
6.029412e-01 
7.941176e-01 
3.970588e-01 
5.000000e-01 
4.411765e-01 
6.323529e-01 
6.176471e-01 
7.205882e-01 
6.323529e-01 
4.705882e-01 
4.852941e-01 
5.441176e-01 
5.441176e-01 
4.705882e-01 
6.911765e-01 
5.294118e-01 
7.058824e-01 
6.764706e-01 
4.852941e-01 
6.029412e-01 
6.838235e-01 
8.088235e-01 
4.558824e-01 
5.441176e-01 
7.205882e-01 
6.470588e-01 
6.323529e-01 
5.735294e-01 
5.294118e-01 
5.882353e-01 
6.029412e-01 
6.470588e-01 
6.176471e-01 
6.323529e-01 
5.441176e-01 
6.764706e-01 
6.617647e-01 
7.058824e-01 
6.029412e-01 
4.705882e-01 
6.323529e-01 
5.735294e-01 
6.470588e-01 
5.294118e-01 
6.617647e-01 
8.382353e-01 
7.058824e-01 
5.294118e-01 
8.382353e-01 
6.470588e-01 
7.794118e-01 
3.382353e-01 
4.558824e-01 
6.617647e-01 
7.352941e-01 
6.029412e-01 
8.382353e-01 
6.911765e-01 
7.941176e-01 
4.264706e-01 
4.558824e-01 
4.117647e-01 
6.176471e-01 
3.382353e-01 
3.529412e-01 
4.852941e-01 
2.352941e-01 
3.970588e-01 
6.176471e-01 
4.852941e-01 
6.617647e-01 
3.529412e-01 
6.323529e-01 
6.617647e-01 
3.382353e-01 
7.794118e-01 
5.735294e-01 
4.117647e-01 
5.588235e-01 
6.470588e-01 
5.735294e-01 
5.588235e-01 
2.941176e-01 
3.676471e-01 
4.411765e-01 
2.205882e-01 
6.176471e-01 
4.705882e-01 
5.882353e-01 
6.470588e-01 
4.558824e-01 
7.205882e-01 
5.441176e-01 
5.588235e-01 
6.470588e-01 
6.029412e-01 
4.411765e-01 
7.058824e-01 
6.470588e-01 
1.323529e-01 
5.882353e-01 
5.588235e-01 
7.500000e-01 
3.970588e-01 
5.441176e-01 
6.911765e-01 
5.147059e-01 
4.558824e-01 
5.000000e-01 
5.441176e-01 
4.558824e-01 
5.735294e-01 
8.235294e-01 
7.058824e-01 
4.411765e-01 
4.558824e-01 
5.588235e-01 
4.558824e-01 
5.294118e-01 
7.279412e-01 
5.147059e-01 
6.176471e-01 
3.235294e-01 
6.764706e-01 
6.176471e-01 
4.852941e-01 
4.852941e-01 
5.294118e-01 
5.000000e-01 
4.558824e-01 
6.323529e-01 
5.882353e-01 
5.000000e-01 
6.764706e-01 
5.294118e-01 
4.558824e-01 
5.294118e-01 
4.852941e-01 
5.147059e-01 
5.441176e-01 
5.735294e-01 
6.323529e-01 
5.882353e-01 
4.411765e-01 
4.852941e-01 
5.294118e-01 
6.617647e-01 
5.441176e-01 
6.323529e-01 
3.970588e-01 
6.323529e-01 
4.705882e-01 
6.176471e-01 
3.088235e-01 
6.617647e-01 
8.235294e-01 
9.117647e-01 
7.352941e-01 
9.411765e-01 
7.058824e-01 
7.058824e-01 
5.588235e-01 
7.205882e-01 
6.323529e-01 
6.911765e-01 
6.764706e-01 
6.764706e-01 
7.941176e-01 
8.529412e-01 
6.911765e-01 
5.294118e-01 
6.911765e-01 
6.911765e-01 
6.323529e-01 
8.529412e-01 
8.382353e-01 
8.529412e-01 
1 
6.838235e-01 
7.500000e-01 
5.441176e-01 
8.235294e-01 
7.794118e-01 
6.176471e-01 
5.882353e-01 
5.882353e-01 
9.264706e-01 
4.117647e-01 
6.470588e-01 
6.176471e-01 
7.352941e-01 
6.176471e-01 
7.794118e-01 
6.911765e-01 
7.205882e-01 
5.735294e-01 
4.558824e-01 
6.470588e-01 
6.911765e-01 
7.647059e-01 
8.382353e-01 
8.088235e-01 
6.029412e-01 
4.411765e-01 
7.794118e-01 
3.382353e-01 
5.000000e-01 
5.735294e-01 
6.029412e-01 
4.705882e-01 
6.617647e-01 
7.647059e-01 
7.058824e-01 
5.147059e-01 
7.941176e-01 
5.294118e-01 
6.764706e-01 
4.117647e-01 
4.558824e-01 
6.029412e-01 
5.147059e-01 
4.705882e-01 
6.323529e-01 
5.294118e-01 
7.647059e-01 
5.955882e-01 
6.764706e-01 
6.617647e-01 
6.323529e-01 
7.205882e-01 
4.191176e-01 
7.500000e-01 
7.058824e-01 
4.558824e-01 
6.470588e-01 
4.411765e-01 
6.764706e-01 
7.500000e-01 
6.470588e-01 
6.764706e-01 
5.294118e-01 
6.764706e-01 
6.176471e-01 
6.323529e-01 
6.176471e-01 
6.617647e-01 
5.294118e-01 
5.441176e-01 
5.882353e-01 
5.882353e-01 
4.117647e-01 
5.882353e-01 
5.147059e-01 
5.882353e-01 
6.029412e-01 
6.470588e-01 
7.352941e-01 
6.617647e-01 
6.617647e-01 
8.088235e-01 
7.941176e-01 
5.882353e-01 
5.735294e-01 
