2.222222e-01 
1 
5.648148e-01 
4.814815e-01 
2.500000e-01 
4.537037e-01 
4.629630e-01 
3.611111e-01 
3.888889e-01 
4.351852e-01 
5.555556e-01 
5.370370e-01 
4.074074e-01 
5.185185e-01 
5.092593e-01 
4.907407e-01 
2.592593e-01 
4.907407e-01 
5.833333e-01 
6.388889e-01 
4.166667e-01 
4.814815e-01 
5.555556e-01 
5.555556e-01 
4.166667e-01 
5.833333e-01 
7.222222e-01 
6.203704e-01 
4.907407e-01 
6.111111e-01 
4.444444e-01 
2.407407e-01 
3.148148e-01 
3.981481e-01 
3.333333e-01 
2.592593e-01 
4.074074e-01 
4.259259e-01 
5.462963e-01 
4.259259e-01 
4.907407e-01 
6.851852e-01 
5.277778e-01 
4.166667e-01 
5.092593e-01 
7.222222e-01 
4.907407e-01 
2.870370e-01 
5.648148e-01 
6.111111e-01 
4.259259e-01 
4.166667e-01 
5.277778e-01 
6.666667e-01 
4.166667e-01 
5.462963e-01 
4.722222e-01 
2.962963e-01 
5.092593e-01 
5.740741e-01 
6.018519e-01 
3.981481e-01 
3.888889e-01 
3.055556e-01 
2.592593e-01 
4.074074e-01 
4.351852e-01 
2.777778e-01 
2.962963e-01 
3.703704e-01 
6.296296e-01 
4.537037e-01 
4.629630e-01 
5.925926e-01 
6.666667e-01 
5.092593e-01 
5.277778e-01 
7.222222e-01 
5.277778e-01 
3.703704e-01 
3.703704e-01 
5.092593e-01 
6.574074e-01 
3.703704e-01 
4.722222e-01 
6.388889e-01 
4.907407e-01 
6.481481e-01 
3.518519e-01 
2.962963e-01 
5.185185e-01 
5.277778e-01 
4.722222e-01 
3.796296e-01 
6.759259e-01 
4.629630e-01 
5.648148e-01 
5.185185e-01 
4.814815e-01 
6.388889e-01 
5.000000e-01 
5.740741e-01 
7.129630e-01 
5.925926e-01 
5.740741e-01 
5.555556e-01 
5.833333e-01 
6.851852e-01 
5.925926e-01 
7.129630e-01 
7.870370e-01 
5.925926e-01 
5.370370e-01 
6.203704e-01 
6.574074e-01 
6.666667e-01 
4.907407e-01 
6.388889e-01 
7.777778e-01 
5.925926e-01 
5.555556e-01 
5.462963e-01 
5.740741e-01 
6.574074e-01 
6.111111e-01 
5.833333e-01 
7.870370e-01 
6.574074e-01 
6.388889e-01 
6.574074e-01 
6.111111e-01 
6.203704e-01 
5.648148e-01 
7.037037e-01 
8.425926e-01 
6.574074e-01 
6.574074e-01 
6.388889e-01 
5.925926e-01 
6.111111e-01 
7.592593e-01 
7.129630e-01 
7.962963e-01 
6.250000e-01 
6.851852e-01 
6.481481e-01 
6.759259e-01 
6.851852e-01 
5.833333e-01 
7.407407e-01 
8.518519e-01 
7.407407e-01 
6.851852e-01 
6.203704e-01 
6.296296e-01 
7.037037e-01 
6.666667e-01 
7.962963e-01 
5.185185e-01 
4.537037e-01 
3.703704e-01 
5.648148e-01 
3.240741e-01 
3.888889e-01 
4.629630e-01 
3.703704e-01 
6.574074e-01 
5.740741e-01 
3.796296e-01 
5.555556e-01 
5.462963e-01 
5.000000e-01 
4.722222e-01 
5.092593e-01 
4.722222e-01 
5.370370e-01 
5.833333e-01 
6.944444e-01 
5.092593e-01 
4.351852e-01 
6.111111e-01 
4.629630e-01 
5.092593e-01 
5.555556e-01 
4.629630e-01 
4.537037e-01 
4.722222e-01 
6.481481e-01 
5.555556e-01 
4.166667e-01 
5.740741e-01 
5.648148e-01 
5.277778e-01 
6.759259e-01 
5.185185e-01 
6.203704e-01 
6.944444e-01 
6.203704e-01 
5.370370e-01 
6.851852e-01 
4.259259e-01 
7.314815e-01 
5.925926e-01 
6.296296e-01 
5.925926e-01 
5.833333e-01 
7.592593e-01 
6.111111e-01 
4.629630e-01 
6.296296e-01 
6.574074e-01 
4.814815e-01 
5.370370e-01 
6.759259e-01 
6.481481e-01 
5.555556e-01 
4.907407e-01 
7.129630e-01 
6.574074e-01 
6.388889e-01 
6.203704e-01 
5.185185e-01 
5.370370e-01 
5.648148e-01 
6.851852e-01 
5.185185e-01 
6.388889e-01 
5.925926e-01 
6.851852e-01 
5.462963e-01 
5.694444e-01 
6.388889e-01 
6.111111e-01 
7.407407e-01 
6.759259e-01 
6.203704e-01 
6.296296e-01 
7.407407e-01 
7.407407e-01 
6.944444e-01 
6.481481e-01 
6.296296e-01 
6.851852e-01 
5.648148e-01 
6.759259e-01 
7.037037e-01 
7.037037e-01 
6.388889e-01 
7.037037e-01 
8.240741e-01 
7.592593e-01 
7.592593e-01 
6.851852e-01 
7.685185e-01 
7.685185e-01 
6.851852e-01 
7.777778e-01 
5.462963e-01 
7.129630e-01 
8.148148e-01 
7.314815e-01 
7.129630e-01 
7.962963e-01 
6.574074e-01 
7.592593e-01 
7.685185e-01 
7.500000e-01 
6.388889e-01 
7.592593e-01 
7.500000e-01 
6.018519e-01 
6.388889e-01 
6.111111e-01 
7.777778e-01 
7.222222e-01 
7.777778e-01 
8.333333e-01 
6.481481e-01 
8.055556e-01 
8.611111e-01 
7.129630e-01 
6.759259e-01 
6.574074e-01 
7.500000e-01 
6.759259e-01 
7.777778e-01 
8.240741e-01 
7.870370e-01 
7.870370e-01 
8.611111e-01 
7.129630e-01 
7.129630e-01 
7.407407e-01 
8.703704e-01 
7.592593e-01 
6.388889e-01 
6.111111e-01 
8.333333e-01 
9.074074e-01 
7.129630e-01 
6.388889e-01 
6.759259e-01 
6.851852e-01 
7.407407e-01 
8.333333e-01 
7.222222e-01 
9.351852e-01 
8.240741e-01 
7.407407e-01 
7.407407e-01 
8.518519e-01 
8.888889e-01 
7.685185e-01 
8.518519e-01 
8.888889e-01 
8.333333e-01 
8.425926e-01 
8.611111e-01 
9.444444e-01 
9.537037e-01 
8.796296e-01 
8.333333e-01 
7.962963e-01 
8.055556e-01 
7.777778e-01 
8.888889e-01 
9.074074e-01 
8.981481e-01 
8.333333e-01 
8.888889e-01 
8.888889e-01 
6.759259e-01 
7.037037e-01 
6.388889e-01 
7.037037e-01 
6.759259e-01 
7.777778e-01 
8.888889e-01 
8.425926e-01 
8.703704e-01 
9.027778e-01 
7.314815e-01 
6.481481e-01 
7.962963e-01 
8.148148e-01 
7.777778e-01 
7.638889e-01 
8.888889e-01 
7.870370e-01 
6.759259e-01 
7.407407e-01 
8.333333e-01 
8.425926e-01 
8.240741e-01 
6.944444e-01 
6.666667e-01 
7.500000e-01 
8.796296e-01 
8.425926e-01 
6.759259e-01 
7.500000e-01 
5.740741e-01 
