2.777778e-01 
5.555556e-01 
3.888889e-01 
5.555556e-01 
2.777778e-01 
2.222222e-01 
3.333333e-01 
5.000000e-01 
4.444444e-01 
3.888889e-01 
4.166667e-01 
3.888889e-01 
2.777778e-01 
5.000000e-01 
1.111111e-01 
5.555556e-01 
6.111111e-01 
2.222222e-01 
1.666667e-01 
3.888889e-01 
8.333333e-01 
3.888889e-01 
1.111111e-01 
5.555556e-01 
3.333333e-01 
2.777778e-01 
5.555556e-02 
5.000000e-01 
3.333333e-01 
4.444444e-01 
3.888889e-01 
5.555556e-01 
5.000000e-01 
3.888889e-01 
1 
3.888889e-01 
2.777778e-01 
2.222222e-01 
1.666667e-01 
3.888889e-01 
3.333333e-01 
3.333333e-01 
8.333333e-01 
3.888889e-01 
2.777778e-01 
5.000000e-01 
8.333333e-01 
6.666667e-01 
5.000000e-01 
3.888889e-01 
3.333333e-01 
3.888889e-01 
2.222222e-01 
3.888889e-01 
2.777778e-01 
2.777778e-01 
6.666667e-01 
3.333333e-01 
3.888889e-01 
2.222222e-01 
3.333333e-01 
5.000000e-01 
1.111111e-01 
1.666667e-01 
7.777778e-01 
1.666667e-01 
3.888889e-01 
8.333333e-01 
6.666667e-01 
1.111111e-01 
1.111111e-01 
5.000000e-01 
5.555556e-01 
3.888889e-01 
2.222222e-01 
6.666667e-01 
2.222222e-01 
5.555556e-02 
3.333333e-01 
8.888889e-01 
2.222222e-01 
2.222222e-01 
5.000000e-01 
7.777778e-01 
2.222222e-01 
1.666667e-01 
3.333333e-01 
3.333333e-01 
7.222222e-01 
3.333333e-01 
2.222222e-01 
2.222222e-01 
3.333333e-01 
5.000000e-01 
5.555556e-02 
2.500000e-01 
6.111111e-01 
3.333333e-01 
1.111111e-01 
5.555556e-01 
4.444444e-01 
1.111111e-01 
3.888889e-01 
4.444444e-01 
3.888889e-01 
3.888889e-01 
5.555556e-01 
5.000000e-01 
2.222222e-01 
3.888889e-01 
1.111111e-01 
7.777778e-01 
4.444444e-01 
5.555556e-01 
3.333333e-01 
3.333333e-01 
5.000000e-01 
1.111111e-01 
2.222222e-01 
3.333333e-01 
4.444444e-01 
2.777778e-01 
5.555556e-01 
7.222222e-01 
4.444444e-01 
3.888889e-01 
4.444444e-01 
2.777778e-01 
7.222222e-01 
6.111111e-01 
1.111111e-01 
2.222222e-01 
5.000000e-01 
2.222222e-01 
2.777778e-01 
2.222222e-01 
4.444444e-01 
5.000000e-01 
3.333333e-01 
3.888889e-01 
5.000000e-01 
5.000000e-01 
1.666667e-01 
5.555556e-02 
3.333333e-01 
5.000000e-01 
5.000000e-01 
9.444444e-01 
4.444444e-01 
6.111111e-01 
2.222222e-01 
2.777778e-01 
7.777778e-01 
2.222222e-01 
3.333333e-01 
5.555556e-02 
2.222222e-01 
2.777778e-01 
6.111111e-01 
6.111111e-01 
6.111111e-01 
3.888889e-01 
4.444444e-01 
2.777778e-01 
3.888889e-01 
5.000000e-01 
1.111111e-01 
4.444444e-01 
2.777778e-01 
2.500000e-01 
2.777778e-01 
7.777778e-01 
2.777778e-01 
2.222222e-01 
3.333333e-01 
3.333333e-01 
7.222222e-01 
5.000000e-01 
5.555556e-01 
5.000000e-01 
3.888889e-01 
5.555556e-01 
4.444444e-01 
2.777778e-01 
1.111111e-01 
3.888889e-01 
7.222222e-01 
4.444444e-01 
1.666667e-01 
3.888889e-01 
3.888889e-01 
6.111111e-01 
3.333333e-01 
2.222222e-01 
5.555556e-01 
4.444444e-01 
3.888889e-01 
2.777778e-01 
3.333333e-01 
7.777778e-01 
5.000000e-01 
5.833333e-01 
3.888889e-01 
3.333333e-01 
2.222222e-01 
3.333333e-01 
3.333333e-01 
5.555556e-01 
3.333333e-01 
2.500000e-01 
4.444444e-01 
2.222222e-01 
3.333333e-01 
4.444444e-01 
3.888889e-01 
8.333333e-01 
5.555556e-01 
4.444444e-01 
4.444444e-01 
3.888889e-01 
5.555556e-01 
3.888889e-01 
6.111111e-01 
7.222222e-01 
8.888889e-01 
3.888889e-01 
3.333333e-01 
3.333333e-01 
5.555556e-01 
3.333333e-01 
3.888889e-01 
5.000000e-01 
2.777778e-01 
4.444444e-01 
7.222222e-01 
4.444444e-01 
6.666667e-01 
2.222222e-01 
5.555556e-01 
2.777778e-01 
4.444444e-01 
2.777778e-01 
4.444444e-01 
3.888889e-01 
8.888889e-01 
3.333333e-01 
5.555556e-02 
1.111111e-01 
3.333333e-01 
2.777778e-01 
4.166667e-01 
3.888889e-01 
3.888889e-01 
5.000000e-01 
2.777778e-01 
5.000000e-01 
6.111111e-01 
6.666667e-01 
5.833333e-01 
3.888889e-01 
3.888889e-01 
7.777778e-01 
5.555556e-01 
3.333333e-01 
3.333333e-01 
1.666667e-01 
1.111111e-01 
3.333333e-01 
4.444444e-01 
3.888889e-01 
2.777778e-01 
9.444444e-01 
9.444444e-01 
3.333333e-01 
3.333333e-01 
1.666667e-01 
5.555556e-02 
4.444444e-01 
2.222222e-01 
3.888889e-01 
4.444444e-01 
1.111111e-01 
1.111111e-01 
2.777778e-01 
6.111111e-01 
3.333333e-01 
5.000000e-01 
2.222222e-01 
2.222222e-01 
5.555556e-01 
5.000000e-01 
2.777778e-01 
1.666667e-01 
4.444444e-01 
3.333333e-01 
9.444444e-01 
5.000000e-01 
2.777778e-01 
2.777778e-01 
3.888889e-01 
3.333333e-01 
2.777778e-01 
3.888889e-01 
6.666667e-01 
2.222222e-01 
2.777778e-01 
5.555556e-01 
2.222222e-01 
8.888889e-01 
7.777778e-01 
2.777778e-01 
5.555556e-01 
4.444444e-01 
3.888889e-01 
2.777778e-01 
1.666667e-01 
3.333333e-01 
3.888889e-01 
3.333333e-01 
1.666667e-01 
2.777778e-01 
1.666667e-01 
3.333333e-01 
7.777778e-01 
3.333333e-01 
3.333333e-01 
4.444444e-01 
6.111111e-01 
3.333333e-01 
7.222222e-01 
3.333333e-01 
1.666667e-01 
4.444444e-01 
4.444444e-01 
1.666667e-01 
2.777778e-01 
5.555556e-01 
6.111111e-01 
7.777778e-01 
2.777778e-01 
2.777778e-01 
5.555556e-01 
4.444444e-01 
3.888889e-01 
1.111111e-01 
2.777778e-01 
6.666667e-01 
3.333333e-01 
2.777778e-01 
1.666667e-01 
3.888889e-01 
6.111111e-01 
2.222222e-01 
1.666667e-01 
2.777778e-01 
3.333333e-01 
7.222222e-01 
6.111111e-01 
5.000000e-01 
6.666667e-01 
3.333333e-01 
7.777778e-01 
