2.941176e-01 
4.117647e-01 
4.117647e-01 
2.941176e-01 
5.000000e-01 
3.235294e-01 
5.588235e-01 
3.235294e-01 
3.529412e-01 
2.647059e-01 
8.529412e-01 
5.000000e-01 
4.411765e-01 
6.470588e-01 
4.411765e-01 
2.352941e-01 
1.176471e-01 
2.352941e-01 
3.529412e-01 
3.529412e-01 
2.647059e-01 
3.823529e-01 
5.882353e-01 
8.823529e-02 
2.058824e-01 
4.411765e-01 
5.588235e-01 
2.647059e-01 
2.647059e-01 
8.235294e-01 
2.352941e-01 
2.058824e-01 
2.058824e-01 
3.235294e-01 
3.823529e-01 
2.205882e-01 
1.470588e-01 
2.058824e-01 
3.970588e-01 
2.647059e-01 
7.647059e-01 
5.000000e-01 
6.470588e-01 
1.764706e-01 
3.823529e-01 
5.294118e-01 
3.823529e-01 
2.941176e-01 
5.588235e-01 
6.176471e-01 
4.411765e-01 
2.352941e-01 
5.294118e-01 
3.235294e-01 
3.529412e-01 
4.411765e-01 
5.588235e-01 
5.882353e-01 
4.117647e-01 
3.529412e-01 
1.764706e-01 
2.058824e-01 
1.470588e-01 
8.823529e-02 
1.470588e-01 
5.588235e-01 
3.529412e-01 
1.764706e-01 
8.823529e-02 
3.823529e-01 
4.117647e-01 
2.941176e-02 
5.588235e-01 
6.764706e-01 
3.529412e-01 
8.823529e-02 
1.764706e-01 
6.176471e-01 
4.117647e-01 
1.764706e-01 
1.764706e-01 
4.117647e-01 
6.764706e-01 
1.764706e-01 
8.823529e-02 
6.176471e-01 
3.823529e-01 
3.235294e-01 
3.823529e-01 
2.352941e-01 
1.323529e-01 
1.764706e-01 
8.823529e-02 
2.352941e-01 
5.882353e-01 
2.352941e-01 
3.529412e-01 
5.588235e-01 
7.058824e-01 
2.647059e-01 
4.705882e-01 
5.882353e-01 
6.470588e-01 
3.823529e-01 
3.529412e-01 
7.647059e-01 
6.470588e-01 
4.117647e-01 
5.000000e-01 
6.176471e-01 
7.352941e-01 
3.235294e-01 
3.823529e-01 
6.470588e-01 
5.294118e-01 
2.941176e-01 
2.352941e-01 
5.000000e-01 
5.000000e-01 
2.647059e-01 
2.647059e-01 
9.411765e-01 
2.352941e-01 
2.941176e-01 
2.941176e-01 
8.235294e-01 
6.470588e-01 
4.411765e-01 
5.000000e-01 
5.882353e-01 
8.235294e-01 
3.235294e-01 
4.411765e-01 
6.617647e-01 
7.352941e-01 
4.117647e-01 
4.117647e-01 
8.823529e-01 
6.470588e-01 
3.235294e-01 
3.823529e-01 
6.176471e-01 
6.470588e-01 
4.117647e-01 
3.529412e-01 
9.117647e-01 
3.088235e-01 
2.647059e-01 
1.764706e-01 
9.705882e-01 
5.294118e-01 
3.823529e-01 
3.235294e-01 
1 
6.176471e-01 
3.529412e-01 
5.000000e-01 
5.294118e-01 
6.176471e-01 
4.411765e-01 
2.352941e-01 
2.647059e-01 
3.088235e-01 
3.823529e-01 
3.529412e-01 
1.470588e-01 
5.882353e-01 
4.117647e-01 
3.970588e-01 
2.941176e-01 
3.235294e-01 
1.470588e-01 
3.235294e-01 
5.588235e-01 
3.235294e-01 
3.823529e-01 
5.000000e-01 
5.000000e-01 
4.705882e-01 
2.058824e-01 
6.764706e-01 
3.529412e-01 
5.000000e-01 
5.000000e-01 
3.235294e-01 
3.235294e-01 
6.176471e-01 
4.705882e-01 
3.823529e-01 
3.235294e-01 
3.235294e-01 
6.764706e-01 
3.970588e-01 
3.823529e-01 
4.117647e-01 
5.588235e-01 
6.176471e-01 
5.000000e-01 
7.058824e-01 
1.176471e-01 
2.941176e-01 
1.470588e-01 
6.176471e-01 
2.647059e-01 
5.882353e-02 
5.000000e-01 
3.823529e-01 
3.235294e-01 
6.470588e-01 
4.705882e-01 
1.764706e-01 
2.941176e-02 
2.941176e-01 
3.529412e-01 
2.941176e-01 
3.235294e-01 
3.823529e-01 
4.117647e-01 
2.647059e-01 
8.823529e-02 
2.058824e-01 
3.529412e-01 
4.705882e-01 
7.058824e-01 
4.411765e-01 
3.529412e-01 
6.176471e-01 
5.000000e-01 
5.294118e-01 
5.294118e-01 
4.411765e-01 
5.000000e-01 
2.941176e-01 
5.882353e-01 
3.529412e-01 
2.352941e-01 
5.588235e-01 
4.411765e-01 
6.176471e-01 
2.647059e-01 
1.764706e-01 
6.470588e-01 
3.529412e-01 
3.529412e-01 
2.352941e-01 
6.470588e-01 
3.529412e-01 
2.058824e-01 
3.823529e-01 
1.764706e-01 
4.411765e-01 
3.823529e-01 
3.235294e-01 
5.000000e-01 
9.411765e-01 
4.411765e-01 
5.294118e-01 
9.411765e-01 
7.941176e-01 
6.470588e-01 
6.764706e-01 
6.470588e-01 
6.764706e-01 
5.000000e-01 
9.117647e-01 
6.470588e-01 
8.529412e-01 
3.235294e-01 
5.588235e-01 
9.117647e-01 
7.058824e-01 
7.941176e-01 
5.000000e-01 
6.176471e-01 
6.176471e-01 
3.823529e-01 
6.764706e-01 
5.294118e-01 
7.058824e-01 
5.000000e-01 
1.764706e-01 
1 
5.588235e-01 
4.117647e-01 
4.411765e-01 
7.941176e-01 
5.294118e-01 
2.647059e-01 
5.588235e-01 
6.764706e-01 
6.764706e-01 
3.088235e-01 
7.058824e-01 
7.352941e-01 
4.852941e-01 
3.529412e-01 
3.529412e-01 
5.882353e-01 
4.705882e-01 
2.352941e-01 
2.941176e-01 
7.941176e-01 
5.294118e-01 
5.588235e-01 
8.823529e-02 
3.529412e-01 
7.647059e-01 
3.823529e-01 
2.058824e-01 
5.882353e-01 
6.176471e-01 
6.470588e-01 
2.058824e-01 
1.323529e-01 
4.117647e-01 
5.588235e-01 
4.705882e-01 
4.705882e-01 
5.294118e-01 
5.000000e-01 
4.411765e-01 
7.058824e-01 
3.529412e-01 
4.411765e-01 
5.000000e-01 
4.117647e-01 
2.941176e-01 
6.176471e-01 
2.647059e-01 
7.352941e-01 
1.764706e-01 
4.117647e-01 
5.588235e-01 
5.588235e-01 
4.117647e-01 
6.470588e-01 
7.647059e-01 
5.294118e-01 
5.882353e-01 
5.882353e-01 
3.823529e-01 
2.647059e-01 
4.117647e-01 
8.235294e-01 
2.941176e-01 
2.647059e-01 
4.117647e-01 
6.176471e-01 
3.970588e-01 
4.117647e-01 
2.205882e-01 
7.058824e-01 
5.882353e-01 
2.352941e-01 
5.000000e-01 
5.882353e-01 
7.941176e-01 
5.588235e-01 
4.117647e-01 
5.882353e-01 
5.882353e-01 
7.647059e-01 
