3.157895e-01 
6.315789e-01 
4.210526e-01 
6.315789e-01 
3.157895e-01 
4.210526e-01 
2.105263e-01 
5.789474e-01 
4.736842e-01 
3.684211e-01 
2.105263e-01 
2.631579e-01 
3.684211e-01 
3.157895e-01 
6.842105e-01 
5.789474e-01 
5.263158e-01 
2.368421e-01 
3.684211e-01 
6.315789e-01 
2.631579e-01 
1.052632e-01 
5.789474e-01 
4.210526e-01 
2.105263e-01 
2.631579e-01 
3.684211e-01 
6.315789e-01 
1.578947e-01 
3.684211e-01 
6.315789e-01 
4.210526e-01 
4.736842e-01 
2.631579e-01 
3.684211e-01 
6.842105e-01 
6.315789e-01 
6.842105e-01 
4.736842e-01 
4.736842e-01 
3.157895e-01 
1.052632e-01 
3.157895e-01 
5.263158e-01 
1.578947e-01 
4.210526e-01 
3.684211e-01 
4.736842e-01 
2.631579e-01 
3.157895e-01 
3.684211e-01 
5.263158e-02 
6.315789e-01 
4.210526e-01 
6.842105e-01 
3.157895e-01 
4.736842e-01 
3.157895e-01 
2.105263e-01 
7.368421e-01 
5.263158e-01 
6.315789e-01 
5.789474e-01 
7.894737e-01 
4.210526e-01 
6.315789e-01 
8.421053e-01 
5.789474e-01 
7.105263e-01 
8.947368e-01 
3.684211e-01 
1 
3.157895e-01 
5.789474e-01 
2.105263e-01 
7.368421e-01 
2.631579e-01 
6.315789e-01 
5.263158e-01 
5.789474e-01 
1.052632e-01 
5.263158e-01 
5.789474e-01 
2.105263e-01 
3.684211e-01 
5.789474e-01 
6.315789e-01 
4.736842e-01 
7.368421e-01 
5.789474e-01 
3.684211e-01 
4.210526e-01 
5.263158e-01 
4.210526e-01 
4.210526e-01 
3.684211e-01 
3.947368e-01 
2.631579e-01 
3.684211e-01 
5.263158e-01 
2.631579e-01 
4.210526e-01 
6.315789e-01 
1 
5.263158e-01 
1.578947e-01 
5.263158e-01 
3.157895e-01 
2.631579e-01 
5.263158e-01 
6.315789e-01 
5.263158e-01 
2.631579e-01 
3.157895e-01 
4.736842e-01 
2.105263e-01 
3.157895e-01 
6.842105e-01 
1.052632e-01 
4.210526e-01 
7.368421e-01 
1.578947e-01 
6.315789e-01 
2.105263e-01 
1.578947e-01 
3.684211e-01 
3.157895e-01 
7.894737e-01 
5.789474e-01 
2.631579e-01 
4.736842e-01 
2.105263e-01 
3.684211e-01 
4.210526e-01 
5.789474e-01 
8.947368e-01 
3.157895e-01 
2.631579e-01 
3.684211e-01 
4.210526e-01 
1.578947e-01 
4.736842e-01 
5.789474e-01 
4.210526e-01 
5.263158e-01 
3.684211e-01 
4.736842e-01 
2.105263e-01 
2.631579e-01 
5.263158e-01 
3.684211e-01 
7.894737e-01 
7.368421e-01 
3.157895e-01 
4.210526e-01 
4.736842e-01 
5.789474e-01 
3.157895e-01 
5.789474e-01 
1.052632e-01 
3.157895e-01 
3.684211e-01 
3.684211e-01 
6.315789e-01 
4.736842e-01 
5.789474e-01 
6.315789e-01 
6.842105e-01 
3.684211e-01 
3.157895e-01 
6.315789e-01 
8.947368e-01 
7.894737e-01 
3.157895e-01 
3.684211e-01 
2.105263e-01 
1.578947e-01 
5.789474e-01 
6.842105e-01 
4.736842e-01 
2.105263e-01 
2.105263e-01 
6.315789e-01 
3.157895e-01 
6.842105e-01 
3.157895e-01 
4.736842e-01 
3.684211e-01 
2.105263e-01 
4.736842e-01 
6.842105e-01 
1.578947e-01 
3.684211e-01 
5.789474e-01 
5.263158e-01 
4.210526e-01 
1.052632e-01 
3.684211e-01 
4.210526e-01 
2.105263e-01 
4.736842e-01 
6.842105e-01 
4.210526e-01 
7.368421e-01 
7.368421e-01 
6.842105e-01 
7.368421e-01 
4.736842e-01 
3.157895e-01 
3.157895e-01 
2.105263e-01 
7.368421e-01 
3.157895e-01 
6.842105e-01 
4.736842e-01 
4.210526e-01 
7.894737e-01 
5.789474e-01 
2.105263e-01 
6.315789e-01 
5.789474e-01 
6.842105e-01 
5.789474e-01 
5.263158e-01 
4.736842e-01 
7.368421e-01 
5.789474e-01 
4.210526e-01 
6.315789e-01 
3.684211e-01 
6.315789e-01 
4.736842e-01 
5.789474e-01 
2.631579e-01 
6.315789e-01 
4.736842e-01 
2.631579e-01 
3.684211e-01 
7.894737e-01 
3.684211e-01 
5.263158e-01 
2.105263e-01 
4.736842e-01 
5.789474e-01 
4.736842e-01 
5.263158e-01 
4.736842e-01 
6.315789e-01 
7.368421e-01 
4.736842e-01 
4.736842e-01 
4.210526e-01 
6.315789e-01 
3.157895e-01 
1.578947e-01 
4.736842e-01 
7.894737e-01 
4.210526e-01 
3.684211e-01 
3.157895e-01 
3.684211e-01 
1.578947e-01 
3.157895e-01 
6.315789e-01 
3.157895e-01 
0 
5.263158e-01 
2.105263e-01 
3.684211e-01 
3.684211e-01 
5.263158e-01 
4.210526e-01 
3.157895e-01 
2.631579e-01 
5.263158e-01 
5.789474e-01 
6.842105e-01 
2.631579e-01 
2.631579e-01 
2.631579e-01 
6.842105e-01 
4.210526e-01 
6.315789e-01 
3.157895e-01 
4.210526e-01 
5.789474e-01 
3.157895e-01 
7.368421e-01 
3.157895e-01 
4.736842e-01 
5.789474e-01 
7.894737e-01 
3.684211e-01 
4.736842e-01 
6.842105e-01 
1.052632e-01 
5.789474e-01 
4.736842e-01 
3.157895e-01 
7.894737e-01 
4.736842e-01 
6.315789e-01 
4.736842e-01 
4.210526e-01 
5.789474e-01 
4.736842e-01 
2.105263e-01 
2.105263e-01 
6.842105e-01 
2.631579e-01 
3.157895e-01 
3.157895e-01 
4.210526e-01 
7.368421e-01 
3.684211e-01 
5.789474e-01 
2.105263e-01 
5.789474e-01 
3.157895e-01 
6.315789e-01 
4.736842e-01 
5.263158e-01 
5.263158e-01 
4.210526e-01 
1.052632e-01 
3.157895e-01 
3.157895e-01 
7.894737e-01 
4.210526e-01 
8.421053e-01 
4.210526e-01 
3.684211e-01 
7.368421e-01 
1.000000e+00 
7.894737e-01 
5.789474e-01 
4.736842e-01 
4.210526e-01 
4.210526e-01 
4.210526e-01 
7.368421e-01 
5.263158e-01 
2.631579e-01 
8.421053e-01 
7.368421e-01 
4.736842e-01 
2.631579e-01 
1.578947e-01 
8.947368e-01 
7.894737e-01 
3.684211e-01 
3.684211e-01 
5.263158e-01 
1.578947e-01 
4.210526e-01 
2.105263e-01 
1.052632e-01 
2.631579e-01 
6.842105e-01 
4.210526e-01 
4.210526e-01 
2.105263e-01 
