6.888446e-02 
2.373166e-01 
1.673389e-01 
2.110222e-01 
1.035654e-01 
1.055111e-01 
1.068555e-01 
1.283627e-01 
1.505388e-01 
8.400554e-02 
2.768832e-01 
1.693555e-01 
1.015243e-01 
1.465055e-01 
1.717082e-01 
1.683472e-01 
1.099513e-01 
1.045028e-01 
1.720443e-01 
1.673371e-01 
2.560499e-01 
1.505317e-01 
2.795720e-01 
2.520067e-01 
1.290332e-01 
1.720443e-01 
2.788981e-01 
1.690194e-01 
1.592679e-01 
2.221084e-01 
1.068555e-01 
1.061833e-01 
6.451662e-02 
1.290297e-01 
8.400554e-02 
2.096777e-01 
1.075277e-01 
1.048389e-01 
1.478500e-01 
1.713686e-01 
1.290332e-01 
1.908610e-01 
2.338704e-01 
1.830594e-01 
1.935499e-01 
1.720443e-01 
1.055111e-01 
1.068555e-01 
2.150554e-01 
1.875000e-01 
1.505388e-01 
2.116944e-01 
6.451662e-02 
1.471777e-01 
1.478482e-01 
1.491944e-01 
1.935499e-01 
8.467775e-02 
1.048389e-01 
1.276871e-01 
1.922055e-01 
1.270166e-01 
1.263427e-01 
1.250000e-01 
6.384442e-02 
1.700224e-01 
1.290332e-01 
1.935499e-01 
1.505388e-01 
1.017151e-01 
1.445371e-01 
1.290315e-01 
1.061833e-01 
2.137110e-01 
2.795509e-01 
8.602217e-02 
1.290332e-01 
1.693555e-01 
1.720443e-01 
1.283610e-01 
1.915332e-01 
1.055111e-01 
1.720443e-01 
1.491944e-01 
2.358799e-01 
1.491944e-01 
1.253932e-01 
8.817327e-02 
8.601688e-02 
2.520166e-01 
1.471777e-01 
2.116944e-01 
2.345443e-01 
1.250000e-01 
2.553653e-01 
2.741911e-01 
1.505388e-01 
2.540332e-01 
1.935481e-01 
2.130388e-01 
1.290332e-01 
1.908610e-01 
2.533610e-01 
1.485222e-01 
2.150484e-01 
2.130388e-01 
1.693555e-01 
2.762022e-01 
2.545796e-01 
1.706999e-01 
1.720443e-01 
3.824492e-01 
2.103500e-01 
2.110222e-01 
1.290280e-01 
2.553777e-01 
1.935446e-01 
2.936833e-01 
2.150537e-01 
2.150501e-01 
1.276888e-01 
2.526822e-01 
6.451662e-02 
2.768832e-01 
8.602217e-02 
2.533610e-01 
2.365610e-01 
2.150484e-01 
2.768832e-01 
1.478500e-01 
1.693555e-01 
2.795720e-01 
2.150448e-01 
2.365610e-01 
2.762110e-01 
2.977165e-01 
3.400554e-01 
2.963721e-01 
2.580665e-01 
2.580665e-01 
2.123666e-01 
3.655942e-01 
2.580665e-01 
8.602217e-02 
2.116944e-01 
2.130388e-01 
2.580595e-01 
1.471777e-01 
2.560499e-01 
2.547055e-01 
1.505335e-01 
2.775554e-01 
2.345443e-01 
2.083333e-01 
1.888409e-01 
3.393832e-01 
2.831559e-01 
2.990610e-01 
1.505370e-01 
1.276818e-01 
2.150554e-02 
1.686833e-01 
6.451662e-02 
1.666667e-01 
1.979371e-01 
1.075277e-01 
2.365522e-01 
2.338721e-01 
1.283610e-01 
1.505282e-01 
1.478500e-01 
1.666667e-01 
1.270166e-01 
2.103500e-01 
1.935499e-01 
2.116944e-01 
2.580665e-01 
2.137110e-01 
1.491944e-01 
1.250000e-01 
1.075277e-01 
1.935499e-01 
8.602217e-02 
2.083333e-01 
1.720408e-01 
1.290332e-01 
8.534996e-02 
2.061250e-01 
1.693555e-01 
1.075277e-01 
2.365610e-01 
2.795720e-01 
1.693537e-01 
1.928777e-01 
1.290332e-01 
1.666667e-01 
1.935499e-01 
2.150554e-01 
1.713721e-01 
1.700277e-01 
2.331999e-01 
1.290332e-01 
1.276888e-01 
1.686833e-01 
3.010776e-01 
1.055111e-01 
3.440887e-01 
2.735204e-01 
2.331999e-01 
2.345443e-01 
1.935499e-01 
4.233887e-02 
2.477636e-01 
1.061833e-01 
1.211039e-01 
3.810499e-01 
2.365610e-01 
3.353500e-01 
3.010776e-01 
1.055111e-01 
1.693605e-01 
1.250000e-01 
1.928768e-01 
2.444551e-01 
1.505388e-01 
1.700277e-01 
2.365610e-01 
2.943555e-01 
1.720443e-01 
2.546967e-01 
1.693555e-01 
1.290332e-01 
1.827901e-01 
3.719776e-01 
1.827918e-01 
3.249333e-01 
2.311833e-01 
1.928777e-01 
3.205665e-01 
2.990469e-01 
2.318555e-01 
1.720408e-01 
2.580665e-01 
2.748666e-01 
1.935428e-01 
2.560446e-01 
2.150431e-01 
3.602165e-01 
2.580647e-01 
2.782276e-01 
2.983887e-01 
3.165332e-01 
2.520157e-01 
2.896513e-01 
2.150554e-01 
1.874917e-01 
2.365610e-01 
1.935446e-01 
3.004054e-01 
1.922462e-01 
2.345443e-01 
2.936833e-01 
2.365610e-01 
2.930076e-01 
3.151888e-01 
3.333333e-01 
2.123666e-01 
1.263444e-01 
1.928777e-01 
1.720443e-01 
1.875000e-01 
1.706999e-01 
1.935446e-01 
2.735222e-01 
1.720443e-01 
1.686833e-01 
1.505388e-01 
8.333333e-02 
2.795668e-01 
3.830665e-01 
2.365504e-01 
1.915332e-01 
3.004054e-01 
2.963721e-01 
3.225831e-01 
2.365610e-01 
3.655942e-01 
1.263444e-01 
2.116944e-01 
1.922055e-01 
2.782276e-01 
2.735222e-01 
3.010776e-01 
2.768832e-01 
3.192221e-01 
2.943555e-01 
3.225831e-01 
3.393726e-01 
1.693485e-01 
2.500000e-01 
2.150431e-01 
1.908610e-01 
3.158610e-01 
2.977165e-01 
3.192186e-01 
3.790332e-01 
2.116944e-01 
2.083333e-01 
2.795720e-01 
3.440781e-01 
2.365610e-01 
2.553777e-01 
2.580665e-01 
2.103500e-01 
2.963721e-01 
3.151888e-01 
2.795720e-01 
3.413998e-01 
2.358887e-01 
2.506722e-01 
3.440887e-01 
2.520166e-01 
2.795632e-01 
3.360222e-01 
2.762110e-01 
4.166667e-01 
2.795597e-01 
2.130388e-01 
2.547055e-01 
1.485222e-01 
1.935481e-01 
1.915332e-01 
2.352095e-01 
2.137110e-01 
2.283890e-01 
3.353500e-01 
1.720443e-01 
2.936833e-01 
1.693555e-01 
3.205665e-01 
1.666667e-01 
2.795720e-01 
1.935499e-01 
3.099742e-01 
4.210795e-01 
2.325224e-01 
2.083333e-01 
2.768832e-01 
2.795720e-01 
2.775554e-01 
2.560499e-01 
2.950277e-01 
2.325277e-01 
3.340055e-01 
2.983887e-01 
2.150554e-01 
2.560499e-01 
2.338721e-01 
2.130353e-01 
2.110222e-01 
1.935446e-01 
2.500000e-01 
