3.952887e-02 
8.137875e-03 
6.568889e-02 
1.304993e-01 
6.422302e-02 
2.785938e-02 
1.384169e-01 
2.591848e-01 
2.815271e-02 
5.571799e-02 
8.299149e-02 
1.296193e-01 
6.539633e-02 
9.090909e-03 
2.760997e-01 
3.579137e-01 
2.331393e-02 
4.589454e-02 
1.964823e-01 
3.695029e-02 
9.384236e-03 
2.756605e-02 
3.096721e-01 
3.723473e-01 
1.847515e-02 
4.604120e-02 
7.492607e-02 
8.299111e-02 
2.346059e-02 
0 
1.302029e-01 
3.753695e-02 
4.692118e-02 
1.847515e-02 
1.595320e-01 
1.565987e-01 
3.941379e-01 
4.598245e-01 
3.753618e-02 
1.818182e-02 
2.815194e-02 
6.451635e-02 
4.604120e-02 
1.847515e-02 
3.354813e-01 
1.375369e-01 
3.753695e-02 
0 
1.876770e-02 
4.604120e-02 
2.052760e-01 
8.269816e-02 
3.753633e-01 
1.958957e-01 
3.724362e-02 
5.630542e-02 
9.384236e-03 
1.113057e-01 
3.378325e-01 
4.911962e-01 
1.674496e-01 
3.753695e-02 
4.598191e-01 
3.724434e-02 
1.876847e-02 
9.090909e-03 
1.026399e-01 
1.970690e-01 
4.633453e-02 
4.806471e-01 
1.876847e-01 
3.724362e-02 
1.876847e-02 
2.727273e-02 
3.724290e-02 
3.694875e-02 
9.354673e-02 
4.753695e-01 
1.662763e-01 
1.876847e-02 
0 
1.876847e-02 
2.064532e-01 
1.856314e-01 
1.571823e-01 
4.571876e-01 
8.338541e-02 
1.017600e-01 
2.785861e-02 
4.604120e-02 
4.844604e-01 
6.586543e-01 
1.404656e-01 
6.205992e-02 
3.923780e-01 
7.583609e-01 
1.411204e-01 
9.384236e-03 
1.876817e-01 
1.495611e-01 
3.472029e-01 
6.642152e-01 
2.746969e-01 
5.932579e-01 
2.319660e-01 
9.384236e-03 
2.252148e-01 
1.659830e-01 
2.692050e-01 
3.175974e-01 
2.504365e-01 
3.331393e-01 
3.724208e-02 
1.847515e-02 
1.504847e-01 
1.744836e-01 
4.296216e-01 
5.768339e-01 
3.683296e-01 
7.046955e-01 
1.392969e-01 
9.384236e-03 
5.630542e-02 
3.695029e-02 
2.345990e-01 
5.211151e-01 
2.721429e-01 
2.046863e-01 
7.448724e-02 
0 
1.307941e-01 
1.020533e-01 
3.639273e-01 
4.410514e-01 
2.253374e-01 
6.108531e-01 
2.158374e-01 
3.724362e-02 
7.448570e-02 
3.724362e-02 
2.252217e-01 
2.419369e-01 
4.035129e-01 
3.249283e-01 
2.785938e-02 
1.490889e-02 
4.662785e-02 
9.208086e-02 
2.231684e-01 
5.630434e-01 
2.589400e-01 
2.237550e-01 
8.272910e-02 
0 
4.662785e-02 
3.753618e-02 
1.689163e-01 
2.252217e-01 
4.005804e-01 
1.970690e-01 
8.164286e-01 
4.763311e-02 
5.466301e-01 
6.777161e-01 
7.448493e-02 
7.052821e-01 
5.219973e-01 
3.284483e-01 
8.070443e-01 
6.510300e-02 
4.598276e-01 
2.055732e-01 
4.692118e-02 
5.228688e-01 
1.656897e-01 
7.419391e-02 
6.211173e-01 
1.090909e-01 
5.683195e-01 
6.219973e-01 
9.354904e-02 
4.736095e-01 
4.636386e-01 
2.849698e-01 
3.768074e-01 
9.384236e-03 
3.621720e-01 
7.225862e-01 
8.416326e-02 
7.442835e-01 
1.771249e-01 
1.665696e-01 
1.744872e-01 
3.495479e-02 
5.096798e-01 
8.609863e-01 
1.876847e-01 
4.938369e-01 
5.390058e-01 
2.976556e-01 
3.735941e-01 
7.419391e-02 
4.410591e-01 
3.058665e-01 
8.328482e-02 
6.858201e-01 
2.431102e-01 
1.677429e-01 
6.568773e-01 
1.199425e-01 
4.504433e-01 
2.492678e-01 
1.026384e-01 
3.803344e-01 
2.621720e-01 
1.677429e-01 
1.849635e-01 
1.183391e-01 
3.941333e-01 
3.533744e-01 
9.384236e-02 
4.598199e-01 
3.400313e-01 
6.066008e-01 
2.953090e-01 
3.404702e-01 
1.390036e-01 
4.756628e-01 
3.566010e-01 
6.810015e-01 
3.698779e-01 
5.090909e-01 
2.111453e-01 
4.926713e-01 
3.079198e-01 
4.043922e-01 
2.909067e-01 
1.876847e-01 
2.687268e-01 
6.343148e-01 
3.791805e-01 
4.668652e-01 
3.736018e-01 
3.156446e-01 
2.439901e-01 
5.131997e-01 
2.897380e-01 
3.615853e-01 
1.619619e-01 
1.310806e-01 
2.607053e-01 
1.565987e-01 
1.709895e-01 
1.693541e-01 
1.782982e-01 
5.871003e-01 
1.408053e-01 
2.727273e-02 
3.753695e-02 
3.551460e-02 
0 
0 
9.384236e-03 
9.384236e-03 
1.876770e-02 
9.384236e-03 
1.214231e-01 
1.392954e-01 
3.284483e-01 
2.225771e-01 
1.120219e-01 
0 
3.724362e-02 
9.384236e-03 
4.674519e-01 
7.117331e-01 
5.542467e-02 
6.008734e-01 
1.850448e-01 
1.398805e-01 
4.691964e-02 
2.815194e-02 
3.753695e-02 
2.756605e-02 
9.384236e-03 
9.090909e-03 
2.815271e-02 
3.724362e-02 
1.876847e-02 
9.384236e-03 
9.384236e-03 
6.422148e-02 
2.522011e-01 
1.208218e-01 
2.422302e-01 
9.383468e-03 
9.384236e-03 
4.277813e-02 
4.187707e-01 
2.882714e-01 
9.270462e-02 
4.994156e-01 
1.689163e-01 
1.017584e-01 
1.876694e-02 
1.876847e-02 
1.302060e-01 
1.310860e-01 
2.046909e-01 
1.020532e-01 
1.492678e-01 
1.190618e-01 
1.876847e-02 
0 
9.384236e-03 
0 
9.384236e-03 
0 
1.586482e-01 
7.390058e-02 
4.181841e-02 
3.695029e-02 
1.876847e-02 
9.384236e-03 
1.876847e-02 
1.847515e-02 
1.392969e-01 
1.583587e-01 
1.771272e-01 
1.436152e-01 
2.252217e-01 
5.126131e-01 
4.017622e-01 
1.741939e-01 
9.384236e-03 
9.090909e-03 
1.498514e-01 
2.522011e-01 
1.668630e-01 
4.410569e-01 
3.601187e-01 
3.378325e-01 
2.243417e-01 
1.404664e-01 
0 
2.785938e-02 
2.439878e-01 
3.501478e-01 
3.378264e-01 
2.020533e-01 
1.847438e-02 
1.847515e-02 
0 
9.384236e-03 
9.384236e-03 
0 
1.680363e-01 
5.254996e-01 
3.346073e-01 
6.005911e-01 
3.976556e-01 
1.950157e-01 
