2.622755e-02 
1.141169e-01 
2.856909e-02 
9.687426e-02 
2.812489e-02 
0 
2.857143e-02 
2.767836e-02 
8.571429e-02 
2.812489e-02 
2.857143e-02 
2.812489e-02 
4.196407e-02 
2.767836e-02 
3.653512e-02 
2.075877e-02 
7.142857e-03 
4.865930e-02 
2.767836e-02 
2.767836e-02 
2.857143e-02 
6.964243e-02 
7.098204e-02 
0 
2.857143e-02 
6.090988e-02 
6.274620e-02 
4.151754e-02 
6.915167e-02 
6.227576e-02 
0 
4.151754e-02 
1.428571e-02 
5.535672e-02 
1.428571e-02 
0 
7.098204e-02 
6.919590e-02 
5.669632e-02 
2.767836e-02 
1.281249e-01 
1.302493e-02 
3.760898e-02 
2.812489e-02 
6.919590e-02 
8.303508e-02 
4.285714e-02 
1.383918e-02 
5.714286e-02 
0 
0 
2.767836e-02 
1.034287e-01 
1.267853e-01 
1.428454e-02 
4.151754e-02 
7.142857e-02 
5.580325e-02 
4.151754e-02 
9.687426e-02 
6.821367e-02 
1.383918e-02 
0 
1.383918e-02 
1.428454e-02 
0 
2.812489e-02 
0 
0 
9.732079e-02 
1.982139e-01 
1.383918e-02 
7.142857e-02 
1.383918e-01 
8.348161e-02 
5.535672e-02 
2.857143e-02 
9.732079e-02 
1.428571e-02 
1.428571e-02 
0 
0 
2.812489e-02 
1.383808e-02 
5.624979e-02 
7.053316e-02 
5.714286e-02 
0 
1.428571e-02 
4.151534e-02 
1.571382e-01 
2.812380e-02 
1.428571e-02 
1.383918e-02 
5.580325e-02 
8.392815e-02 
5.714169e-02 
2.767836e-02 
8.526775e-02 
2.857143e-02 
1.428571e-02 
5.535672e-02 
1.133926e-01 
1.263388e-01 
7.098094e-02 
1.383918e-02 
1.428571e-02 
0 
1.428571e-02 
2.857143e-02 
7.142623e-02 
1.392783e-01 
5.714286e-02 
0 
7.417580e-02 
5.535672e-02 
7.142740e-02 
1.669632e-01 
1.138392e-01 
9.731743e-02 
5.669632e-02 
1.383918e-02 
5.714286e-02 
7.008897e-02 
5.580325e-02 
1.107134e-01 
5.624979e-02 
8.303508e-02 
7.098087e-02 
1.383918e-02 
8.348161e-02 
5.535672e-02 
2.767836e-02 
9.910693e-02 
1.571405e-01 
5.535672e-02 
7.053550e-02 
4.151754e-02 
4.240951e-02 
6.919590e-02 
1.125725e-01 
1.000587e-01 
1.120530e-01 
8.303288e-02 
2.857143e-02 
2.214269e-01 
1.276784e-01 
1.383918e-02 
2.812489e-02 
5.580325e-02 
5.624979e-02 
2.767616e-02 
7.008897e-02 
4.151754e-02 
8.481902e-02 
6.919590e-02 
5.535672e-02 
0 
4.285714e-02 
7.787830e-02 
8.392815e-02 
1.428571e-02 
7.098087e-02 
5.373016e-02 
1.383918e-02 
1.799093e-01 
9.910459e-02 
6.919260e-02 
2.857026e-02 
5.580208e-02 
5.867317e-02 
2.812489e-02 
2.857143e-02 
8.303508e-02 
1.383918e-02 
4.151644e-02 
1.142857e-01 
1.116009e-01 
8.526775e-02 
1.383918e-02 
4.151754e-02 
8.303508e-02 
8.526658e-02 
0 
8.437468e-02 
6.964133e-02 
1.133915e-01 
1.120507e-01 
4.241061e-02 
1.401779e-01 
2.857143e-02 
2.857143e-02 
2.714286e-01 
1.526775e-01 
1.428571e-02 
8.437468e-02 
7.142857e-02 
1.116065e-01 
8.481902e-02 
2.326190e-02 
4.285480e-02 
1.383918e-02 
7.053433e-02 
9.687206e-02 
0 
1.383918e-01 
8.482122e-02 
5.580325e-02 
9.910225e-02 
8.303398e-02 
1.281214e-01 
8.303508e-02 
1.383918e-02 
1.107134e-01 
5.714286e-02 
1.383918e-02 
5.669632e-02 
5.624979e-02 
4.285363e-02 
2.857143e-02 
4.241061e-02 
5.535672e-02 
7.641357e-02 
9.709752e-02 
7.008897e-02 
5.535672e-02 
7.142389e-02 
8.625343e-02 
1.852642e-01 
7.008897e-02 
5.714286e-02 
2.767836e-02 
4.240885e-02 
3.459685e-02 
1.205349e-01 
7.656144e-02 
7.053550e-02 
8.392815e-02 
1.562439e-01 
2.767836e-02 
1.285714e-01 
8.437468e-02 
6.919590e-02 
6.166479e-02 
1.000000e-01 
1.111600e-01 
5.714286e-02 
8.303508e-02 
8.437468e-02 
8.392698e-02 
1.120530e-01 
4.151754e-02 
8.883891e-02 
7.321243e-02 
4.122413e-02 
2.812489e-02 
4.240827e-02 
6.919590e-02 
4.240944e-02 
4.151754e-02 
8.571429e-02 
5.580106e-02 
8.571429e-02 
8.303508e-02 
4.241061e-02 
4.196290e-02 
7.142857e-02 
5.624979e-02 
7.053550e-02 
1.111600e-01 
1.428454e-02 
4.151754e-02 
1.138392e-01 
5.762119e-02 
1.142857e-01 
5.535452e-02 
1.428571e-02 
1.383918e-02 
1.428571e-02 
0 
4.033557e-02 
5.535672e-02 
4.241061e-02 
1.383918e-02 
8.437468e-02 
8.392581e-02 
1.419641e-01 
2.857143e-02 
4.196407e-02 
9.687426e-02 
5.714286e-02 
6.458308e-02 
8.571429e-02 
9.821386e-02 
7.098204e-02 
6.919590e-02 
4.285714e-02 
4.151754e-02 
1.383918e-02 
5.535672e-02 
0 
9.687426e-02 
9.776733e-02 
4.241061e-02 
1.562498e-01 
9.776733e-02 
9.866040e-02 
9.731750e-02 
5.203770e-02 
2.857143e-02 
1.428571e-02 
5.535672e-02 
9.999883e-02 
9.732079e-02 
1.267830e-01 
9.687096e-02 
1.388339e-01 
2.812489e-02 
8.571429e-02 
4.151754e-02 
1.714204e-01 
5.535562e-02 
9.732079e-02 
8.392815e-02 
1.848142e-01 
2.767836e-02 
1.428571e-02 
6.682295e-02 
1.812368e-01 
5.535672e-02 
7.053550e-02 
6.919590e-02 
1.982139e-01 
8.303398e-02 
4.151754e-02 
5.535672e-02 
9.866040e-02 
6.964243e-02 
4.285714e-02 
9.687426e-02 
8.526665e-02 
2.857143e-02 
6.821321e-02 
1.540171e-01 
9.955347e-02 
6.964024e-02 
1.410710e-01 
6.919590e-02 
4.285714e-02 
6.366058e-02 
8.437468e-02 
8.303508e-02 
4.241061e-02 
6.919590e-02 
5.714169e-02 
5.535672e-02 
2.124937e-01 
2.812489e-02 
1.000000e-01 
9.687426e-02 
4.241061e-02 
4.151644e-02 
