3.342175e-01 
2.713430e-01 
2.666576e-01 
2.704857e-01 
4.149860e-01 
4.532981e-01 
2.499941e-01 
3.055501e-01 
3.492960e-01 
3.317666e-01 
3.368051e-01 
2.373169e-01 
3.555410e-01 
2.944317e-01 
2.983927e-01 
3.544193e-01 
3.519066e-01 
3.378454e-01 
2.574029e-01 
3.378470e-01 
2.900665e-01 
3.555487e-01 
3.611111e-01 
2.151038e-01 
3.480898e-01 
4.135409e-01 
2.901886e-01 
2.710010e-01 
3.683985e-01 
2.923583e-01 
2.959263e-01 
2.237364e-01 
2.388889e-01 
3.888889e-01 
4.666667e-01 
4.237756e-01 
3.730532e-01 
2.500000e-01 
3.000000e-01 
2.777659e-01 
4.020825e-01 
3.333333e-01 
2.709802e-01 
3.222081e-01 
2.944390e-01 
3.201384e-01 
3.152774e-01 
1.722199e-01 
2.932261e-01 
2.984371e-01 
4.147565e-01 
3.534717e-01 
2.656200e-01 
3.312390e-01 
2.859368e-01 
3.256888e-01 
2.654475e-01 
2.758585e-01 
4.222222e-01 
1.925297e-01 
2.500000e-01 
2.611088e-01 
2.651006e-01 
2.944276e-01 
2.590273e-01 
4.430552e-01 
4.027771e-01 
3.888834e-01 
2.777755e-01 
3.383634e-01 
3.314232e-01 
2.624025e-01 
2.593696e-01 
2.722172e-01 
3.425147e-01 
3.555556e-01 
2.815918e-01 
2.355895e-01 
3.666576e-01 
3.222168e-01 
3.166667e-01 
4.333333e-01 
2.833333e-01 
3.555556e-01 
2.756835e-01 
2.704807e-01 
2.911076e-01 
3.106727e-01 
2.928788e-01 
3.333288e-01 
3.000000e-01 
3.972161e-01 
2.696143e-01 
3.388848e-01 
3.013879e-01 
2.666667e-01 
3.517352e-01 
2.699647e-01 
3.185714e-01 
2.974367e-01 
2.444422e-01 
2.499955e-01 
3.549695e-01 
2.222222e-01 
3.228706e-01 
3.500000e-01 
3.222099e-01 
3.277650e-01 
2.479162e-01 
3.090264e-01 
4.008560e-01 
2.611066e-01 
3.959587e-01 
3.555556e-01 
3.737824e-01 
3.100692e-01 
3.803812e-01 
3.317705e-01 
3.303812e-01 
2.374938e-01 
3.324651e-01 
3.777723e-01 
2.032981e-01 
3.423524e-01 
2.777741e-01 
3.368051e-01 
2.975689e-01 
3.994936e-01 
4.083272e-01 
3.166617e-01 
3.610988e-01 
2.609375e-01 
2.255171e-01 
2.666667e-01 
3.093484e-01 
3.682191e-01 
3.918347e-01 
2.562085e-01 
3.777678e-01 
2.055556e-01 
2.222181e-01 
2.888798e-01 
2.888802e-01 
2.763813e-01 
3.088536e-01 
3.201384e-01 
3.288115e-01 
1.939690e-01 
2.875392e-01 
2.722154e-01 
3.187042e-01 
2.555556e-01 
2.944317e-01 
3.055506e-01 
2.578076e-01 
2.710067e-01 
2.888889e-01 
2.421840e-01 
2.831466e-01 
3.475657e-01 
4.166667e-01 
4.097874e-01 
3.479162e-01 
2.484371e-01 
3.722222e-01 
3.538190e-01 
3.111111e-01 
3.722222e-01 
3.409714e-01 
3.722222e-01 
3.228528e-01 
4.031244e-01 
2.921865e-01 
2.574644e-01 
4.013879e-01 
4.222172e-01 
2.777732e-01 
2.944394e-01 
3.809009e-01 
2.649251e-01 
3.093746e-01 
2.499959e-01 
3.932248e-01 
2.111111e-01 
2.359338e-01 
4.025980e-01 
3.243047e-01 
2.347627e-01 
3.305412e-01 
3.166480e-01 
2.980853e-01 
3.333333e-01 
3.760331e-01 
4.333333e-01 
2.666667e-01 
2.944444e-01 
4.277587e-01 
3.203034e-01 
2.397109e-01 
3.001247e-01 
3.531153e-01 
2.777741e-01 
3.020825e-01 
2.166667e-01 
5.029458e-01 
2.277778e-01 
3.362841e-01 
3.166667e-01 
3.405907e-01 
3.499950e-01 
2.604992e-01 
2.588536e-01 
3.305139e-01 
3.208330e-01 
2.055506e-01 
4.055556e-01 
3.428382e-01 
2.333333e-01 
2.961796e-01 
2.333324e-01 
2.944444e-01 
2.888889e-01 
3.269694e-01 
3.433155e-01 
2.944408e-01 
2.871446e-01 
3.166667e-01 
3.450815e-01 
3.178755e-01 
2.206594e-01 
3.088345e-01 
3.222081e-01 
3.532085e-01 
3.155379e-01 
2.657934e-01 
3.545959e-01 
2.999882e-01 
2.496514e-01 
3.302076e-01 
3.317705e-01 
3.293431e-01 
3.871455e-01 
3.921792e-01 
2.860237e-01 
3.027730e-01 
2.489581e-01 
2.918310e-01 
2.645828e-01 
3.758110e-01 
2.396998e-01 
2.611084e-01 
2.555556e-01 
2.666625e-01 
3.051583e-01 
3.666612e-01 
2.903748e-01 
3.061671e-01 
3.333265e-01 
3.223110e-01 
2.246520e-01 
3.737002e-01 
2.944444e-01 
2.640999e-01 
3.029508e-01 
2.520335e-01 
3.222140e-01 
2.555424e-01 
2.777778e-01 
3.319337e-01 
2.204821e-01 
2.444444e-01 
3.859368e-01 
4.361104e-01 
3.555556e-01 
3.331196e-01 
3.043350e-01 
2.888889e-01 
2.375734e-01 
2.166667e-01 
3.049552e-01 
3.209989e-01 
2.555474e-01 
2.371524e-01 
2.333315e-01 
3.055510e-01 
2.500000e-01 
3.333333e-01 
3.166653e-01 
3.088523e-01 
2.888889e-01 
2.528916e-01 
3.061380e-01 
2.555506e-01 
2.888889e-01 
1.986592e-01 
3.333333e-01 
3.777778e-01 
2.666598e-01 
2.666635e-01 
3.944444e-01 
3.217789e-01 
2.574014e-01 
2.222163e-01 
2.532981e-01 
2.751637e-01 
4.222086e-01 
2.624126e-01 
2.848030e-01 
2.482635e-01 
3.666617e-01 
2.944381e-01 
3.333333e-01 
2.611070e-01 
2.944444e-01 
2.441740e-01 
2.444444e-01 
3.611098e-01 
3.027417e-01 
2.777778e-01 
2.500000e-01 
2.265622e-01 
2.762126e-01 
2.722122e-01 
3.055506e-01 
2.575931e-01 
3.166608e-01 
2.465210e-01 
2.045902e-01 
2.710067e-01 
2.265592e-01 
2.710021e-01 
3.598892e-01 
2.574644e-01 
2.925297e-01 
3.317705e-01 
2.999927e-01 
2.708330e-01 
3.499955e-01 
3.659971e-01 
2.777778e-01 
2.944404e-01 
2.999964e-01 
2.355895e-01 
2.484371e-01 
2.999845e-01 
2.918397e-01 
3.416660e-01 
3.333283e-01 
3.167949e-01 
2.649301e-01 
2.362777e-01 
2.374951e-01 
2.204857e-01 
2.588536e-01 
2.812495e-01 
2.263840e-01 
4.119781e-01 
2.874997e-01 
3.222145e-01 
3.165836e-01 
2.817659e-01 
2.822819e-01 
