2.186340e-01 
4.581086e-01 
2.455041e-01 
2.198756e-01 
3.347858e-01 
2.743580e-01 
2.459846e-01 
2.560227e-01 
1.729743e-01 
3.370550e-01 
2.333058e-01 
3.607631e-01 
4.130754e-01 
3.626881e-01 
2.989523e-01 
3.550069e-01 
3.270284e-01 
3.937038e-01 
3.800903e-01 
2.819545e-01 
2.845656e-01 
4.040128e-01 
2.863134e-01 
4.477793e-01 
3.850073e-01 
3.700106e-01 
2.597174e-01 
4.436819e-01 
3.698342e-01 
4.169149e-01 
1.110699e-01 
2.101192e-01 
1.952936e-01 
3.269418e-01 
3.626730e-01 
2.500421e-01 
2.455119e-01 
2.606817e-01 
1.654760e-01 
2.999148e-01 
3.515284e-01 
4.788164e-01 
3.710512e-01 
3.403602e-01 
3.849977e-01 
3.443716e-01 
1.328691e-01 
2.910212e-01 
2.789908e-01 
3.591998e-01 
4.158641e-01 
3.731487e-01 
2.992171e-01 
2.603328e-01 
3.272838e-01 
3.224085e-01 
2.840461e-01 
2.905465e-01 
3.816935e-01 
2.997326e-01 
1.339156e-01 
2.036626e-01 
1.668713e-01 
1.998269e-01 
3.347890e-01 
3.168273e-01 
2.835542e-01 
2.513118e-01 
2.176110e-01 
3.096791e-01 
2.425621e-01 
2.915444e-01 
5.635614e-01 
2.399216e-01 
3.466449e-01 
4.113367e-01 
3.054946e-01 
3.738477e-01 
3.291932e-01 
1.666936e-01 
3.089538e-01 
4.200546e-01 
3.654718e-01 
3.095047e-01 
1.729684e-01 
3.998282e-01 
2.939861e-01 
3.522247e-01 
4.129064e-01 
2.085448e-01 
3.272829e-01 
3.043705e-01 
2.231894e-01 
3.994781e-01 
2.476017e-01 
5.640833e-01 
3.485634e-01 
4.374871e-01 
4.790309e-01 
3.970390e-01 
3.380928e-01 
3.593695e-01 
4.631092e-01 
4.273785e-01 
3.276395e-01 
4.357476e-01 
3.883111e-01 
3.333020e-01 
3.666982e-01 
5.138568e-01 
2.957261e-01 
4.495234e-01 
3.183879e-01 
5.021766e-01 
3.611184e-01 
2.944711e-01 
4.910238e-01 
4.434203e-01 
3.382759e-01 
4.296367e-01 
4.017427e-01 
4.165677e-01 
3.218852e-01 
3.222341e-01 
4.408055e-01 
2.671960e-01 
2.985195e-01 
3.721261e-01 
3.335413e-01 
5.401944e-01 
3.546665e-01 
3.447277e-01 
4.458799e-01 
4.624258e-01 
3.459477e-01 
4.598018e-01 
4.883894e-01 
5.143882e-01 
3.652983e-01 
4.258088e-01 
4.296458e-01 
3.764625e-01 
2.221462e-01 
4.041872e-01 
5.803009e-01 
4.474381e-01 
3.245038e-01 
3.934936e-01 
3.715803e-01 
3.825656e-01 
4.204034e-01 
3.905871e-01 
3.703595e-01 
4.589320e-01 
4.129064e-01 
4.104646e-01 
3.975609e-01 
4.050592e-01 
3.013023e-01 
2.793365e-01 
3.236293e-01 
3.274527e-01 
3.030529e-01 
3.384503e-01 
3.959839e-01 
4.017468e-01 
2.713144e-01 
3.511783e-01 
5.457519e-01 
3.299824e-01 
4.129009e-01 
3.848299e-01 
3.398442e-01 
3.410651e-01 
4.017468e-01 
3.886503e-01 
2.901454e-01 
3.013032e-01 
4.910238e-01 
3.626830e-01 
3.084583e-01 
3.491181e-01 
4.378405e-01 
3.236293e-01 
3.850073e-01 
3.013041e-01 
4.068252e-01 
3.143869e-01 
2.694043e-01 
4.108121e-01 
3.271162e-01 
3.794234e-01 
3.292014e-01 
2.610292e-01 
5.626881e-01 
3.461320e-01 
3.585073e-01 
4.142949e-01 
2.685275e-01 
2.906723e-01 
4.463789e-01 
3.591998e-01 
4.352257e-01 
3.572813e-01 
3.269405e-01 
4.681860e-01 
4.216087e-01 
3.661736e-01 
4.599853e-01 
3.013046e-01 
4.109806e-01 
4.784427e-01 
3.222341e-01 
4.156870e-01 
2.932885e-01 
3.108968e-01 
6.186606e-01 
3.295566e-01 
5.047983e-01 
4.221462e-01 
4.349275e-01 
4.254600e-01 
3.261556e-01 
3.789585e-01 
3.794206e-01 
3.366984e-01 
4.031407e-01 
3.649541e-01 
3.595487e-01 
4.409786e-01 
4.601598e-01 
4.057569e-01 
3.948575e-01 
3.924091e-01 
3.169127e-01 
4.150010e-01 
4.686968e-01 
4.763760e-01 
3.515211e-01 
3.472358e-01 
3.961669e-01 
3.905826e-01 
3.438493e-01 
4.496978e-01 
4.381893e-01 
4.966036e-01 
3.011397e-01 
4.871868e-01 
3.877966e-01 
5.539702e-01 
3.794275e-01 
4.312129e-01 
3.613211e-01 
4.914155e-01 
3.979097e-01 
4.240578e-01 
3.236293e-01 
6.498511e-01 
3.682679e-01 
4.884077e-01 
3.850073e-01 
3.180495e-01 
2.299920e-01 
3.972121e-01 
5.433338e-01 
4.463816e-01 
5.389748e-01 
3.566584e-01 
4.211010e-01 
4.280761e-01 
3.335681e-01 
3.804726e-01 
2.789867e-01 
2.757807e-01 
3.124665e-01 
3.905784e-01 
4.045310e-01 
5.000647e-01 
3.013101e-01 
4.268553e-01 
4.943726e-01 
4.540503e-01 
4.259832e-01 
3.830843e-01 
3.042737e-01 
3.110744e-01 
3.013064e-01 
4.237159e-01 
6.474304e-01 
4.385368e-01 
3.527480e-01 
4.227373e-01 
5.094997e-01 
5.443789e-01 
3.761433e-01 
3.375755e-01 
4.709706e-01 
3.717548e-01 
3.961669e-01 
3.396681e-01 
4.296458e-01 
5.067155e-01 
5.837745e-01 
5.494368e-01 
4.167421e-01 
3.867469e-01 
4.910156e-01 
4.285994e-01 
4.317785e-01 
5.579725e-01 
6.416789e-01 
4.567764e-01 
3.879710e-01 
3.738390e-01 
4.817814e-01 
4.407725e-01 
4.129014e-01 
4.160445e-01 
4.742844e-01 
4.195313e-01 
4.108135e-01 
3.944228e-01 
4.910147e-01 
4.946851e-01 
3.082838e-01 
3.382759e-01 
3.382754e-01 
4.686991e-01 
5.473439e-01 
6.636344e-01 
4.620783e-01 
3.980796e-01 
4.074507e-01 
6.156970e-01 
3.571082e-01 
4.338244e-01 
4.286867e-01 
4.329524e-01 
4.240569e-01 
3.989562e-01 
3.605951e-01 
5.180844e-01 
4.474304e-01 
5.211889e-01 
2.823089e-01 
3.881454e-01 
5.133221e-01 
4.728878e-01 
4.742844e-01 
5.019723e-01 
3.794275e-01 
4.357476e-01 
3.278020e-01 
3.257209e-01 
3.124697e-01 
3.651285e-01 
3.066115e-01 
3.210132e-01 
3.790719e-01 
4.465584e-01 
4.390495e-01 
4.439435e-01 
