3.720696e-02 
3.523119e-01 
0 
0 
5.000000e-02 
4.921856e-02 
4.999591e-02 
7.500000e-02 
0 
0 
5.000000e-02 
4.921856e-02 
2.500000e-02 
2.500000e-02 
1.250000e-02 
1.210928e-02 
1.250000e-02 
3.576352e-02 
1.242186e-01 
5.000000e-02 
1.000000e-01 
7.265569e-02 
9.765569e-02 
5.000000e-02 
9.843713e-02 
1.234371e-01 
1.246093e-01 
1.726557e-01 
1.988248e-01 
1.734341e-01 
0 
0 
0 
2.500000e-02 
0 
2.500000e-02 
5.000000e-02 
4.921856e-02 
5.000000e-02 
2.421856e-02 
4.999795e-02 
2.500000e-02 
4.460867e-01 
9.999591e-02 
2.421856e-02 
7.422049e-02 
7.500000e-02 
2.500000e-02 
2.500000e-02 
7.421856e-02 
1.234371e-01 
1.210928e-01 
4.999795e-02 
7.500000e-02 
0 
2.500000e-02 
7.499591e-02 
4.921856e-02 
0 
0 
2.500000e-02 
2.500000e-02 
0 
0 
0 
0 
0 
0 
0 
0 
5.000000e-02 
2.500000e-02 
5.000000e-02 
4.843713e-02 
2.234351e-01 
2.203114e-01 
7.500000e-02 
0 
0 
4.843713e-02 
0 
2.421856e-02 
0 
5.000000e-02 
2.499795e-02 
2.279362e-02 
2.421856e-02 
0 
2.500000e-02 
2.421856e-02 
0 
0 
0 
0 
1.250000e-01 
5.000000e-02 
1.000000e-01 
4.843713e-02 
1.718743e-01 
1.000000e-01 
1.726557e-01 
1.750000e-01 
4.921856e-02 
9.921856e-02 
1.612421e-01 
1.000000e-01 
9.843713e-02 
4.921856e-02 
1.734351e-01 
1.976557e-01 
2.250000e-01 
1.750000e-01 
2.718743e-01 
7.421856e-02 
1.000000e-01 
7.343713e-02 
1.750000e-01 
1.718743e-01 
2.500000e-02 
4.921856e-02 
1.500000e-01 
1.703114e-01 
1.226557e-01 
2.437465e-01 
1.734371e-01 
1.250000e-01 
2.000000e-01 
7.343713e-02 
1.999980e-01 
7.500000e-02 
1.883338e-01 
1.468722e-01 
2.726455e-01 
2.749959e-01 
6.805305e-02 
1.734371e-01 
1.984371e-01 
9.843713e-02 
4.749980e-01 
1.750000e-01 
1.250000e-01 
1.000000e-01 
1.999939e-01 
2.226557e-01 
1.250000e-01 
2.000000e-01 
1.492186e-01 
2.734371e-01 
1.865009e-01 
2.249939e-01 
3.500000e-01 
1.734371e-01 
1.984371e-01 
1.749939e-01 
2.500000e-01 
2.960928e-01 
3.499939e-01 
3.492145e-01 
5.000000e-02 
4.843713e-02 
5.000000e-02 
2.421856e-02 
4.921856e-02 
2.500000e-02 
0 
2.500000e-02 
7.500000e-02 
2.421856e-02 
4.921856e-02 
9.921652e-02 
2.500000e-02 
7.421856e-02 
4.999591e-02 
2.421856e-02 
1.000000e-01 
0 
7.500000e-02 
7.059065e-02 
2.500000e-02 
2.421856e-02 
1.749918e-01 
2.210928e-01 
7.500000e-02 
7.343713e-02 
7.500000e-02 
2.421856e-02 
2.500000e-02 
1.250000e-01 
2.500000e-02 
2.500000e-02 
2.249959e-01 
1.242186e-01 
1.000000e-01 
0 
1.000000e-01 
9.999591e-02 
1.000000e-01 
1.992186e-01 
2.500000e-02 
1.500000e-01 
2.226557e-01 
1.000000e-01 
7.500000e-02 
9.843713e-02 
9.843713e-02 
1.460928e-01 
2.500000e-02 
7.500000e-02 
1.899172e-01 
7.421856e-02 
1.484371e-01 
1.468743e-01 
1.734310e-01 
1.250000e-01 
2.492145e-01 
1.499959e-01 
2.960928e-01 
2.453114e-01 
1.250000e-01 
1.976557e-01 
5.000000e-02 
3.250000e-01 
6.230464e-02 
8.730464e-02 
1.984351e-01 
2.218743e-01 
2.218743e-01 
1.210928e-01 
5.000000e-02 
7.421652e-02 
2.750000e-01 
1.742145e-01 
2.624969e-01 
1.624980e-01 
1.972650e-01 
3.109320e-01 
2.703114e-01 
1.695065e-01 
1.500000e-01 
1.432418e-01 
1.242145e-01 
2.218702e-01 
2.750000e-01 
2.484371e-01 
2.203114e-01 
3.250000e-01 
3.976557e-01 
2.250000e-01 
5.726557e-01 
2.250000e-01 
2.249918e-01 
1.218743e-01 
3.214810e-01 
2.601543e-01 
2.250000e-01 
1.242205e-01 
1.749959e-01 
1.242186e-01 
2.500000e-01 
2.445299e-01 
2.250000e-01 
1.468743e-01 
2.710867e-01 
1.750000e-01 
1.484371e-01 
2.421856e-02 
2.749980e-01 
1.484371e-01 
1.500000e-01 
4.783359e-01 
3.999918e-01 
4.487209e-02 
9.843713e-02 
1.249980e-01 
0 
5.000000e-02 
9.765365e-02 
2.468743e-01 
2.749980e-01 
2.726557e-01 
3.499939e-01 
1.560003e-01 
3.718656e-01 
4.742186e-01 
1.968743e-01 
1.500000e-01 
2.000000e-01 
1.000000e-01 
1.249939e-01 
7.421856e-02 
2.976557e-01 
2.154919e-01 
4.999959e-01 
5.148413e-01 
4.464980e-01 
1.726557e-01 
2.000000e-01 
1.750000e-01 
1.976557e-01 
7.265761e-02 
2.234289e-01 
3.210928e-01 
2.976475e-01 
3.976557e-01 
2.250000e-01 
2.492186e-01 
3.000000e-01 
2.242186e-01 
3.500000e-01 
3.718743e-01 
4.249918e-01 
2.734371e-01 
3.749939e-01 
2.710928e-01 
2.492186e-01 
3.999775e-01 
3.500000e-01 
2.742186e-01 
4.726557e-01 
3.992104e-01 
1.749959e-01 
5.218743e-01 
4.250000e-01 
2.499980e-01 
2.249959e-01 
2.249980e-01 
3.750000e-01 
3.743417e-01 
4.968743e-01 
4.203114e-01 
1.984371e-01 
3.703114e-01 
2.984371e-01 
4.500000e-01 
3.968743e-01 
2.484289e-01 
2.256099e-01 
2.249980e-01 
2.218743e-01 
2.534384e-01 
2.218743e-01 
4.250000e-01 
4.750000e-01 
3.992186e-01 
2.000000e-01 
1.242186e-01 
2.250000e-01 
3.750000e-01 
3.742165e-01 
3.476557e-01 
3.749980e-01 
2.734289e-01 
2.484310e-01 
7.421856e-02 
2.460928e-01 
2.945299e-01 
2.250000e-01 
1.984371e-01 
3.968640e-01 
2.234310e-01 
3.249959e-01 
3.242186e-01 
