1.538180e-01 
4.659678e-01 
2.638809e-01 
1.513879e-01 
6.458284e-02 
1.319441e-01 
2.437498e-01 
2.437480e-01 
2.000000e-01 
1.305549e-01 
2.146513e-01 
1.312495e-01 
1.319441e-01 
1.777741e-01 
2.777769e-01 
2.524298e-01 
1.433980e-01 
1.958323e-01 
1.763849e-01 
1.986108e-01 
7.724855e-02 
1.319441e-01 
1.894664e-01 
1.729155e-01 
2.416605e-01 
1.534699e-01 
1.767358e-01 
2.725682e-01 
2.325731e-01 
2.291657e-01 
1.555556e-01 
2.631936e-01 
1.951377e-01 
1.090273e-01 
8.888889e-02 
1.756939e-01 
2.861104e-01 
1.972216e-01 
1.763886e-01 
4.409714e-01 
1.555537e-01 
8.888889e-02 
2.666648e-01 
1.520825e-01 
2.222222e-01 
1.993054e-01 
3.111093e-01 
1.326387e-01 
1.763849e-01 
8.819428e-02 
2.631936e-01 
1.319387e-01 
3.333242e-01 
1.312495e-01 
2.666667e-01 
1.097219e-01 
3.076381e-01 
1.548573e-01 
2.444444e-01 
1.777760e-01 
1.770777e-01 
2.222222e-01 
2.888889e-01 
6.527745e-02 
2.888871e-01 
1.993054e-01 
1.104165e-01 
2.778497e-01 
1.548609e-01 
1.907519e-01 
2.888780e-01 
1.749993e-01 
1.555556e-01 
1.333333e-01 
2.208330e-01 
1.555556e-01 
1.312495e-01 
1.993054e-01 
2.215276e-01 
2.604152e-01 
1.555537e-01 
2.881943e-01 
2.652774e-01 
1.979162e-01 
2.000000e-01 
2.888852e-01 
8.888889e-02 
1.090273e-01 
1.555556e-01 
2.208330e-01 
1.097201e-01 
1.534699e-01 
1.111111e-01 
2.611098e-01 
1.777778e-01 
3.555556e-01 
1.979144e-01 
2.740174e-01 
2.430552e-01 
2.430443e-01 
2.000000e-01 
4.374983e-02 
2.152761e-02 
1.763849e-01 
1.763886e-01 
1.965270e-01 
2.874997e-01 
2.180546e-01 
2.888889e-01 
2.194438e-01 
1.333333e-01 
3.207707e-01 
2.215276e-01 
1.993054e-01 
3.972106e-01 
1.204076e-01 
3.270818e-01 
1.534751e-01 
1.756921e-01 
2.201348e-01 
2.208294e-01 
1.298603e-01 
1.743047e-01 
2.222222e-01 
1.111111e-01 
1.083258e-01 
2.215276e-01 
3.479112e-01 
1.979089e-01 
8.819428e-02 
3.083254e-01 
1.333333e-01 
3.083327e-01 
1.104147e-01 
1.111075e-01 
2.645828e-01 
2.551116e-01 
1.541663e-01 
1.777778e-01 
2.215276e-01 
1.777778e-01 
2.166653e-01 
2.208330e-01 
2.881943e-01 
2.631936e-01 
3.907388e-01 
2.222222e-01 
1.090273e-01 
2.618044e-01 
1.756939e-01 
5.810120e-02 
3.527771e-01 
1.999982e-01 
2.437498e-01 
2.888852e-01 
2.645828e-01 
1.727743e-01 
1.513879e-01 
1.333333e-01 
1.979162e-01 
2.666667e-01 
1.111075e-01 
3.111111e-01 
1.520825e-01 
1.548609e-01 
2.180491e-01 
1.749993e-01 
1.527735e-01 
1.999982e-01 
1.326387e-01 
1.777778e-01 
2.661148e-01 
8.819428e-02 
2.854158e-01 
1.992999e-01 
1.777778e-01 
1.979162e-01 
1.777741e-01 
1.729155e-01 
2.645828e-01 
1.555556e-01 
1.993054e-01 
1.777778e-01 
1.986035e-01 
3.111111e-01 
2.180546e-01 
2.652774e-01 
1.993054e-01 
1.555501e-01 
1.555519e-01 
6.666667e-02 
2.437515e-01 
3.979213e-01 
6.527745e-02 
1.111111e-01 
2.215185e-01 
1.541663e-01 
1.979162e-01 
2.444390e-01 
6.597206e-02 
2.666667e-01 
2.652774e-01 
1.986090e-01 
2.854086e-01 
1.111111e-01 
2.423606e-01 
1.449063e-01 
1.582648e-01 
2.666630e-01 
1.097219e-01 
1.111111e-01 
2.816160e-01 
2.437498e-01 
1.541663e-01 
1.333333e-01 
1.319441e-01 
2.666630e-01 
1.104165e-01 
1.520825e-01 
1.527771e-01 
1.312495e-01 
2.854124e-01 
2.753212e-01 
1.821141e-01 
2.861032e-01 
2.402768e-01 
4.215222e-01 
1.749976e-01 
1.555556e-01 
1.097219e-01 
1.312495e-01 
1.305549e-01 
2.104120e-01 
1.847212e-01 
2.666594e-01 
1.760403e-01 
2.888834e-01 
1.743047e-01 
2.000000e-01 
1.291657e-01 
2.215276e-01 
1.541663e-01 
2.222222e-01 
1.104165e-01 
3.195804e-01 
1.541663e-01 
1.993018e-01 
2.416660e-01 
2.638814e-01 
1.097219e-01 
1.999945e-01 
1.777778e-01 
2.303455e-01 
2.421847e-01 
2.444335e-01 
3.034704e-01 
3.999800e-01 
3.493041e-01 
2.874997e-01 
1.555483e-01 
3.041650e-01 
1.749993e-01 
3.090273e-01 
3.062416e-01 
3.729155e-01 
1.579360e-01 
4.666667e-01 
2.666612e-01 
1.541645e-01 
1.986035e-01 
1.777778e-01 
2.409714e-01 
2.444444e-01 
1.541663e-01 
2.652702e-01 
3.458310e-01 
1.777778e-01 
2.000000e-01 
2.495930e-01 
2.444408e-01 
3.052238e-01 
2.666667e-01 
1.763849e-01 
1.280788e-01 
3.090273e-01 
1.555556e-01 
2.222222e-01 
3.708317e-01 
3.319423e-01 
2.173600e-01 
3.312495e-01 
1.333333e-01 
2.444444e-01 
2.194438e-01 
1.999982e-01 
1.763867e-01 
2.666576e-01 
1.482951e-01 
5.769164e-02 
3.944431e-01 
1.319441e-01 
3.743047e-01 
1.555537e-01 
2.180546e-01 
1.555556e-01 
2.402750e-01 
2.222168e-01 
3.513879e-01 
1.736101e-01 
1.770813e-01 
2.666594e-01 
3.479148e-01 
2.000000e-01 
2.222222e-01 
5.479148e-01 
3.034704e-01 
4.222222e-01 
3.048596e-01 
3.312440e-01 
3.041650e-01 
3.111111e-01 
3.643921e-01 
4.423606e-01 
2.854158e-01 
3.499859e-01 
2.631845e-01 
3.104165e-01 
3.534717e-01 
2.888889e-01 
5.326387e-01 
2.666667e-01 
1.090273e-01 
1.555556e-01 
2.187492e-01 
2.638882e-01 
2.416642e-01 
3.111111e-01 
3.319441e-01 
2.565057e-01 
1.958323e-01 
1.993036e-01 
1.951377e-01 
2.208330e-01 
2.854158e-01 
1.333279e-01 
2.847212e-01 
5.284711e-01 
3.097219e-01 
2.638809e-01 
3.013866e-01 
2.854138e-01 
1.749993e-01 
4.444426e-01 
2.868051e-01 
2.768504e-01 
2.375035e-01 
2.196820e-01 
1.091499e-01 
1.506933e-01 
3.313885e-01 
2.416624e-01 
2.847212e-01 
