0 
4.350000e-02 
2.609000e-01 
2.170000e-02 
4.350000e-02 
2.170000e-02 
8.700000e-02 
2.170000e-02 
2.391000e-01 
0 
1.304000e-01 
0 
2.170000e-02 
6.520000e-02 
2.391000e-01 
0 
4.350000e-02 
0 
2.174000e-01 
2.170000e-02 
0 
1.304000e-01 
6.520000e-02 
2.170000e-02 
0 
2.170000e-02 
1.304000e-01 
2.391000e-01 
0 
2.170000e-02 
1.522000e-01 
0 
2.170000e-02 
0 
2.170000e-02 
2.170000e-02 
2.170000e-02 
4.350000e-02 
4.350000e-02 
0 
4.350000e-02 
2.170000e-02 
0 
6.520000e-02 
6.520000e-02 
2.170000e-02 
2.170000e-02 
2.391000e-01 
1.739000e-01 
6.520000e-02 
2.170000e-02 
4.350000e-02 
2.170000e-02 
4.350000e-02 
0 
0 
0 
0 
0 
6.520000e-02 
3.696000e-01 
2.170000e-02 
5.870000e-01 
1.087000e-01 
6.520000e-02 
8.700000e-02 
4.350000e-02 
0 
2.170000e-02 
0 
6.520000e-02 
0 
0 
8.700000e-02 
8.700000e-02 
0 
5.652000e-01 
2.170000e-02 
4.350000e-02 
0 
6.520000e-02 
1.739000e-01 
6.520000e-02 
1.739000e-01 
1.087000e-01 
2.170000e-02 
0 
1.957000e-01 
2.170000e-02 
0 
2.170000e-02 
2.391000e-01 
5.870000e-01 
0 
1.522000e-01 
6.520000e-02 
1.522000e-01 
2.170000e-02 
0 
8.700000e-02 
0 
6.520000e-02 
0 
0 
2.170000e-02 
4.350000e-02 
8.700000e-02 
6.520000e-02 
0 
0 
4.350000e-02 
4.350000e-02 
1.304000e-01 
0 
0 
2.170000e-02 
4.350000e-02 
8.700000e-02 
8.700000e-02 
0 
1.957000e-01 
2.170000e-02 
8.700000e-02 
4.350000e-02 
0 
2.170000e-02 
4.350000e-02 
0 
0 
2.170000e-02 
0 
8.700000e-02 
0 
4.350000e-02 
2.170000e-02 
4.350000e-02 
6.520000e-02 
0 
4.350000e-02 
1.304000e-01 
0 
0 
2.174000e-01 
2.170000e-02 
4.350000e-02 
0 
2.170000e-02 
2.170000e-02 
0 
8.700000e-02 
6.520000e-02 
0 
0 
4.350000e-02 
2.170000e-02 
6.520000e-02 
2.170000e-02 
4.350000e-02 
2.170000e-02 
1.087000e-01 
2.170000e-02 
2.174000e-01 
0 
0 
2.826000e-01 
0 
6.520000e-02 
2.170000e-02 
0 
8.700000e-02 
4.350000e-02 
2.170000e-02 
4.350000e-02 
0 
4.350000e-02 
0 
0 
2.174000e-01 
0 
1.522000e-01 
2.826000e-01 
2.170000e-02 
1.739000e-01 
6.520000e-02 
2.170000e-02 
4.350000e-02 
0 
2.170000e-02 
7.391000e-01 
2.170000e-02 
2.826000e-01 
6.520000e-02 
0 
8.700000e-02 
2.170000e-02 
1.304000e-01 
8.478000e-01 
0 
1.957000e-01 
6.520000e-02 
0 
6.087000e-01 
1.957000e-01 
0 
2.170000e-02 
0 
1.087000e-01 
6.520000e-02 
0 
1.087000e-01 
6.520000e-02 
4.350000e-02 
4.565000e-01 
2.170000e-02 
8.700000e-02 
2.170000e-02 
0 
6.520000e-02 
4.350000e-02 
4.350000e-02 
1.522000e-01 
0 
1.957000e-01 
2.170000e-02 
6.520000e-02 
0 
0 
4.350000e-02 
2.170000e-02 
4.350000e-02 
6.520000e-02 
4.350000e-02 
0 
0 
4.350000e-02 
0 
2.170000e-02 
0 
0 
2.170000e-02 
6.520000e-02 
1.739000e-01 
0 
8.700000e-02 
0 
1.304000e-01 
4.350000e-02 
4.350000e-02 
0 
6.520000e-02 
0 
0 
0 
0 
3.913000e-01 
2.170000e-02 
1.522000e-01 
6.520000e-02 
2.170000e-02 
0 
2.170000e-02 
6.520000e-02 
0 
2.170000e-02 
1.739000e-01 
2.170000e-02 
6.520000e-02 
2.391000e-01 
2.170000e-02 
0 
0 
1.739000e-01 
6.520000e-02 
1.957000e-01 
0 
3.696000e-01 
6.739000e-01 
0 
3.478000e-01 
0 
1.087000e-01 
2.170000e-02 
4.350000e-02 
4.350000e-02 
6.520000e-02 
2.391000e-01 
0 
0 
2.170000e-02 
2.170000e-02 
2.170000e-02 
1.739000e-01 
6.520000e-02 
4.350000e-02 
2.170000e-02 
8.700000e-02 
0 
1 
2.170000e-02 
2.170000e-02 
2.391000e-01 
0 
4.350000e-02 
0 
0 
1.304000e-01 
1.087000e-01 
6.520000e-02 
0 
4.350000e-02 
1.957000e-01 
4.350000e-02 
0 
1.739000e-01 
1.304000e-01 
0 
2.170000e-02 
3.043000e-01 
1.522000e-01 
0 
0 
0 
2.170000e-02 
0 
1.087000e-01 
3.261000e-01 
1.522000e-01 
1.957000e-01 
6.520000e-02 
0 
0 
1.522000e-01 
4.350000e-02 
0 
2.170000e-02 
1.957000e-01 
1.304000e-01 
4.350000e-02 
1.087000e-01 
0 
0 
6.520000e-02 
1.087000e-01 
2.170000e-02 
0 
4.350000e-02 
1.957000e-01 
8.700000e-02 
2.609000e-01 
6.520000e-02 
0 
0 
8.700000e-02 
1.087000e-01 
0 
4.350000e-02 
2.174000e-01 
2.170000e-02 
2.170000e-02 
2.170000e-02 
6.520000e-02 
2.170000e-02 
