2.075227e-01 
2.669391e-01 
1.791555e-01 
2.061923e-01 
3.228712e-01 
2.369636e-01 
2.291142e-01 
1.709774e-01 
7.190371e-02 
3.003239e-01 
1.272318e-01 
2.823740e-01 
3.504456e-01 
2.142813e-01 
1.639961e-01 
2.242069e-01 
1.428549e-01 
1.570092e-01 
1.618263e-01 
2.558079e-01 
5.245509e-02 
1.958718e-01 
1.996068e-01 
3.180922e-01 
2.631802e-01 
2.397267e-01 
2.131728e-01 
3.160532e-01 
2.157943e-01 
3.655360e-01 
2.390748e-01 
1.821420e-01 
8.193427e-02 
1.852713e-01 
1.192717e-01 
3.203122e-01 
1.752958e-01 
1.406256e-01 
7.142857e-02 
3.987479e-01 
1.267841e-01 
2.797783e-01 
3.700890e-01 
3.744815e-01 
1.745610e-01 
1.419606e-01 
1.922017e-01 
2.393973e-01 
1.428560e-01 
2.265612e-01 
4.000094e-01 
3.096921e-01 
2.239630e-01 
1.071429e-01 
2.562647e-01 
7.142857e-02 
1.607143e-01 
3.251197e-01 
2.452461e-01 
1.519013e-01 
2.692088e-01 
2.438645e-01 
1.723812e-01 
1.752928e-01 
1.857084e-01 
2.500000e-01 
8.666925e-02 
3.717152e-01 
2.428712e-01 
2.714321e-01 
1.272318e-01 
1.882052e-01 
1.991058e-01 
2.433020e-01 
2.696378e-01 
3.237538e-01 
9.836699e-02 
1.964708e-01 
2.714321e-01 
2.338776e-01 
1.474758e-01 
2.166562e-01 
3.560060e-01 
2.428571e-01 
1.445739e-01 
1.065861e-01 
2.368434e-01 
2.114934e-01 
1.963996e-01 
2.222999e-01 
2.466451e-01 
2.121233e-01 
2.870002e-01 
2.331742e-01 
1.428571e-01 
1.544636e-01 
3.714262e-01 
2.254492e-01 
2.200204e-01 
4.012216e-01 
2.290391e-01 
1.783896e-01 
2.221334e-01 
1.662129e-01 
1.714344e-01 
1.349143e-01 
3.124972e-01 
2.839281e-01 
2.160766e-01 
2.655708e-01 
2.397292e-01 
2.384941e-01 
1.296358e-01 
6.214289e-02 
2.751373e-01 
2.971333e-01 
1.071429e-01 
2.834816e-01 
1.852678e-01 
1.544133e-01 
2.794427e-01 
2.250725e-01 
3.295476e-01 
2.419758e-01 
1.740024e-01 
2.193385e-01 
2.000000e-01 
2.980025e-01 
2.104800e-01 
1.894867e-01 
3.424104e-01 
3.691947e-01 
2.079758e-01 
2.383984e-01 
1.667961e-01 
2.676224e-01 
1.492854e-01 
1.865890e-01 
1.714227e-01 
2.287982e-01 
1.359892e-01 
3.244055e-01 
1.780133e-01 
2.615230e-01 
1.696002e-01 
2.393447e-01 
2.840439e-01 
1.379593e-01 
1.285738e-01 
2.073293e-01 
2.285714e-01 
1.428571e-01 
1.937805e-01 
8.817212e-02 
3.000000e-01 
3.271958e-01 
1.848212e-01 
2.432080e-01 
2.027938e-01 
2.402627e-01 
2.980719e-01 
2.215688e-01 
4.122413e-01 
2.931403e-01 
2.295276e-01 
4.206453e-01 
1.562439e-01 
1.688988e-01 
1.785714e-01 
1.071429e-01 
1.554073e-01 
2.100140e-01 
3.142857e-01 
3.278263e-01 
4.521056e-01 
1.977717e-01 
1.428571e-01 
2.265033e-01 
2.336878e-01 
3.428525e-01 
2.544656e-01 
2.142892e-01 
3.942087e-01 
2.418074e-01 
3.035714e-01 
2.500044e-01 
1.883680e-01 
2.153590e-01 
1.705342e-01 
3.392784e-01 
2.129461e-01 
3.160225e-01 
2.448262e-01 
1.982183e-01 
2.729094e-01 
2.865738e-01 
1.428630e-01 
2.265749e-01 
3.415175e-01 
1.862473e-01 
2.291350e-01 
2.285738e-01 
2.790074e-01 
2.133926e-01 
1.876170e-01 
2.312973e-01 
2.992414e-01 
2.696424e-01 
1.930880e-01 
3.700925e-01 
2.834742e-01 
2.500000e-01 
3.428630e-01 
2.137290e-01 
2.834734e-01 
5.357143e-02 
2.142857e-01 
2.499971e-01 
2.187328e-01 
1.459891e-01 
3.428536e-01 
8.770973e-02 
2.292446e-01 
3.085595e-01 
5.536111e-02 
2.834863e-01 
3.256335e-01 
2.415860e-01 
1.288458e-01 
1.790359e-01 
2.573913e-01 
2.321429e-01 
2.503666e-01 
1.775381e-01 
3.431492e-01 
2.221732e-01 
2.302708e-01 
1.297467e-01 
7.087324e-02 
2.521056e-01 
1.964242e-01 
3.035707e-01 
2.684525e-01 
3.336318e-01 
2.190488e-01 
1.590471e-01 
3.265449e-01 
2.298365e-01 
2.931374e-01 
3.186465e-01 
1.848884e-01 
1.964256e-01 
2.195462e-01 
2.933476e-01 
1.883449e-01 
1.169860e-01 
2.861977e-01 
1.962206e-01 
3.316476e-01 
2.628085e-01 
1.176744e-01 
3.109886e-01 
1.170975e-01 
1.692323e-01 
2.892157e-01 
1.785714e-01 
5.450817e-01 
4.162827e-01 
1.548945e-01 
3.035714e-01 
2.597197e-01 
2.638586e-01 
1.508178e-01 
1.730688e-01 
3.842301e-01 
3.410710e-01 
2.222531e-01 
3.397193e-01 
1.419652e-01 
2.501642e-01 
1.731589e-01 
2.267901e-01 
1.406233e-01 
3.705377e-01 
2.120530e-01 
3.727673e-01 
4.821429e-01 
2.823708e-01 
1.857143e-01 
3.699765e-01 
3.615351e-01 
2.506846e-01 
1.768997e-01 
1.958171e-01 
1.966797e-01 
2.924258e-01 
3.281319e-01 
1.920684e-01 
1.772106e-01 
3.620423e-01 
2.184875e-01 
3.530093e-01 
2.142857e-01 
3.217590e-01 
1.965145e-01 
3.281373e-01 
1.607201e-01 
3.883918e-01 
2.647305e-01 
2.382245e-01 
2.714251e-01 
2.321414e-01 
3.175178e-01 
1.843688e-01 
1.986604e-01 
2.738017e-01 
3.133136e-01 
3.838915e-01 
1.839293e-01 
2.667408e-01 
1.428583e-01 
2.401790e-01 
2.305669e-01 
2.558378e-01 
4.098204e-01 
2.198593e-01 
1.752236e-01 
1.696471e-01 
2.285691e-01 
3.392857e-01 
2.843886e-01 
1.863276e-01 
1.982147e-01 
2.973813e-01 
1.607245e-01 
2.785528e-01 
2.553595e-01 
3.035744e-01 
1.607128e-01 
3.722092e-01 
2.769697e-01 
1.817774e-01 
2.825784e-01 
1.571429e-01 
1.672638e-01 
2.984744e-01 
3.728419e-01 
3.644832e-01 
2.378153e-01 
1.714204e-01 
1.571440e-01 
3.479920e-01 
1.719882e-01 
2.310604e-01 
2.000000e-01 
2.971910e-01 
2.766087e-01 
2.197679e-01 
3.231936e-01 
2.965150e-01 
3.104304e-01 
4.285714e-01 
