2.256606e-01 
4.050691e-01 
9.009009e-02 
5.437444e-02 
1.113052e-01 
3.719811e-02 
4.142131e-02 
9.298956e-03 
2.295973e-02 
4.533575e-02 
2.375592e-01 
8.626272e-02 
1.312349e-01 
9.299641e-02 
7.551586e-02 
6.799178e-02 
1.581746e-02 
8.371760e-02 
8.369860e-02 
1.292505e-01 
7.935466e-02 
5.579830e-02 
1.253445e-02 
7.326635e-02 
7.439317e-02 
9.764875e-02 
2.208639e-01 
1.524254e-01 
2.104474e-01 
1.873054e-01 
1.859791e-02 
7.672267e-02 
7.926922e-02 
9.299717e-03 
2.789687e-02 
0 
9.298956e-03 
3.690740e-02 
1.335266e-01 
1.434135e-01 
1.572164e-01 
2.748489e-01 
8.369822e-02 
2.639045e-02 
5.865067e-02 
1.445031e-01 
8.957752e-02 
1.596867e-01 
9.029950e-02 
6.168401e-02 
4.649783e-02 
3.421928e-02 
4.649630e-02 
1.343387e-01 
1.752411e-01 
1.110152e-01 
9.306577e-02 
2.789915e-02 
4.860495e-02 
1.365792e-01 
9.270342e-02 
1.673869e-01 
4.729998e-02 
9.298956e-03 
8.235987e-03 
2.070519e-02 
4.097446e-02 
9.298956e-03 
1.395015e-02 
9.298956e-03 
1.200951e-01 
1.652106e-01 
1.079764e-01 
8.375333e-02 
6.974502e-02 
2.954542e-02 
6.974788e-02 
1.046173e-01 
4.680868e-02 
4.797611e-02 
1.208895e-01 
3.719658e-02 
1.179892e-01 
4.027615e-02 
2.027930e-02 
1.042875e-01 
9.047851e-02 
1.380788e-01 
9.299717e-03 
1.859791e-02 
8.684661e-02 
7.008659e-02 
8.369898e-02 
7.206750e-03 
1.098524e-01 
2.371399e-01 
1.928693e-01 
1.046178e-01 
1.924656e-01 
1.450133e-01 
1.176976e-01 
2.470263e-01 
2.942647e-01 
3.836196e-01 
3.429681e-01 
2.162133e-01 
1.746505e-01 
1.707388e-01 
2.082038e-01 
2.696781e-01 
2.045824e-01 
2.491003e-01 
1.992251e-01 
3.095818e-01 
1.813536e-01 
3.542496e-01 
2.427176e-01 
1.301976e-01 
1.704414e-01 
2.742066e-01 
1.487848e-01 
3.119919e-01 
2.906605e-01 
2.868306e-01 
4.004770e-01 
2.005397e-01 
2.882851e-01 
3.350313e-01 
3.007917e-01 
2.624153e-01 
2.220569e-01 
2.162167e-01 
2.926446e-01 
2.039390e-01 
3.518888e-01 
4.257032e-01 
2.324807e-01 
2.231886e-01 
3.533710e-01 
3.439968e-01 
3.103713e-01 
1.839886e-01 
1.544236e-01 
3.079807e-01 
2.138866e-01 
2.634092e-01 
1.952964e-01 
2.859709e-01 
2.385911e-01 
2.672826e-01 
3.993150e-01 
3.550625e-01 
2.477234e-01 
2.436799e-01 
4.083934e-01 
1.952878e-01 
3.124236e-01 
2.417805e-01 
3.487337e-02 
1.182769e-01 
1.113635e-01 
1.674025e-01 
7.439774e-02 
1.115915e-01 
1.859860e-01 
1.436362e-01 
2.134504e-01 
9.764703e-02 
9.422260e-02 
1.952895e-01 
2.059651e-01 
1.780426e-01 
9.070270e-02 
1.464729e-01 
1.934937e-01 
2.252217e-01 
2.475970e-01 
1.805907e-01 
3.999046e-01 
1.156576e-01 
1.397283e-01 
9.017180e-02 
2.325021e-01 
2.174525e-01 
8.165902e-02 
1.681612e-01 
8.369365e-02 
2.024270e-01 
2.141406e-01 
1.694410e-01 
1.022969e-01 
2.663479e-01 
1.555135e-01 
2.235685e-01 
2.312133e-01 
1.924030e-01 
3.648642e-01 
1.734907e-01 
3.551382e-01 
2.836216e-01 
1.917850e-01 
1.900590e-01 
2.794634e-01 
1.839495e-01 
3.333894e-01 
3.147713e-01 
2.106391e-01 
2.856309e-01 
2.848833e-01 
2.371428e-01 
1.252924e-01 
2.510987e-01 
2.659181e-01 
1.525732e-01 
2.404551e-01 
2.653312e-01 
1.394918e-01 
2.839955e-01 
3.254916e-01 
3.228461e-01 
1.776981e-01 
2.045839e-01 
3.240630e-01 
2.979714e-01 
1.621099e-01 
4.103568e-01 
2.970467e-01 
2.866511e-01 
3.254947e-01 
2.663319e-01 
3.068876e-01 
2.934482e-01 
4.001731e-01 
4.226394e-01 
3.068783e-01 
2.601954e-01 
2.874213e-01 
2.536483e-01 
3.487246e-01 
3.792420e-01 
4.091640e-01 
2.606813e-01 
7.439774e-02 
3.862422e-01 
4.381386e-01 
2.417927e-01 
3.946460e-01 
2.603829e-01 
3.905881e-01 
2.789984e-01 
5.207537e-01 
4.280626e-01 
3.492019e-01 
4.792928e-01 
3.533816e-01 
3.713919e-01 
4.477042e-01 
4.516733e-01 
2.882669e-01 
3.278088e-01 
1.766878e-01 
3.228737e-01 
1.952781e-01 
2.417759e-01 
3.002044e-01 
2.650374e-01 
2.779784e-01 
2.366422e-01 
2.214628e-01 
2.670492e-01 
1.487917e-01 
2.543401e-01 
3.001968e-01 
2.385872e-01 
3.040606e-01 
2.696796e-01 
2.713582e-01 
2.971057e-01 
3.161683e-01 
2.417888e-01 
3.499426e-01 
3.660806e-01 
2.859555e-01 
3.224769e-01 
1.253196e-01 
3.432342e-01 
3.163986e-01 
2.781621e-01 
4.302145e-01 
5.025523e-01 
3.347898e-01 
2.662408e-01 
3.161942e-01 
2.147304e-01 
2.765294e-01 
2.902014e-01 
2.875698e-01 
2.839245e-01 
3.405820e-01 
2.514799e-01 
2.756157e-01 
3.488844e-01 
4.473031e-01 
4.943369e-01 
3.033986e-01 
4.164284e-01 
4.242236e-01 
2.824780e-01 
3.836116e-01 
4.115085e-01 
3.725507e-01 
3.135531e-01 
3.112874e-01 
3.720599e-01 
3.564208e-01 
4.276152e-01 
2.688175e-01 
4.556587e-01 
7.014696e-01 
4.950170e-01 
2.882874e-01 
3.292793e-01 
3.572226e-01 
4.405822e-01 
5.033532e-01 
3.947889e-01 
4.627844e-01 
3.502725e-01 
2.231932e-01 
4.326833e-01 
4.208606e-01 
2.371297e-01 
3.010927e-01 
2.415207e-01 
2.855358e-01 
3.161835e-01 
4.362147e-01 
5.021847e-01 
5.265924e-01 
4.150313e-01 
2.417683e-01 
3.303801e-01 
3.911471e-01 
5.129130e-01 
3.308715e-01 
4.277870e-01 
3.023697e-01 
2.603776e-01 
3.177703e-01 
4.603224e-01 
3.330305e-01 
4.870314e-01 
3.167161e-01 
5.616132e-01 
3.627050e-01 
3.766311e-01 
3.949260e-01 
3.943461e-01 
3.955695e-01 
3.068781e-01 
2.212298e-01 
4.135452e-01 
