3.675089e-02 
7.146868e-02 
5.511558e-02 
4.891747e-02 
4.837595e-02 
2.499304e-02 
0 
1.723619e-02 
4.945257e-02 
6.558203e-02 
3.278819e-02 
1.155737e-01 
6.664763e-02 
1.612664e-02 
2.447281e-02 
4.945120e-02 
4.945257e-02 
1.671367e-01 
1.666155e-02 
0 
3.332593e-02 
1.089616e-01 
1.666296e-02 
6.504279e-02 
7.725478e-02 
8.116952e-02 
4.789100e-02 
2.472496e-02 
2.851594e-02 
4.165812e-02 
6.507492e-02 
8.019349e-02 
3.332593e-02 
4.998748e-02 
1.666155e-02 
8.169792e-02 
9.247408e-02 
1.666437e-02 
0 
3.225592e-02 
4.998889e-02 
4.891747e-02 
0 
1.332924e-02 
9.035433e-02 
2.485608e-02 
1.023671e-01 
3.225328e-02 
1.562376e-02 
0 
0 
3.360838e-02 
3.332593e-02 
4.998748e-02 
0 
0 
1.666296e-02 
3.332452e-02 
3.225328e-02 
1.612400e-02 
9.728814e-02 
1.274994e-01 
2.555747e-02 
9.836881e-02 
1.166351e-01 
9.997779e-02 
4.891624e-02 
1.290025e-02 
1.756230e-01 
6.557638e-02 
3.124504e-02 
8.170699e-02 
1.612664e-02 
1.483191e-01 
9.997638e-02 
1.612664e-02 
3.332593e-02 
3.332593e-02 
4.998748e-02 
4.748936e-02 
4.891360e-02 
3.279092e-02 
0 
3.029793e-02 
5.713132e-02 
8.729170e-02 
4.998748e-02 
1.612796e-02 
0 
3.332593e-02 
8.062329e-03 
0 
9.739565e-02 
3.289726e-01 
3.278960e-02 
6.611553e-02 
3.278960e-02 
8.223548e-02 
4.945257e-02 
2.999334e-02 
5.779216e-02 
3.336151e-02 
9.348814e-02 
1.612664e-02 
9.855877e-02 
1.562252e-02 
0 
8.331905e-02 
6.664622e-02 
1.514897e-02 
3.224931e-02 
3.225328e-02 
8.330777e-02 
1.666155e-02 
3.332311e-02 
0 
4.498194e-02 
0 
3.279092e-02 
8.331200e-02 
4.838388e-02 
9.997779e-02 
6.513645e-02 
8.224376e-02 
6.664763e-02 
1.723619e-02 
0 
1.612664e-02 
3.225063e-02 
4.891765e-02 
0 
3.332452e-02 
4.945389e-02 
3.278555e-02 
3.029327e-02 
1.612796e-02 
3.225328e-02 
4.998889e-02 
1.666155e-02 
3.332593e-02 
0 
1.666296e-02 
9.997779e-02 
3.278687e-02 
6.450127e-02 
0 
3.332311e-02 
3.174528e-02 
4.998607e-02 
4.891624e-02 
3.228531e-02 
1.612532e-02 
8.331482e-02 
3.332593e-02 
1.666296e-02 
4.891615e-02 
6.457345e-02 
0 
3.225063e-02 
8.223689e-02 
1.134228e-01 
4.229846e-02 
4.891624e-02 
1.428099e-02 
4.998889e-02 
1.451450e-01 
3.332593e-02 
1.156419e-01 
8.331623e-02 
4.736920e-02 
3.333157e-02 
1.666155e-02 
9.837022e-02 
6.387509e-02 
1.249643e-02 
3.279092e-02 
0 
1.666437e-02 
1.666155e-02 
4.891888e-02 
0 
6.450655e-02 
1.666296e-02 
1.666437e-02 
0 
1.666296e-02 
8.169862e-02 
3.870393e-02 
3.278969e-02 
8.170038e-02 
5.778229e-02 
4.791155e-02 
3.332593e-02 
3.278960e-02 
1.136085e-02 
0 
3.332734e-02 
1.483564e-01 
3.332593e-02 
0 
8.170699e-02 
1.666296e-02 
4.998748e-02 
3.279092e-02 
3.332875e-02 
3.332593e-02 
4.999312e-02 
1.666296e-02 
8.194525e-03 
8.224376e-02 
4.944379e-02 
2.446015e-02 
4.998889e-02 
4.837859e-02 
0 
1.612664e-02 
8.331130e-03 
6.454247e-02 
8.116705e-02 
0 
1.666296e-02 
1.140486e-01 
5.259320e-02 
3.696203e-02 
5.114138e-02 
4.998889e-02 
1.666296e-02 
0 
7.574191e-03 
6.450787e-02 
0 
5.056494e-02 
1.139584e-01 
1.639480e-02 
8.332187e-03 
3.305636e-02 
3.332593e-02 
9.889685e-02 
1.666296e-02 
1.428099e-02 
5.170857e-02 
2.096238e-01 
6.450655e-02 
3.032703e-02 
1.666296e-02 
7.391774e-02 
4.998889e-02 
1.612664e-02 
4.701760e-02 
0 
3.332593e-02 
0 
6.401657e-02 
3.227031e-02 
8.331482e-02 
3.225196e-02 
3.278819e-02 
9.889421e-02 
3.347630e-02 
4.837199e-02 
5.219080e-02 
0 
9.730153e-02 
4.891624e-02 
3.332452e-02 
0 
4.891219e-02 
3.278696e-02 
8.223962e-02 
3.225196e-02 
3.332452e-02 
3.332593e-02 
4.683672e-02 
6.558185e-02 
8.170188e-02 
9.783248e-02 
1.150265e-01 
1.494233e-01 
0 
1.666240e-01 
1.666155e-02 
1.327716e-01 
9.861195e-02 
5.415375e-02 
9.996933e-02 
0 
2.623387e-02 
4.841212e-02 
3.278819e-02 
5.778475e-02 
1.666296e-02 
1.612796e-02 
6.611553e-02 
1.612664e-02 
4.945107e-02 
4.891492e-02 
0 
1.666437e-02 
3.225328e-02 
0 
3.570700e-02 
4.225055e-02 
1.612664e-02 
6.615507e-02 
9.996933e-02 
1.666296e-02 
6.408370e-02 
8.277841e-02 
4.998748e-02 
2.582641e-02 
3.279092e-02 
1.666155e-02 
4.891096e-02 
3.225328e-02 
4.396089e-02 
1.666296e-02 
3.224799e-02 
3.136663e-02 
6.314545e-02 
8.173523e-02 
1.666296e-02 
9.244386e-02 
3.332593e-02 
4.721114e-02 
4.837991e-02 
4.998889e-02 
4.998889e-02 
1.612664e-02 
0 
0 
0 
7.236613e-02 
9.997779e-02 
8.331623e-02 
1.428202e-02 
1.666296e-02 
6.459638e-02 
1.467436e-01 
3.332417e-02 
3.332734e-02 
4.117875e-02 
3.915862e-02 
6.665186e-02 
1.562500e-02 
0 
4.998889e-02 
1.666296e-02 
3.517702e-02 
1.304289e-01 
1.666579e-02 
3.332734e-02 
3.279092e-02 
3.124752e-02 
1.666155e-02 
3.278960e-02 
2.702158e-02 
1.612400e-02 
1.162512e-02 
1.612664e-02 
4.945530e-02 
4.999312e-02 
6.611421e-02 
