4.321232e-02 
2.817048e-01 
0 
4.036582e-02 
4.099435e-02 
3.057944e-02 
2.049087e-02 
2.155003e-02 
0 
2.016278e-02 
1.249965e-01 
1.028273e-01 
0 
8.333333e-02 
1.264823e-01 
1.041579e-02 
3.819145e-02 
0 
6.249824e-02 
1.953249e-02 
2.083333e-02 
1.785650e-02 
6.250000e-02 
2.016443e-02 
1.136390e-02 
0 
2.658575e-01 
1.125635e-01 
5.047059e-02 
1.226531e-01 
1.953404e-02 
1.236992e-01 
4.166667e-02 
1.953249e-02 
0 
1.953249e-02 
3.016285e-02 
2.083333e-02 
7.670422e-02 
8.065441e-02 
6.115889e-02 
6.116043e-02 
3.045131e-02 
0 
2.963643e-02 
6.215401e-02 
6.548551e-02 
0 
5.990141e-02 
0 
7.108230e-02 
2.083510e-02 
4.166667e-02 
2.083157e-02 
2.083157e-02 
0 
4.166667e-02 
0 
0 
0 
4.099270e-02 
8.002082e-02 
2.016278e-02 
2.016278e-02 
2.083333e-02 
8.131176e-02 
2.083333e-02 
0 
0 
4.099435e-02 
6.049328e-02 
1.953404e-02 
2.016278e-02 
5.191167e-02 
2.083333e-02 
0 
4.036737e-02 
1.458333e-01 
4.166490e-02 
0 
4.032555e-02 
1.199464e-01 
4.166667e-02 
1.894041e-02 
2.083157e-02 
1.405668e-01 
4.166490e-02 
6.249824e-02 
2.016443e-02 
0 
5.040240e-02 
0 
2.640741e-02 
2.083333e-02 
2.083333e-02 
1.014844e-01 
3.891292e-02 
4.166314e-02 
4.166667e-02 
3.333157e-02 
2.016443e-02 
4.171280e-02 
1.784389e-01 
8.132166e-02 
1.573625e-01 
6.119739e-02 
1.250000e-01 
4.166843e-02 
6.249824e-02 
1.955160e-01 
1.804514e-01 
1.118357e-01 
8.332804e-02 
4.617082e-02 
1.249912e-01 
0 
5.691047e-02 
2.083333e-02 
1.393660e-01 
4.166490e-02 
0 
3.750000e-01 
1.382564e-01 
4.099622e-02 
1.041667e-01 
1.438217e-01 
8.065111e-02 
1.411328e-01 
1.216506e-01 
8.199398e-02 
6.182592e-02 
1.444906e-01 
5.046688e-02 
0 
1.695040e-01 
7.887391e-02 
1.671818e-01 
2.291667e-01 
1.367166e-01 
1.028137e-01 
6.182757e-02 
6.249824e-02 
1.609792e-01 
0 
7.351068e-02 
1.424723e-01 
2.331447e-01 
2.622681e-01 
2.192914e-02 
6.115889e-02 
1.406379e-01 
4.166667e-02 
1.041667e-01 
1.229900e-01 
2.076611e-01 
6.249471e-02 
0 
2.083333e-01 
4.099446e-02 
2.083333e-02 
2.016278e-02 
1.602575e-02 
6.756432e-02 
0 
8.333333e-02 
2.016113e-02 
6.116219e-02 
0 
4.032886e-02 
2.083333e-02 
2.083686e-02 
6.115547e-02 
8.266630e-02 
4.166667e-02 
2.016443e-02 
0 
2.083333e-02 
2.083510e-02 
0 
1.177171e-01 
4.166314e-02 
4.032555e-02 
2.083686e-02 
0 
1.894041e-02 
2.016278e-02 
0 
5.000000e-02 
2.083510e-02 
8.265749e-02 
2.884296e-02 
0 
6.249471e-02 
2.016278e-02 
4.166667e-02 
2.083510e-02 
2.083510e-02 
0 
8.265749e-02 
0 
6.182757e-02 
2.083333e-02 
2.083333e-02 
0 
4.099446e-02 
4.238336e-02 
1.216572e-01 
2.083333e-02 
6.215753e-02 
6.115735e-02 
6.215924e-02 
9.375264e-02 
6.182944e-02 
5.926412e-02 
1.063629e-01 
2.016278e-02 
8.333157e-02 
6.182757e-02 
1.423419e-01 
2.016443e-02 
6.183109e-02 
1.204182e-01 
6.606289e-02 
4.549882e-02 
4.171823e-02 
4.166667e-02 
0 
5.305795e-02 
2.045460e-01 
1.320569e-01 
1.418082e-01 
4.099281e-02 
5.074387e-02 
1.331048e-01 
3.125176e-02 
4.099523e-02 
0 
2.016278e-02 
4.166314e-02 
3.906808e-02 
1.987417e-01 
6.048338e-02 
2.083333e-02 
1.838318e-02 
2.083333e-02 
2.974159e-01 
2.083333e-02 
1.417968e-01 
9.188724e-02 
1.041667e-01 
4.166667e-02 
1.458333e-01 
1.448013e-01 
2.070183e-01 
1.666667e-01 
1.285907e-01 
1.418100e-01 
1.639642e-01 
1.352803e-01 
1.646691e-01 
6.525300e-02 
2.016443e-02 
1.223279e-01 
1.834750e-01 
1.229749e-01 
9.134094e-02 
8.332628e-02 
1.834668e-01 
1.438134e-01 
1.021517e-01 
6.250000e-02 
2.049257e-02 
4.807411e-02 
4.099776e-02 
6.182944e-02 
2.033071e-01 
2.237890e-01 
4.166490e-02 
1.198742e-01 
1.041667e-01 
6.250000e-02 
1.936524e-01 
2.568394e-01 
4.118425e-01 
4.099435e-02 
1.639745e-01 
1.890077e-01 
6.182944e-02 
2.654603e-01 
2.395930e-01 
1.229834e-01 
1.223244e-01 
8.266101e-02 
1.418100e-01 
2.466349e-01 
1.418034e-01 
0 
4.166667e-02 
3.514844e-01 
1.446719e-01 
2.384249e-01 
2.389838e-01 
1.243312e-01 
2.036510e-01 
1.261374e-01 
1.507184e-01 
1.209518e-01 
1.431559e-01 
1.097769e-01 
2.302067e-01 
1.563248e-01 
2.284785e-01 
1.148830e-01 
1.209767e-01 
3.005039e-01 
2.883165e-01 
3.118332e-01 
1.716554e-01 
8.333686e-02 
2.030424e-01 
2.291473e-01 
3.890159e-01 
1.438252e-01 
2.000496e-01 
1.008139e-01 
1.841419e-01 
6.182614e-02 
1.848277e-01 
1.243294e-01 
2.486485e-01 
4.166667e-02 
1.587761e-01 
2.380926e-01 
2.083298e-01 
2.470204e-01 
1.451610e-01 
8.266101e-02 
4.522782e-01 
1.549036e-01 
2.291755e-01 
2.287845e-01 
6.458639e-02 
1.438234e-01 
1.031010e-01 
1.856056e-01 
1.041684e-01 
8.199035e-02 
2.986098e-01 
2.086824e-01 
2.083510e-01 
4.167019e-02 
1.014910e-01 
1.815770e-01 
1.041631e-01 
1.646550e-01 
5.461605e-02 
2.083157e-02 
1.957271e-01 
8.064945e-02 
1.660031e-01 
1.458351e-01 
1.147595e-01 
