5.698604e-02 
1.821597e-02 
1.980803e-02 
3.710826e-02 
6.319214e-02 
2.499795e-02 
5.040584e-02 
4.718354e-02 
0 
4.999181e-02 
3.383244e-02 
2.499898e-02 
2.260236e-02 
1.093584e-01 
0 
2.305474e-02 
2.371600e-02 
1.855362e-02 
0 
0 
1.803465e-02 
4.999590e-02 
1.210922e-02 
0 
1.250000e-02 
4.924033e-02 
4.122246e-02 
1.230311e-02 
2.127785e-02 
0 
0 
2.541261e-02 
3.749591e-02 
3.749488e-02 
3.749591e-02 
2.499795e-02 
3.749693e-02 
2.953454e-02 
1.250000e-02 
3.715498e-02 
0 
2.898502e-02 
1.789101e-02 
2.230582e-02 
5.944618e-02 
4.778750e-02 
8.790858e-02 
2.460826e-02 
3.791356e-02 
0 
1.291466e-02 
2.057013e-02 
0 
2.172315e-02 
5.918739e-02 
4.999181e-02 
3.832945e-02 
2.499591e-02 
0 
4.395221e-02 
3.749693e-02 
4.610797e-02 
2.873052e-02 
1.249795e-02 
3.444764e-02 
0 
2.500000e-02 
8.607011e-02 
2.499591e-02 
3.832931e-02 
1.884940e-02 
1.249898e-02 
3.749591e-02 
0 
2.541356e-02 
1.250000e-02 
7.422151e-02 
0 
6.249386e-02 
1.047012e-02 
3.749591e-02 
2.499795e-02 
7.175349e-03 
0 
8.764289e-02 
5.861472e-02 
4.882478e-02 
2.421652e-02 
6.249488e-02 
7.499283e-02 
5.012778e-02 
2.348065e-02 
2.022548e-02 
1.291356e-02 
0 
1.174033e-02 
1.249693e-02 
6.250000e-02 
2.499693e-02 
1.995069e-02 
1.250102e-02 
3.749591e-02 
1.249693e-02 
7.213247e-02 
2.389375e-02 
3.053076e-02 
0 
6.457328e-03 
1.249795e-02 
1.210826e-02 
0 
3.671652e-02 
2.499591e-02 
2.313788e-02 
1.174213e-02 
0 
1.250000e-02 
0 
5.968661e-02 
5.634761e-02 
5.706071e-02 
0 
1.249795e-02 
3.607091e-02 
4.444843e-02 
3.749591e-02 
6.250000e-02 
4.760126e-02 
2.541261e-02 
4.999795e-02 
0 
5.788876e-02 
4.730111e-02 
1.291466e-02 
3.561594e-02 
5.689485e-02 
3.749693e-02 
1.249898e-02 
1.249795e-02 
4.999591e-02 
5.002395e-02 
2.499795e-02 
5.000000e-02 
5.806560e-02 
0 
1.648795e-02 
0 
2.421652e-02 
1.250000e-02 
0 
9.225201e-03 
6.250102e-02 
6.332843e-02 
3.522098e-02 
0 
0 
6.250000e-02 
2.460922e-02 
0 
2.009617e-02 
1.249898e-02 
1.249795e-02 
0 
3.259682e-02 
0 
2.421652e-02 
6.251984e-02 
3.114771e-02 
2.499795e-02 
1.250000e-02 
6.249898e-02 
3.791261e-02 
1.174123e-02 
2.499795e-02 
0 
2.499898e-02 
2.214021e-02 
6.249232e-03 
0 
1.249898e-02 
2.541261e-02 
2.499898e-02 
7.499693e-02 
3.715365e-02 
1.210922e-02 
1.124887e-01 
1.173627e-01 
1.077197e-01 
1.174213e-02 
9.999693e-02 
1.250000e-02 
2.499898e-02 
3.961983e-02 
1.249898e-02 
5.359424e-02 
3.180686e-02 
4.574002e-02 
2.499693e-02 
0 
1.249898e-02 
1.249795e-02 
3.749488e-02 
4.509170e-02 
0 
4.999386e-02 
2.499898e-02 
6.132747e-02 
7.166082e-02 
2.125105e-02 
2.500410e-02 
2.499795e-02 
0 
3.750000e-02 
4.650499e-02 
0 
3.187219e-02 
3.749898e-02 
1.249795e-02 
1.307809e-01 
4.999488e-02 
2.499795e-02 
5.000000e-02 
3.045346e-02 
2.565145e-02 
5.044086e-02 
1.210922e-02 
3.671946e-02 
1.249795e-02 
6.106908e-02 
3.749591e-02 
5.697685e-03 
5.706773e-02 
5.316253e-02 
3.124795e-02 
2.700587e-02 
4.674479e-02 
2.499693e-02 
7.499181e-02 
1.250000e-02 
2.499693e-02 
1.250000e-02 
3.749386e-02 
2.499898e-02 
6.132459e-02 
2.541261e-02 
7.500000e-02 
3.770292e-02 
6.139255e-02 
2.499898e-02 
3.710519e-02 
1.249898e-02 
5.367680e-02 
1.969039e-02 
4.513662e-02 
3.422473e-02 
8.444087e-02 
1.019660e-02 
7.499386e-02 
9.225759e-03 
2.557834e-02 
2.541473e-02 
2.499898e-02 
1.250000e-02 
1.249898e-02 
5.035234e-02 
3.749898e-02 
0 
6.837478e-02 
0 
6.174009e-02 
6.352237e-03 
2.053009e-02 
1.433409e-01 
2.460820e-02 
1.249898e-02 
3.148024e-02 
1.249795e-02 
1.614349e-02 
1.291520e-02 
2.499898e-02 
4.979999e-02 
0 
6.249591e-02 
3.632190e-02 
2.499591e-02 
1.249795e-02 
6.249283e-02 
1.249898e-02 
0 
2.500000e-02 
6.093483e-02 
2.499795e-02 
1.721809e-02 
6.249488e-02 
3.134735e-02 
6.249795e-02 
0 
3.749898e-02 
1.249795e-02 
1.174213e-02 
1.210826e-02 
1.250102e-02 
1.291466e-02 
6.291261e-02 
0 
1.250000e-02 
2.499795e-02 
4.524816e-02 
2.461127e-02 
4.999898e-02 
3.274879e-02 
2.500000e-02 
2.218558e-02 
2.500000e-02 
0 
4.999591e-02 
2.499898e-02 
6.210519e-02 
1.250000e-02 
4.889375e-02 
1.210826e-02 
6.211018e-02 
2.421652e-02 
3.085717e-02 
2.460826e-02 
2.499591e-02 
3.710314e-02 
5.985012e-02 
1.139580e-02 
1.210634e-02 
3.710513e-02 
7.299935e-02 
2.243302e-02 
2.499693e-02 
8.630729e-02 
0 
4.540759e-02 
1.217170e-01 
0 
5.634530e-02 
3.710807e-02 
1.249898e-02 
1.291466e-02 
4.103978e-02 
5.918329e-02 
4.325622e-02 
7.388965e-02 
1.080071e-01 
0 
1.250000e-02 
1.249898e-02 
0 
6.061219e-02 
1.101722e-01 
7.714589e-02 
2.269626e-02 
3.749795e-02 
6.249079e-02 
1.250000e-02 
6.249283e-02 
1.250205e-02 
3.306867e-02 
