3.913785e-01 
1.738411e-01 
2.861124e-01 
3.194340e-01 
1.672889e-01 
2.044357e-01 
2.544968e-01 
2.104788e-01 
8.391390e-02 
1.519505e-01 
4.388871e-01 
2.344364e-01 
2.604452e-01 
1.705481e-01 
2.384753e-01 
2.323249e-01 
1.720398e-01 
1.720739e-01 
2.739557e-01 
2.044630e-01 
1.027714e-01 
1.889680e-01 
1.527641e-01 
1.306926e-01 
1.017120e-01 
1.769941e-01 
1.941032e-01 
7.470648e-02 
7.761215e-02 
9.415886e-02 
1.765825e-01 
2.866544e-01 
1.725842e-01 
1.366591e-01 
2.032845e-01 
2.029208e-01 
1.798134e-01 
1.975804e-01 
2.205507e-01 
2.949908e-01 
1.005529e-01 
2.118104e-01 
6.781201e-02 
5.855633e-02 
1.188812e-01 
1.807126e-01 
1.855594e-01 
3.521773e-01 
1.692373e-01 
1.705453e-01 
1.491896e-01 
2.162455e-01 
1.506260e-01 
8.610476e-02 
1.344739e-01 
2.544612e-01 
1.430534e-01 
8.388216e-02 
1.166749e-01 
1.401451e-01 
2.425676e-01 
1.681942e-01 
2.251319e-01 
2.463173e-01 
2.528340e-01 
2.033257e-01 
2.544434e-01 
1.855573e-01 
3.222052e-01 
1.672848e-01 
2.894334e-01 
3.121121e-01 
3.511060e-01 
2.194343e-01 
1.910776e-01 
1.860991e-01 
1.349915e-01 
2.216541e-01 
2.063217e-01 
3.302781e-01 
3.181524e-01 
1.683296e-01 
1.995453e-01 
1.677779e-01 
1.677836e-01 
1.588043e-01 
1.504542e-01 
1.699811e-01 
1.513129e-01 
1.344364e-01 
1.861100e-01 
2.651120e-01 
1.178416e-01 
2.025169e-01 
1.349935e-01 
1.828178e-01 
1.279230e-01 
1.183917e-01 
1.350321e-01 
1.627142e-01 
5.110857e-02 
1.945771e-01 
1.030426e-01 
1.862942e-01 
1.128917e-01 
1.476048e-01 
1.730034e-01 
1.188795e-01 
2.028166e-01 
1.303544e-01 
8.990047e-02 
1.146160e-01 
1.849836e-01 
2.049813e-01 
8.068786e-02 
2.266450e-01 
1.090239e-01 
1.512133e-01 
1.656522e-01 
1.121887e-01 
1.103785e-01 
1.247631e-01 
8.333606e-02 
1.344418e-01 
1.188794e-01 
1.316267e-01 
1.500014e-01 
2.815157e-01 
2.604095e-01 
1.492548e-01 
2.596119e-01 
1.366492e-01 
1.850988e-01 
2.049883e-01 
1.849798e-01 
2.499891e-01 
1.525206e-01 
5.110721e-02 
1.140898e-01 
1.178473e-01 
2.022546e-01 
2.304876e-01 
1.016586e-01 
1.475153e-01 
2.515723e-01 
1.022171e-01 
1.437414e-01 
2.361076e-01 
5.055429e-02 
2.011058e-01 
3.033052e-01 
1.261688e-01 
1.828564e-01 
1.838699e-01 
3.421419e-01 
6.833080e-02 
1.051106e-01 
1.153335e-01 
1.535956e-01 
1.546357e-01 
7.569167e-02 
1.053470e-01 
1.172291e-01 
1.668606e-01 
1.519209e-01 
1.377691e-01 
2.049854e-01 
1.355490e-01 
1.216817e-01 
1.510001e-01 
8.286927e-02 
1.177725e-01 
2.388787e-01 
2.195214e-01 
1.361856e-01 
8.444054e-02 
2.877660e-01 
2.779879e-01 
1.680857e-01 
2.381050e-01 
2.118910e-01 
1.177752e-01 
1.584733e-01 
1.366562e-01 
1.332742e-01 
2.050009e-01 
1.528096e-01 
5.956747e-02 
1.005584e-01 
2.038844e-01 
1.022130e-01 
1.924913e-01 
2.500719e-01 
2.414619e-01 
2.224446e-01 
2.081936e-01 
9.041000e-02 
1.759602e-01 
2.700918e-01 
4.999181e-02 
5.972151e-02 
1.510963e-01 
1.886570e-01 
3.924722e-01 
1.199910e-01 
2.263608e-01 
1.754972e-01 
1.833306e-01 
2.038841e-01 
1.672237e-01 
1.430076e-01 
2.298501e-01 
1.923780e-01 
3.318294e-01 
3.244491e-01 
2.205365e-01 
2.664636e-01 
2.986426e-01 
1.503383e-01 
4.500331e-01 
1.279938e-01 
2.157276e-01 
8.067252e-02 
1.406064e-01 
9.733657e-02 
1.774528e-01 
2.435604e-01 
6.725716e-02 
8.555339e-02 
1.484957e-01 
1.701831e-01 
9.999591e-02 
1.177767e-01 
1.455438e-01 
1.679250e-01 
2.035287e-01 
1.700019e-01 
1.850057e-01 
2.266180e-01 
1.080176e-01 
1.194381e-01 
1.327987e-01 
1.329148e-01 
1.344446e-01 
2.263679e-01 
2.044328e-01 
1.177752e-01 
2.538882e-01 
1.872010e-01 
2.005270e-01 
9.998635e-02 
2.377676e-01 
2.507184e-01 
2.516945e-01 
5.572515e-02 
2.372148e-01 
3.066648e-01 
2.453836e-01 
1.546522e-01 
2.672086e-01 
5.166286e-02 
1.517265e-01 
3.444191e-02 
1.705467e-01 
8.662678e-02 
6.832953e-02 
1.554310e-01 
2.140846e-01 
1.039167e-01 
1.118141e-01 
2.494508e-01 
1.323970e-01 
7.907027e-02 
1.120286e-01 
1.167025e-01 
2.571427e-01 
1.988613e-01 
1.173217e-01 
1.667690e-01 
2.333306e-01 
3.359939e-01 
1.317336e-01 
2.678758e-01 
1.622663e-01 
1.888379e-01 
8.233095e-02 
2.010936e-01 
1.323269e-01 
2.533315e-01 
2.687174e-01 
1.277204e-01 
6.832870e-02 
2.147989e-01 
2.023442e-01 
1.006512e-01 
2.164703e-01 
1.194835e-01 
8.284433e-02 
1.215325e-01 
1.683311e-01 
2.055385e-01 
3.538727e-01 
1.533350e-01 
2.710910e-01 
1.390303e-01 
1.097494e-01 
2.596704e-01 
3.583352e-01 
3.194572e-01 
1.883161e-01 
2.345926e-01 
2.210939e-01 
3.022212e-01 
1.903008e-01 
1.183266e-01 
2.011058e-01 
2.571565e-01 
1.486280e-01 
2.804620e-01 
1.677643e-01 
2.910222e-01 
2.006249e-01 
2.405289e-01 
7.513607e-02 
1.521755e-01 
2.017630e-01 
1.976209e-01 
2.768109e-01 
3.102306e-01 
1.872029e-01 
2.312945e-01 
3.523113e-01 
1.087377e-01 
1.796069e-01 
1.984829e-01 
1.481697e-01 
2.245812e-01 
1.822399e-01 
5.971896e-02 
2.516751e-01 
2.755615e-01 
1.000522e-01 
1.322965e-01 
1.279109e-01 
2.283620e-01 
1.972379e-01 
3.643598e-01 
3.267344e-01 
1.867382e-01 
2.538794e-01 
2.184541e-01 
1.301214e-01 
9.355667e-02 
1.366886e-01 
2.888682e-01 
1.358500e-01 
1.172861e-01 
2.666639e-01 
2.314103e-01 
2.506111e-01 
3.012594e-01 
1.226283e-01 
