2.215534e-01 
4.232770e-01 
3.660516e-01 
2.993690e-01 
2.838043e-01 
3.225870e-01 
2.147757e-01 
4.697222e-01 
4.192932e-01 
2.919310e-01 
3.585296e-01 
4.331303e-01 
3.302452e-01 
3.634581e-01 
4.407352e-01 
4.649287e-01 
3.233590e-01 
2.800562e-01 
2.954619e-01 
4.900951e-01 
2.659605e-01 
3.524759e-01 
3.797934e-01 
6.213324e-01 
4.432265e-01 
3.450990e-01 
4.849999e-01 
4.496600e-01 
3.735882e-01 
4.267742e-01 
3.970447e-01 
3.856076e-01 
3.798213e-01 
2.707578e-01 
2.737020e-01 
2.569074e-01 
3.779179e-01 
4.111046e-01 
4.273331e-01 
4.379264e-01 
5.726969e-01 
4.366873e-01 
2.496811e-01 
3.269465e-01 
4.455884e-01 
4.074559e-01 
2.533629e-01 
3.989136e-01 
4.525277e-01 
3.419380e-01 
2.368684e-01 
3.373131e-01 
3.575914e-01 
4.594178e-01 
4.094074e-01 
3.096922e-01 
3.094704e-01 
3.468466e-01 
3.374525e-01 
4.073587e-01 
4.840838e-01 
4.270406e-01 
3.403897e-01 
4.318510e-01 
3.600942e-01 
3.597970e-01 
3.915029e-01 
2.684033e-01 
3.092518e-01 
3.302299e-01 
5.484273e-01 
3.751339e-01 
4.350815e-01 
4.017786e-01 
3.582880e-01 
4.275201e-01 
2.916242e-01 
3.952780e-01 
4.796655e-01 
3.613632e-01 
3.790032e-01 
3.935665e-01 
3.479645e-01 
4.348468e-01 
2.501219e-01 
3.980537e-01 
3.383638e-01 
4.103157e-01 
2.712790e-01 
3.331339e-01 
3.019562e-01 
3.864877e-01 
4.815057e-01 
4.054586e-01 
4.432371e-01 
4.429850e-01 
3.806089e-01 
3.104093e-01 
4.761427e-01 
4.990361e-01 
4.204042e-01 
3.894175e-01 
4.619527e-01 
3.852317e-01 
4.544306e-01 
3.885724e-01 
3.755807e-01 
4.512110e-01 
4.378901e-01 
3.694241e-01 
3.804321e-01 
5.067770e-01 
3.765615e-01 
4.412933e-01 
4.821059e-01 
4.893622e-01 
3.752058e-01 
4.709805e-01 
4.413836e-01 
4.781293e-01 
4.841377e-01 
3.660030e-01 
3.756113e-01 
4.372120e-01 
4.277430e-01 
3.908967e-01 
3.806806e-01 
3.813496e-01 
3.925528e-01 
4.334712e-01 
5.116582e-01 
5.191434e-01 
3.265355e-01 
5.218656e-01 
5.034331e-01 
3.419501e-01 
5.161681e-01 
3.980609e-01 
3.516665e-01 
4.873343e-01 
3.578072e-01 
3.744885e-01 
5.776308e-01 
4.665953e-01 
4.769398e-01 
4.307721e-01 
4.791361e-01 
4.518561e-01 
3.931335e-01 
4.305490e-01 
4.772020e-01 
3.918623e-01 
4.213854e-01 
5.400099e-01 
4.704449e-01 
6.064647e-01 
3.226845e-01 
3.463547e-01 
4.187934e-01 
3.967527e-01 
3.870240e-01 
5.313861e-01 
3.591787e-01 
4.416165e-01 
4.352837e-01 
3.767966e-01 
4.357020e-01 
5.339817e-01 
4.467025e-01 
5.088238e-01 
4.197637e-01 
5.413223e-01 
2.976404e-01 
3.612940e-01 
4.426294e-01 
4.782986e-01 
3.617315e-01 
5.000446e-01 
3.635196e-01 
4.569119e-01 
3.364231e-01 
4.161476e-01 
4.780292e-01 
3.524777e-01 
3.857051e-01 
3.680700e-01 
4.319937e-01 
4.288225e-01 
6.114633e-01 
3.248679e-01 
4.425716e-01 
4.371132e-01 
3.949719e-01 
5.401781e-01 
3.775219e-01 
4.516005e-01 
5.686126e-01 
2.912835e-01 
4.759186e-01 
4.868891e-01 
5.427818e-01 
4.436509e-01 
3.582951e-01 
4.899645e-01 
5.835386e-01 
2.621178e-01 
5.116255e-01 
4.064715e-01 
4.486179e-01 
5.580956e-01 
5.060894e-01 
5.013672e-01 
3.294158e-01 
3.123774e-01 
4.738158e-01 
4.249638e-01 
3.514327e-01 
6.039638e-01 
4.075062e-01 
3.821706e-01 
4.457311e-01 
3.589556e-01 
4.315088e-01 
4.033413e-01 
5.029074e-01 
4.122427e-01 
4.263979e-01 
3.236196e-01 
5.365560e-01 
5.183360e-01 
4.129396e-01 
4.875270e-01 
4.719602e-01 
3.716090e-01 
4.924396e-01 
4.601809e-01 
4.806786e-01 
4.292864e-01 
4.933757e-01 
3.293704e-01 
5.225913e-01 
4.665950e-01 
4.005994e-01 
4.868923e-01 
4.160461e-01 
4.778537e-01 
4.988105e-01 
5.131420e-01 
4.571866e-01 
4.429892e-01 
4.739707e-01 
4.606585e-01 
4.589511e-01 
3.450008e-01 
4.599245e-01 
3.828037e-01 
4.686313e-01 
4.783152e-01 
4.091262e-01 
5.655739e-01 
3.533373e-01 
3.716012e-01 
3.866667e-01 
4.172379e-01 
3.920248e-01 
3.544284e-01 
3.668250e-01 
4.735546e-01 
4.524296e-01 
3.994525e-01 
4.548855e-01 
4.225667e-01 
4.921865e-01 
4.281118e-01 
3.536685e-01 
4.857610e-01 
5.876690e-01 
3.461887e-01 
5.615625e-01 
5.677658e-01 
4.350291e-01 
4.635889e-01 
4.843240e-01 
3.528499e-01 
3.398595e-01 
4.013016e-01 
5.198568e-01 
4.772649e-01 
4.436920e-01 
3.794517e-01 
4.290067e-01 
4.305729e-01 
3.685633e-01 
3.745465e-01 
3.804247e-01 
5.341146e-01 
4.639067e-01 
5.106613e-01 
4.223608e-01 
4.447475e-01 
3.877481e-01 
3.275303e-01 
3.494733e-01 
4.873109e-01 
5.452868e-01 
4.903680e-01 
6.150184e-01 
4.940253e-01 
3.544379e-01 
4.671108e-01 
4.426924e-01 
3.273173e-01 
4.548628e-01 
4.472999e-01 
4.121450e-01 
4.183009e-01 
3.863759e-01 
4.816908e-01 
4.204576e-01 
3.963474e-01 
4.781724e-01 
5.075240e-01 
4.515950e-01 
5.201409e-01 
4.435592e-01 
4.890734e-01 
4.173008e-01 
5.158015e-01 
4.992143e-01 
3.837539e-01 
4.309417e-01 
3.197002e-01 
4.662174e-01 
4.220709e-01 
4.661028e-01 
4.196728e-01 
5.378377e-01 
5.468132e-01 
4.917830e-01 
3.045467e-01 
4.200525e-01 
4.980036e-01 
4.428548e-01 
3.686135e-01 
3.404905e-01 
5.225235e-01 
4.175557e-01 
3.670665e-01 
4.507930e-01 
4.127207e-01 
3.469901e-01 
4.907549e-01 
4.203506e-01 
4.700129e-01 
3.875242e-01 
4.014822e-01 
4.578431e-01 
4.475453e-01 
4.805956e-01 
3.821966e-01 
5.586777e-01 
4.118278e-01 
