1.827893e-02 
4.624956e-02 
2.318801e-02 
1.720443e-02 
3.440887e-02 
5.161330e-02 
1.666667e-02 
1.376341e-01 
1.193499e-01 
4.322095e-02 
0 
1.720443e-02 
5.161330e-02 
3.387110e-02 
2.489846e-02 
8.602076e-02 
1.110215e-01 
7.843613e-03 
0 
6.881632e-02 
8.440605e-02 
3.440746e-02 
1.523778e-02 
0 
6.881773e-02 
3.336452e-02 
2.167299e-02 
2.526888e-02 
6.387671e-02 
6.021552e-02 
1.312976e-01 
2.580630e-02 
0 
8.494663e-02 
1.850034e-01 
5.161330e-02 
4.086043e-02 
4.428492e-02 
8.602217e-02 
0 
2.879844e-02 
1.720443e-02 
0 
5.584203e-02 
5.218693e-02 
6.616150e-02 
1.426538e-01 
6.827997e-02 
1.777806e-02 
6.881632e-02 
1.372175e-01 
1.119611e-01 
8.602217e-02 
6.426260e-02 
1.720302e-02 
8.457551e-02 
8.602217e-02 
1.032238e-01 
7.312495e-02 
8.239731e-02 
8.548017e-02 
9.259995e-02 
1.037974e-01 
5.161330e-02 
3.232051e-02 
2.878709e-02 
1.720443e-02 
1.548371e-01 
6.881773e-02 
3.440887e-02 
5.980425e-02 
8.494382e-02 
5.161330e-02 
5.161330e-02 
2.932556e-02 
1.349386e-01 
1.159400e-02 
0 
3.440887e-02 
8.042609e-02 
3.440887e-02 
8.602217e-02 
5.135551e-02 
9.288201e-02 
6.511009e-02 
3.440746e-02 
3.440746e-02 
6.827997e-02 
1.780279e-01 
1.666667e-02 
8.284948e-02 
3.498099e-02 
8.124074e-02 
7.885214e-02 
4.552027e-02 
3.386969e-02 
8.527915e-02 
3.440887e-02 
6.942280e-02 
4.172667e-02 
6.127012e-02 
6.324207e-02 
6.831583e-02 
5.053777e-02 
3.440887e-02 
1.720302e-02 
0 
1.720443e-02 
3.440887e-02 
0 
6.372351e-02 
5.000000e-02 
3.336593e-02 
5.482407e-02 
0 
6.130975e-02 
1.016133e-01 
6.827574e-02 
1.720302e-02 
0 
0 
0 
3.387110e-02 
2.801394e-02 
1.666534e-02 
8.161937e-02 
1.720443e-02 
1.720443e-02 
6.881773e-02 
1.720302e-02 
0 
2.882790e-02 
1.181435e-01 
3.440887e-02 
5.759687e-02 
1.720443e-02 
0 
1.720443e-02 
5.161330e-02 
4.683187e-02 
6.881492e-02 
7.391166e-02 
1.021482e-01 
1.616150e-02 
1.088458e-02 
3.387110e-02 
1.720443e-02 
3.440887e-02 
8.602217e-02 
1.204310e-01 
5.160907e-02 
1.666534e-02 
1.720443e-02 
1.367463e-02 
0 
8.989676e-02 
1.032927e-01 
0 
1.004371e-01 
1.720443e-02 
8.602076e-02 
6.881492e-02 
5.161330e-02 
1.365599e-01 
6.881773e-02 
9.167358e-02 
1.037931e-01 
3.387110e-02 
1.720443e-02 
6.079374e-02 
1.720443e-02 
3.440887e-02 
5.107553e-02 
6.938054e-02 
0 
3.440887e-02 
4.952743e-02 
1.666667e-02 
1.720443e-02 
2.553744e-02 
1.720443e-02 
1.204226e-01 
6.720302e-02 
1.720443e-02 
1.212112e-02 
3.440605e-02 
7.053861e-02 
8.602217e-02 
3.387110e-02 
5.189327e-02 
6.827997e-02 
1.666667e-02 
2.745900e-02 
9.179084e-02 
5.164766e-02 
4.808350e-02 
1.720443e-02 
0 
5.009351e-02 
3.386969e-02 
3.440887e-02 
1.720443e-02 
5.107412e-02 
4.455369e-02 
5.161330e-02 
8.249184e-02 
0 
6.881773e-02 
4.857654e-02 
5.161048e-02 
4.074054e-02 
3.505712e-02 
1.720443e-02 
6.666667e-02 
6.881773e-02 
4.301073e-02 
5.107553e-02 
5.161330e-02 
3.440746e-02 
5.161189e-02 
3.387110e-02 
2.516455e-02 
6.359753e-02 
5.591265e-02 
9.039341e-03 
3.108062e-02 
0 
4.857654e-02 
6.881773e-02 
1.720443e-02 
6.720245e-02 
8.494663e-02 
2.553706e-02 
3.440746e-02 
4.804230e-02 
2.553570e-02 
8.602217e-03 
5.218542e-02 
3.469025e-02 
0 
4.774157e-02 
3.498249e-02 
5.161330e-02 
3.498249e-02 
3.440887e-02 
0 
5.107272e-02 
8.743272e-03 
4.683328e-02 
6.904740e-02 
0 
0 
6.816077e-02 
1.510594e-02 
2.746091e-02 
0 
5.107421e-02 
1.010741e-01 
0 
0 
1.720443e-02 
5.009492e-02 
1.777806e-02 
4.344821e-02 
3.440887e-02 
5.161330e-02 
6.999746e-02 
3.440887e-02 
8.601935e-02 
1.666667e-02 
1.720302e-02 
5.161048e-02 
5.161330e-02 
3.387110e-02 
3.440887e-02 
4.315037e-02 
2.999937e-02 
7.990541e-02 
6.774220e-02 
6.773956e-02 
0 
2.624237e-02 
1.720443e-02 
4.657862e-02 
4.193245e-02 
5.107553e-02 
8.742908e-03 
6.844434e-02 
6.376826e-02 
1.720443e-02 
0 
8.743272e-03 
3.137211e-02 
3.440887e-02 
0 
0 
3.386969e-02 
8.602217e-02 
2.326423e-02 
1.720443e-02 
1.162593e-01 
5.466328e-02 
1.720302e-02 
4.549655e-02 
3.440746e-02 
8.494399e-02 
1.666667e-02 
8.602076e-02 
2.270435e-02 
3.440605e-02 
3.887406e-02 
1.441395e-02 
5.107553e-02 
3.265375e-02 
3.498249e-02 
1.666667e-02 
8.494663e-02 
5.505348e-02 
4.447177e-02 
1.720302e-02 
1.720302e-02 
1.720443e-02 
5.102686e-02 
7.911602e-02 
4.857112e-02 
4.300932e-02 
5.161330e-02 
3.387110e-02 
0 
2.580630e-02 
5.161330e-02 
3.387110e-02 
1.355159e-01 
3.440887e-02 
0 
6.881773e-02 
3.087995e-02 
0 
5.107272e-02 
3.333333e-02 
7.440950e-02 
0 
0 
3.387110e-02 
8.601653e-02 
2.480616e-02 
6.021516e-02 
3.387110e-02 
8.903963e-02 
0 
3.440887e-02 
1.720443e-02 
3.444322e-02 
3.386978e-02 
1.720302e-02 
8.376467e-02 
6.881773e-02 
3.387110e-02 
6.881351e-02 
6.881773e-02 
6.939136e-02 
4.808209e-02 
