4.249509e-02 
7.037370e-02 
7.324959e-03 
4.347826e-02 
2.173913e-02 
9.510805e-02 
5.366654e-02 
4.347737e-02 
1.290731e-01 
7.676138e-02 
5.535764e-02 
1.052898e-02 
3.164940e-02 
4.245900e-02 
4.776503e-02 
1.122658e-01 
1.982693e-01 
1.362736e-01 
2.173735e-02 
5.543363e-02 
4.245811e-02 
2.173735e-02 
3.042640e-02 
6.521650e-02 
8.544298e-02 
1.577686e-01 
5.174237e-02 
4.262843e-02 
8.544584e-02 
7.608607e-02 
1.086957e-02 
8.152107e-02 
1.185677e-01 
1.175267e-01 
1.121981e-01 
1.521739e-01 
1.318307e-01 
7.769298e-02 
3.260870e-02 
4.279786e-02 
1.009878e-01 
3.260870e-02 
4.313851e-02 
1.046770e-01 
8.876858e-02 
8.432087e-02 
6.318053e-02 
8.593726e-02 
6.594132e-02 
2.957436e-02 
4.819943e-02 
1.469969e-01 
1.869571e-01 
2.173913e-02 
9.782253e-02 
9.501617e-02 
5.434783e-02 
1.086912e-01 
6.054472e-02 
9.324580e-02 
6.453610e-02 
1.293976e-01 
5.615988e-02 
1.291170e-01 
2.229828e-01 
1.751753e-01 
1.140858e-01 
1.956486e-01 
3.386248e-01 
1.953115e-01 
4.865321e-02 
3.260603e-02 
4.347737e-02 
6.512784e-02 
4.626709e-02 
5.332606e-02 
1.422577e-01 
5.079427e-02 
2.139938e-02 
4.279875e-02 
5.434783e-02 
4.347826e-02 
9.283218e-02 
1.685475e-01 
3.419075e-01 
1.063738e-01 
1.167971e-01 
1.171869e-01 
9.073687e-02 
3.226805e-02 
7.851681e-02 
4.383794e-02 
1.274130e-01 
2.191965e-01 
5.049832e-02 
4.490547e-02 
4.458294e-02 
8.661677e-02 
3.333168e-02 
1.156279e-01 
9.129460e-02 
1.084918e-01 
2.173913e-02 
4.245900e-02 
3.260870e-02 
8.506674e-02 
2.173913e-02 
7.608696e-02 
9.927573e-02 
5.400724e-02 
1.271538e-01 
7.177120e-02 
2.108022e-02 
2.995760e-02 
4.171527e-02 
9.110270e-02 
1.631305e-01 
9.748099e-02 
8.393610e-02 
1.956495e-01 
1.086957e-02 
8.695474e-02 
4.347470e-02 
2.139849e-02 
6.385503e-02 
5.190417e-02 
6.521739e-02 
7.608696e-02 
4.347826e-02 
2.976187e-02 
9.820925e-02 
7.990098e-02 
1.217671e-01 
6.521739e-02 
6.156878e-02 
5.434783e-02 
4.383972e-02 
1.076764e-01 
1.086957e-02 
7.379004e-02 
3.260781e-02 
4.045786e-02 
9.646529e-02 
2.527034e-02 
4.202875e-02 
4.047921e-02 
7.608607e-02 
2.173913e-02 
7.608518e-02 
8.429892e-02 
6.521472e-02 
4.279708e-02 
2.173913e-02 
4.124817e-02 
2.139938e-02 
9.163631e-02 
1.301359e-01 
4.898797e-02 
7.560253e-02 
1.182474e-01 
8.695652e-02 
6.521650e-02 
1.739130e-01 
6.487764e-02 
2.282591e-01 
1.932295e-01 
1.090527e-01 
7.167993e-02 
1.151896e-01 
6.259998e-02 
7.608696e-02 
4.347826e-02 
3.260870e-02 
4.883886e-02 
7.836124e-03 
5.400629e-02 
9.453063e-02 
9.444746e-02 
4.383889e-02 
5.203091e-02 
2.258826e-01 
1.521650e-01 
3.192830e-02 
1.611234e-01 
8.373960e-02 
4.347470e-02 
1.210149e-01 
5.169673e-02 
1.294382e-01 
1.746188e-01 
1.052981e-02 
6.323883e-02 
4.995698e-02 
9.106570e-03 
3.262951e-02 
4.124817e-02 
6.521739e-02 
1.195572e-01 
8.575907e-02 
9.714302e-02 
0 
4.211590e-02 
6.955962e-02 
8.639475e-03 
3.260870e-02 
7.162434e-02 
1.123198e-02 
6.419813e-02 
5.242835e-02 
4.383889e-02 
1.442453e-01 
1.633925e-02 
8.695385e-02 
3.260603e-02 
4.347826e-02 
9.782386e-02 
4.774840e-02 
8.695652e-02 
4.279708e-02 
4.347737e-02 
3.226894e-02 
5.434516e-02 
7.565716e-02 
6.224407e-02 
9.165732e-02 
3.050506e-02 
1.086957e-02 
7.608696e-02 
8.695652e-02 
9.618728e-02 
7.999096e-02 
7.506769e-02 
2.666384e-02 
6.557802e-02 
1.589970e-01 
8.209822e-02 
4.147379e-02 
4.383972e-02 
3.763063e-02 
9.348095e-02 
4.945559e-02 
1.097802e-01 
1.521739e-01 
9.855091e-02 
1.086957e-02 
7.860783e-02 
1.621113e-01 
2.157761e-02 
7.423639e-02 
5.900577e-02 
4.124817e-02 
2.173913e-02 
7.704772e-02 
5.918001e-02 
6.466856e-02 
4.399986e-02 
3.192752e-02 
1.402789e-01 
2.173913e-02 
0 
6.022704e-02 
4.183946e-02 
4.383978e-02 
4.940180e-02 
2.105962e-02 
3.260870e-02 
8.622894e-02 
3.260870e-02 
2.391295e-01 
1.027255e-01 
4.420308e-02 
7.506252e-02 
4.350092e-02 
3.069011e-02 
9.748633e-02 
6.557294e-02 
9.089532e-02 
1.777523e-01 
9.680682e-02 
5.332606e-02 
1.630413e-02 
1.827061e-01 
2.726280e-02 
2.808073e-02 
2.078149e-02 
8.661677e-02 
6.539517e-02 
1.720291e-01 
4.915730e-02 
1.086957e-02 
0 
8.731210e-02 
1.747882e-01 
1.192246e-01 
0 
2.246395e-02 
1.052981e-02 
5.434783e-02 
7.787944e-02 
1.086868e-02 
1.612588e-01 
7.127505e-02 
4.313584e-02 
2.732159e-02 
5.434427e-02 
7.370283e-02 
6.329880e-02 
3.260870e-02 
8.468289e-02 
5.722635e-02 
3.557267e-02 
3.904722e-02 
1.086957e-02 
1.667900e-02 
8.562016e-02 
6.747636e-02 
9.646707e-02 
3.235276e-02 
6.706309e-02 
2.107933e-02 
4.384067e-02 
3.260870e-02 
2.063618e-02 
3.666892e-02 
2.946477e-02 
2.173780e-02 
2.173913e-02 
4.313673e-02 
4.219353e-02 
7.608651e-02 
2.173913e-02 
8.383273e-02 
2.041363e-01 
5.434694e-02 
0 
4.281935e-02 
3.226805e-02 
1.086957e-02 
3.226805e-02 
4.917970e-02 
1.326075e-01 
1.195652e-01 
8.724756e-02 
4.313762e-02 
4.347559e-02 
1.567225e-02 
9.616965e-02 
1.480969e-01 
1.540142e-01 
5.400807e-02 
4.347826e-02 
7.608696e-02 
3.296838e-02 
3.158693e-02 
5.506986e-02 
5.129515e-02 
1.086957e-02 
9.612642e-02 
6.453610e-02 
1.413043e-01 
2.059329e-01 
1.085525e-01 
