2.045430e-02 
1.196063e-01 
8.489543e-02 
1.612890e-02 
0 
1.562475e-02 
8.064186e-02 
3.225648e-02 
7.862659e-02 
2.500000e-02 
3.993670e-02 
7.963373e-02 
4.696324e-02 
1.612890e-02 
7.840060e-02 
1.612890e-02 
2.343713e-02 
2.957903e-02 
7.701428e-02 
1.612758e-02 
3.124950e-02 
8.064186e-02 
6.371938e-02 
6.451560e-02 
0 
1.515117e-02 
3.278982e-02 
5.569361e-02 
2.368796e-02 
7.258005e-02 
9.380257e-02 
4.032192e-02 
1.431435e-01 
7.963620e-02 
1.811558e-01 
8.064450e-02 
9.521641e-02 
1.382859e-01 
4.838670e-02 
4.687426e-02 
8.244156e-02 
0 
4.788255e-02 
2.777856e-02 
3.279557e-02 
9.384020e-02 
1.171016e-01 
1.612890e-02 
6.401013e-02 
6.451296e-02 
1.373748e-01 
3.225648e-02 
4.892447e-02 
0 
8.064054e-02 
1.666667e-02 
6.451560e-02 
1.451535e-01 
3.653611e-02 
1.582812e-01 
4.838538e-02 
1.612758e-02 
1.612890e-02 
3.225780e-02 
6.353787e-02 
9.374851e-02 
1.203963e-01 
4.838538e-02 
2.574372e-02 
1.451575e-01 
7.987339e-02 
4.787991e-02 
3.225648e-02 
1.612890e-02 
5.924593e-02 
7.862163e-02 
1.612890e-02 
4.311637e-02 
6.454922e-02 
7.146329e-02 
8.172003e-02 
1.451601e-01 
1.288130e-01 
1.413900e-01 
0 
3.033020e-02 
3.279284e-02 
4.788255e-02 
6.451560e-02 
1.612758e-02 
6.812249e-02 
6.558699e-02 
6.451560e-02 
1.612890e-02 
3.696245e-02 
1.612890e-02 
4.838538e-02 
1.562475e-02 
6.508284e-02 
1.004647e-01 
1.104199e-01 
6.548464e-02 
1.666667e-02 
2.990995e-02 
0 
4.838538e-02 
6.451560e-02 
6.451560e-02 
6.451560e-02 
1.612890e-02 
1.237501e-01 
1.562475e-02 
0 
8.890569e-02 
6.139418e-02 
9.383810e-02 
9.788123e-02 
1.562475e-02 
7.840092e-02 
3.225780e-02 
0 
1.612758e-02 
1.612890e-02 
3.175233e-02 
3.225648e-02 
7.702110e-02 
1.045855e-01 
4.838670e-02 
4.838670e-02 
6.401013e-02 
4.841891e-02 
2.964044e-02 
8.632011e-02 
1.612890e-02 
6.350466e-02 
1.451601e-01 
1.612890e-02 
1.612890e-02 
3.225780e-02 
9.614478e-02 
6.451296e-02 
3.225648e-02 
6.350730e-02 
4.999683e-02 
1.562475e-02 
3.175365e-02 
6.451560e-02 
6.451560e-02 
9.677340e-02 
8.077329e-02 
9.626397e-02 
0 
4.246141e-02 
6.740795e-02 
1.562475e-02 
3.001588e-02 
1.124279e-01 
2.083245e-02 
2.964269e-02 
4.740897e-02 
1.290299e-01 
9.677076e-02 
1.129023e-01 
1.612890e-02 
4.838670e-02 
1.105527e-01 
6.451032e-02 
4.603885e-02 
6.205598e-02 
3.175365e-02 
9.677340e-02 
4.838670e-02 
6.300316e-02 
1.129258e-01 
2.725245e-02 
9.526096e-02 
9.384020e-02 
1.562475e-02 
8.117963e-02 
7.812066e-03 
1.129023e-01 
6.451032e-02 
3.225516e-02 
3.083325e-02 
7.587633e-02 
4.838406e-02 
1.462356e-01 
4.838670e-02 
6.454922e-02 
8.936711e-02 
8.014035e-02 
5.882177e-02 
8.374524e-02 
3.496182e-02 
9.680297e-02 
1.281976e-02 
3.225780e-02 
1.128957e-01 
2.941089e-02 
3.175365e-02 
4.838670e-02 
6.299944e-02 
7.247261e-02 
2.894734e-02 
4.838670e-02 
6.120598e-02 
1.754331e-02 
9.576510e-02 
9.534730e-02 
3.225648e-02 
6.126671e-02 
1.612890e-02 
8.064186e-02 
9.576246e-02 
0 
1.048369e-01 
2.581624e-02 
4.838670e-02 
7.963241e-02 
1.612890e-02 
2.964269e-02 
4.718278e-02 
1.247684e-01 
8.064318e-02 
2.460315e-02 
2.964176e-02 
1.612890e-02 
7.922104e-02 
4.838670e-02 
4.503564e-02 
7.963497e-02 
4.737840e-02 
4.007018e-02 
6.451164e-02 
1.201521e-01 
5.334277e-02 
6.663399e-02 
8.064450e-02 
1.045196e-01 
1.094264e-01 
6.088194e-02 
3.279557e-02 
1.612890e-01 
1.139778e-01 
6.451560e-02 
5.974108e-02 
1.140438e-01 
3.175365e-02 
6.227500e-02 
5.630673e-02 
3.225780e-02 
1.612890e-02 
6.568949e-02 
3.239963e-02 
1.055743e-01 
3.983045e-02 
1.612890e-02 
1.612758e-02 
1.612890e-02 
0 
2.458904e-02 
6.024523e-02 
6.558981e-02 
8.146410e-02 
6.401145e-02 
6.451560e-02 
8.538017e-02 
1.612758e-02 
8.064450e-02 
0 
0 
1.612758e-02 
4.946223e-02 
6.258800e-02 
1.123982e-01 
4.045415e-02 
3.225780e-02 
9.365414e-02 
9.475681e-02 
6.401021e-02 
1.612890e-02 
1.134321e-01 
3.225780e-02 
3.597491e-02 
8.474248e-03 
3.225780e-02 
4.045415e-02 
1.516525e-01 
1.022645e-01 
0 
1.190390e-02 
4.071896e-02 
9.484183e-02 
8.013911e-02 
0 
1.666667e-02 
4.787991e-02 
1.290312e-01 
6.542960e-02 
3.225780e-02 
6.158240e-02 
7.451509e-02 
6.400749e-02 
1.612890e-02 
0 
6.350483e-02 
2.516865e-01 
6.451560e-02 
7.089317e-02 
8.252611e-02 
1.349772e-01 
1.612758e-02 
3.175365e-02 
3.225780e-02 
1.129359e-01 
1.306645e-01 
2.227797e-01 
1.327106e-01 
1.856795e-01 
6.451032e-02 
1.612890e-02 
9.677340e-02 
4.892376e-02 
6.975542e-02 
7.363151e-02 
8.077210e-02 
1.102872e-01 
1.562475e-02 
7.604041e-02 
4.838472e-02 
4.838670e-02 
1.368052e-01 
1.612758e-02 
1.612758e-02 
0 
7.868903e-02 
9.245416e-02 
0 
1.451535e-01 
6.231978e-02 
1.670690e-01 
3.175241e-02 
3.696003e-02 
3.225780e-02 
6.451296e-02 
2.775660e-02 
1.455073e-01 
4.788123e-02 
5.665421e-02 
0 
0 
6.451560e-02 
6.404366e-02 
9.525724e-02 
0 
6.088670e-02 
7.922104e-02 
9.178806e-02 
4.737840e-02 
4.838670e-02 
6.559113e-02 
0 
