2.593000e-01 
5.679000e-01 
2.716000e-01 
7.284000e-01 
3.185000e-01 
3.210000e-01 
1.111000e-01 
8.640000e-02 
1.481000e-01 
4.074000e-01 
4.074000e-01 
4.198000e-01 
5.556000e-01 
2.691000e-01 
2.222000e-01 
4.568000e-01 
4.444000e-01 
5.185000e-01 
3.086000e-01 
5.062000e-01 
1.975000e-01 
1.852000e-01 
3.704000e-01 
1 
5.556000e-01 
3.704000e-01 
3.704000e-01 
5.160000e-01 
3.951000e-01 
2.840000e-01 
2.716000e-01 
3.827000e-01 
3.086000e-01 
3.827000e-01 
1.852000e-01 
3.580000e-01 
1.728000e-01 
1.235000e-01 
4.568000e-01 
6.914000e-01 
4.765000e-01 
9.136000e-01 
3.457000e-01 
1.975000e-01 
1.111000e-01 
2.099000e-01 
2.963000e-01 
5.432000e-01 
3.457000e-01 
6.420000e-01 
3.086000e-01 
2.963000e-01 
9.880000e-02 
8.640000e-02 
6.173000e-01 
3.210000e-01 
3.086000e-01 
2.222000e-01 
1.111000e-01 
1.975000e-01 
2.963000e-01 
6.049000e-01 
1.975000e-01 
3.086000e-01 
3.210000e-01 
2.716000e-01 
6.049000e-01 
2.469000e-01 
4.321000e-01 
1.975000e-01 
4.691000e-01 
5.926000e-01 
3.827000e-01 
4.198000e-01 
4.074000e-01 
1.605000e-01 
2.963000e-01 
1.210000e-01 
1.235000e-01 
2.716000e-01 
3.951000e-01 
3.580000e-01 
5.926000e-01 
2.593000e-01 
1.605000e-01 
1.210000e-01 
1.728000e-01 
2.988000e-01 
1.802000e-01 
1.975000e-01 
1.852000e-01 
2.716000e-01 
8.148000e-01 
2.099000e-01 
4.198000e-01 
3.333000e-01 
4.074000e-01 
2.790000e-01 
1.728000e-01 
3.827000e-01 
2.198000e-01 
3.333000e-01 
2.716000e-01 
2.988000e-01 
4.691000e-01 
4.568000e-01 
5.679000e-01 
7.160000e-01 
2.840000e-01 
1.728000e-01 
4.198000e-01 
6.667000e-01 
1.605000e-01 
2.840000e-01 
4.074000e-01 
7.160000e-01 
3.333000e-01 
2.346000e-01 
3.457000e-01 
8.148000e-01 
2.346000e-01 
5.185000e-01 
3.704000e-01 
4.444000e-01 
3.333000e-01 
2.469000e-01 
2.963000e-01 
4.198000e-01 
6.914000e-01 
9.012000e-01 
3.827000e-01 
4.938000e-01 
2.469000e-01 
5.062000e-01 
4.938000e-01 
2.840000e-01 
3.457000e-01 
6.914000e-01 
3.086000e-01 
4.815000e-01 
2.099000e-01 
2.716000e-01 
4.198000e-01 
8.148000e-01 
3.457000e-01 
6.049000e-01 
2.222000e-01 
5.679000e-01 
3.333000e-01 
1.802000e-01 
3.778000e-01 
3.951000e-01 
3.457000e-01 
5.679000e-01 
3.827000e-01 
7.160000e-01 
2.593000e-01 
2.840000e-01 
1.852000e-01 
2.346000e-01 
3.086000e-01 
4.444000e-01 
4.198000e-01 
3.580000e-01 
3.457000e-01 
2.469000e-01 
3.333000e-01 
3.975000e-01 
1.111000e-01 
1.852000e-01 
2.222000e-01 
3.333000e-01 
6.173000e-01 
2.099000e-01 
2.222000e-01 
2.840000e-01 
3.210000e-01 
3.333000e-01 
6.420000e-01 
3.210000e-01 
4.321000e-01 
3.457000e-01 
1.975000e-01 
2.099000e-01 
3.210000e-01 
1.704000e-01 
3.827000e-01 
5.556000e-01 
6.914000e-01 
4.074000e-01 
2.716000e-01 
2.840000e-01 
2.593000e-01 
2.099000e-01 
5.556000e-01 
5.556000e-01 
4.321000e-01 
1.728000e-01 
2.963000e-01 
3.704000e-01 
1.358000e-01 
3.827000e-01 
4.321000e-01 
6.049000e-01 
5.432000e-01 
2.222000e-01 
5.432000e-01 
6.049000e-01 
2.346000e-01 
1.704000e-01 
4.198000e-01 
2.346000e-01 
5.185000e-01 
3.704000e-01 
5.062000e-01 
6.049000e-01 
1.481000e-01 
3.210000e-01 
4.568000e-01 
4.444000e-01 
8.025000e-01 
2.222000e-01 
2.963000e-01 
4.568000e-01 
4.815000e-01 
4.568000e-01 
3.975000e-01 
4.321000e-01 
7.037000e-01 
4.321000e-01 
3.457000e-01 
3.827000e-01 
3.210000e-01 
3.704000e-01 
4.815000e-01 
2.222000e-01 
5.185000e-01 
2.593000e-01 
3.975000e-01 
5.185000e-01 
2.593000e-01 
6.173000e-01 
3.185000e-01 
3.086000e-01 
3.457000e-01 
4.815000e-01 
4.444000e-01 
5.432000e-01 
2.716000e-01 
2.716000e-01 
4.444000e-01 
8.395000e-01 
3.951000e-01 
4.444000e-01 
3.457000e-01 
8.519000e-01 
5.679000e-01 
5.185000e-01 
4.444000e-01 
3.778000e-01 
2.099000e-01 
2.099000e-01 
1.605000e-01 
5.926000e-01 
2.222000e-01 
5.309000e-01 
8.765000e-01 
4.568000e-01 
5.062000e-01 
3.210000e-01 
3.704000e-01 
1.852000e-01 
2.099000e-01 
4.198000e-01 
4.568000e-01 
5.062000e-01 
6.543000e-01 
4.272000e-01 
4.568000e-01 
8.765000e-01 
7.037000e-01 
6.049000e-01 
2.395000e-01 
4.691000e-01 
2.593000e-01 
1.358000e-01 
3.778000e-01 
6.543000e-01 
6.420000e-01 
7.654000e-01 
4.074000e-01 
4.444000e-01 
4.074000e-01 
4.568000e-01 
2.222000e-01 
2.593000e-01 
0 
2.593000e-01 
4.815000e-01 
3.210000e-01 
5.062000e-01 
4.815000e-01 
2.222000e-01 
3.975000e-01 
1.728000e-01 
3.951000e-01 
2.840000e-01 
4.198000e-01 
2.296000e-01 
7.901000e-01 
3.580000e-01 
3.827000e-01 
4.815000e-01 
3.827000e-01 
3.679000e-01 
7.630000e-01 
5.062000e-01 
5.926000e-01 
5.185000e-01 
6.667000e-01 
6.543000e-01 
5.160000e-01 
2.346000e-01 
4.444000e-01 
3.086000e-01 
3.333000e-01 
3.827000e-01 
7.901000e-01 
7.037000e-01 
5.654000e-01 
6.173000e-01 
4.568000e-01 
4.444000e-01 
6.296000e-01 
3.580000e-01 
5.185000e-01 
4.568000e-01 
4.815000e-01 
4.074000e-01 
4.568000e-01 
4.815000e-01 
5.679000e-01 
3.951000e-01 
2.790000e-01 
3.457000e-01 
6.543000e-01 
3.210000e-01 
4.815000e-01 
6.296000e-01 
7.407000e-01 
3.580000e-01 
4.321000e-01 
3.333000e-01 
3.827000e-01 
5.062000e-01 
4.444000e-01 
4.568000e-01 
4.272000e-01 
5.185000e-01 
5.160000e-01 
6.420000e-01 
4.568000e-01 
