9.958107e-02 
2.290772e-01 
5.505193e-02 
3.999788e-02 
5.196137e-02 
1.888667e-01 
9.190325e-02 
1.808854e-01 
1.007755e-01 
1.492879e-01 
1.647278e-01 
2.094056e-01 
1.346217e-01 
1.446428e-01 
5.731339e-02 
1.701811e-01 
1.071354e-01 
9.125159e-02 
1.286968e-01 
1.398170e-01 
1.205039e-01 
1.045586e-01 
1.394429e-01 
1.617209e-01 
1.052324e-01 
1.466667e-01 
1.988365e-01 
1.676108e-01 
1.692045e-01 
2.399979e-01 
1.781481e-01 
9.419320e-02 
1.212831e-01 
0 
8.520773e-02 
1.915844e-01 
6.752709e-02 
1.563588e-01 
1.647278e-01 
2.696608e-01 
6.881435e-02 
7.636357e-02 
1.479539e-01 
2.123913e-01 
1.614371e-01 
2.525251e-01 
2.491404e-01 
1.599968e-01 
1.442441e-01 
9.928483e-02 
1.692091e-01 
1.391014e-01 
1.359146e-01 
2.817198e-01 
1.336830e-01 
1.243609e-01 
1.101061e-01 
2.677662e-01 
1.768316e-01 
2.517147e-01 
2.529919e-01 
2.044412e-01 
2.873115e-01 
1.999958e-01 
5.376355e-02 
1.208582e-01 
1.767664e-01 
3.487144e-02 
1.221477e-01 
1.200000e-01 
2.106841e-01 
2.787876e-01 
1.879573e-01 
1.709792e-01 
1.232896e-01 
1.279990e-01 
8.848073e-02 
8.000317e-02 
1.359079e-01 
2.607390e-01 
1.580043e-01 
1.446460e-01 
2.060230e-01 
2.890309e-01 
1.034914e-01 
1.952228e-01 
1.607539e-01 
9.333228e-02 
1.651569e-01 
6.666455e-02 
9.419151e-02 
1.670020e-01 
1.621479e-01 
9.333333e-02 
1.682630e-01 
1.230315e-01 
2.335501e-01 
1.030254e-01 
2.576355e-01 
2.666540e-01 
1.759146e-01 
2.911828e-01 
1.488177e-01 
2.746670e-01 
8.257903e-02 
2.184948e-01 
1.209128e-01 
1.730997e-01 
1.549024e-01 
2.239962e-01 
1.047787e-01 
1.979793e-01 
1.147743e-01 
1.733333e-01 
1.728596e-01 
1.466582e-01 
1.634417e-01 
2.266641e-01 
1.726283e-01 
2.101960e-01 
9.419059e-02 
1.437031e-01 
1.009185e-01 
1.949663e-01 
1.486126e-01 
1.701684e-01 
2.180657e-01 
2.970953e-01 
1.650666e-01 
1.847132e-01 
1.842716e-01 
1.992134e-01 
1.597321e-01 
2.670969e-01 
1.496725e-01 
2.933302e-01 
2.682940e-01 
1.145086e-01 
1.684142e-01 
1.901084e-01 
1.372053e-01 
2.528662e-01 
1.048021e-01 
2.400000e-01 
9.634483e-02 
1.550225e-01 
9.120222e-02 
1.208604e-01 
1.926761e-01 
3.672643e-01 
3.389176e-01 
1.609094e-01 
2.055928e-01 
2.736465e-01 
2.034361e-01 
1.904096e-01 
9.838923e-02 
2.133333e-01 
1.822727e-01 
1.949388e-01 
1.066667e-01 
1.191855e-01 
1.575937e-01 
1.352759e-01 
9.299741e-02 
2.049623e-01 
1.501050e-01 
1.173025e-01 
2.159146e-01 
1.321199e-01 
1.059939e-01 
1.197008e-01 
8.235197e-02 
1.681898e-01 
2.780171e-01 
1.199968e-01 
6.752709e-02 
7.999788e-02 
1.247385e-01 
2.307325e-01 
4.451018e-02 
5.212093e-02 
1.367750e-01 
7.733350e-02 
1.926897e-01 
1.721209e-01 
9.166273e-02 
2.399884e-01 
5.333333e-02 
1.968583e-01 
2.066518e-01 
4.000000e-02 
6.324491e-02 
2.379506e-01 
7.397781e-02 
1.395122e-01 
8.920499e-02 
1.359932e-01 
1.907223e-01 
5.333333e-02 
2.187677e-01 
2.487609e-01 
1.096714e-01 
2.019470e-01 
1.092435e-01 
1.200759e-01 
1.604265e-01 
2.000000e-01 
1.914251e-01 
1.466624e-01 
8.878724e-02 
2.236988e-01 
8.257677e-02 
1.819566e-01 
1.744258e-01 
1.677988e-01 
4.085937e-02 
1.208551e-01 
8.853813e-02 
1.750510e-01 
9.292870e-02 
2.133291e-01 
1.172023e-01 
2.409652e-01 
2.379159e-01 
2.826244e-01 
6.838752e-02 
2.387876e-01 
1.306040e-01 
1.709303e-01 
1.808279e-01 
1.066646e-01 
1.359124e-01 
2.224790e-01 
1.329670e-01 
2.049583e-01 
1.634362e-01 
1.043891e-01 
2.154819e-01 
2.122556e-01 
1.772053e-01 
2.288050e-01 
2.135630e-01 
8.888795e-02 
1.892395e-01 
1.645793e-01 
1.206924e-01 
9.333333e-02 
1.333333e-01 
1.284817e-01 
2.584869e-01 
1.475229e-01 
1.478450e-01 
1.149441e-01 
3.002134e-01 
1.725166e-01 
3.482888e-01 
1.975752e-01 
2.193563e-01 
2.989261e-01 
2.176355e-01 
2.553881e-01 
2.111340e-01 
3.155384e-01 
1.626894e-01 
2.798026e-01 
3.024022e-01 
4.047304e-01 
2.000250e-01 
3.333280e-01 
1.509688e-01 
1.824492e-01 
1.550864e-01 
2.283822e-01 
2.735966e-01 
2.891546e-01 
1.889558e-01 
2.937635e-01 
3.268688e-01 
2.634304e-01 
2.477292e-01 
1.599937e-01 
2.441946e-01 
1.333312e-01 
1.730335e-01 
2.892062e-01 
2.572713e-01 
1.879467e-01 
1.603537e-01 
1.866667e-01 
2.339679e-01 
2.120351e-01 
3.024957e-01 
2.917594e-01 
1.871591e-01 
2.482930e-01 
2.030115e-01 
1.610607e-01 
2.270971e-01 
2.521156e-01 
1.367669e-01 
2.272673e-01 
2.768489e-01 
1.568248e-01 
1.901084e-01 
1.733259e-01 
9.505193e-02 
2.533302e-01 
3.175904e-01 
2.933333e-01 
1.752492e-01 
1.845315e-01 
2.842976e-01 
3.010393e-01 
5.505419e-02 
3.359880e-01 
1.967469e-01 
3.206348e-01 
2.731131e-01 
3.045315e-01 
2.903476e-01 
2.101924e-01 
1.599968e-01 
2.643132e-01 
1.414705e-01 
2.933333e-01 
2.305318e-01 
2.399937e-01 
2.339821e-01 
1.417423e-01 
1.896705e-01 
2.881020e-01 
1.957554e-01 
2.395959e-01 
1.780623e-01 
1.949010e-01 
1.918894e-01 
2.192577e-01 
1.924013e-01 
2.666667e-01 
3.144105e-01 
1.405797e-01 
1.815505e-01 
2.637003e-01 
1.926235e-01 
2.052980e-01 
2.127630e-01 
2.933249e-01 
2.331176e-01 
1.746197e-01 
2.791907e-01 
1.066656e-01 
1.429256e-01 
2.933280e-01 
1.734181e-01 
1.333333e-01 
1.786323e-01 
2.152080e-01 
2.543504e-01 
2.408865e-01 
2.367017e-01 
1.207150e-01 
