2.049568e-02 
4.109210e-01 
0 
8.286012e-02 
1.590909e-01 
1.515089e-02 
3.613107e-02 
6.818182e-02 
1.592144e-02 
0 
1.232275e-01 
2.727273e-01 
1.094171e-01 
2.201862e-02 
3.896104e-02 
1.672074e-01 
1.781603e-02 
4.545548e-02 
1.129204e-01 
1.486736e-01 
0 
2.818205e-02 
1.363543e-01 
5.475159e-02 
9.090537e-02 
2.272727e-02 
3.944446e-01 
1.705019e-01 
2.145897e-01 
2.001461e-01 
3.030303e-02 
1.467792e-01 
0 
0 
2.201688e-02 
0 
0 
3.030303e-02 
1.331098e-01 
1.515152e-01 
6.542636e-02 
1.381397e-02 
1.110399e-01 
3.108221e-02 
1.806436e-02 
6.676103e-02 
1.212072e-01 
1.183705e-01 
6.818182e-02 
2.272727e-02 
1.486736e-01 
6.605063e-02 
3.030303e-02 
3.522533e-02 
6.307476e-02 
2.272727e-02 
0 
1.304639e-02 
2.272727e-02 
0 
6.893773e-02 
1.408258e-01 
3.030303e-02 
9.090909e-02 
6.818182e-02 
0 
4.545455e-02 
0 
3.030055e-02 
0 
2.013882e-01 
5.876909e-02 
8.449610e-02 
0 
1.637805e-01 
1.212121e-01 
4.474229e-02 
4.403375e-02 
4.621231e-02 
7.300212e-02 
3.030055e-02 
4.545455e-02 
6.060606e-02 
4.545455e-02 
3.030303e-02 
4.545455e-02 
0 
0 
6.060606e-02 
6.060110e-02 
0 
9.435166e-02 
0 
2.272727e-02 
6.818182e-02 
8.419398e-02 
2.272727e-02 
2.121212e-01 
4.403375e-02 
1.782662e-01 
1.212121e-01 
3.030303e-02 
9.090909e-02 
1.840915e-01 
8.323538e-02 
1.363599e-01 
2.389351e-01 
1.363636e-01 
1.768454e-01 
1.972175e-01 
8.877790e-02 
1.480024e-01 
1.701983e-01 
1.767047e-01 
2.777835e-01 
1.515152e-01 
8.219671e-02 
1.003274e-01 
9.090909e-02 
9.090165e-02 
1.808710e-01 
6.005997e-02 
1.212121e-01 
2.690447e-01 
8.219522e-02 
7.738063e-02 
1.467792e-01 
3.267030e-01 
2.444450e-01 
2.685510e-01 
1.618063e-01 
1.818083e-01 
2.272727e-01 
1.744272e-01 
1.203698e-01 
2.427618e-01 
2.246729e-01 
2.954545e-01 
1.058425e-01 
1.136364e-01 
9.891936e-02 
1.576683e-01 
1.818182e-01 
2.536993e-01 
1.173442e-01 
1.212121e-01 
4.000015e-01 
2.727049e-01 
2.535811e-01 
2.272727e-02 
1.107948e-01 
1.914557e-01 
1.955245e-01 
2.258950e-01 
1.604213e-01 
1.823917e-01 
3.352259e-01 
1.212121e-01 
0 
6.060606e-02 
2.272727e-02 
2.201688e-02 
0 
0 
4.474415e-02 
0 
0 
2.272727e-02 
1.158633e-01 
6.060606e-02 
4.545455e-02 
9.090909e-02 
2.935816e-02 
2.348504e-02 
2.121212e-01 
3.030303e-02 
1.212072e-01 
0 
3.030303e-02 
2.683948e-02 
4.474415e-02 
1.185328e-01 
6.060606e-02 
1.343578e-01 
1.810985e-01 
4.545455e-02 
0 
3.030303e-02 
3.131339e-02 
1.304318e-01 
7.555572e-02 
8.948830e-02 
1.496208e-01 
9.090909e-02 
1.063034e-01 
3.030303e-02 
3.030303e-02 
2.024143e-01 
2.348305e-02 
3.844674e-01 
1.136364e-01 
8.890484e-02 
1.190911e-01 
1.782662e-01 
6.817996e-02 
1.259293e-01 
1.024586e-01 
0 
2.272541e-02 
6.060606e-02 
7.668227e-02 
1.590909e-01 
9.090909e-02 
1.136364e-01 
1.136364e-01 
2.000572e-01 
6.818182e-02 
1.363562e-01 
1.477175e-01 
1.811078e-01 
1.136364e-01 
1.136345e-01 
2.222563e-02 
5.698134e-02 
8.831258e-02 
1.467792e-01 
2.201688e-02 
6.060606e-02 
9.090909e-02 
1.590909e-01 
3.131604e-02 
2.272727e-02 
7.457014e-02 
2.106998e-01 
1.037785e-01 
2.024770e-01 
7.522314e-02 
9.356649e-02 
9.214463e-02 
1.212072e-01 
9.166314e-02 
1.818145e-01 
1.185063e-01 
1.825759e-01 
1.363636e-01 
1.136364e-01 
6.676103e-02 
1.363636e-01 
1.107948e-01 
2.717801e-01 
1.818182e-01 
1.183705e-01 
1.561127e-01 
1.548266e-01 
9.090909e-02 
1.363636e-01 
2.856871e-01 
1.136364e-01 
3.196924e-01 
2.926130e-01 
2.045436e-01 
1.212047e-01 
2.727273e-01 
3.373571e-01 
2.132604e-01 
1.818132e-01 
9.090909e-02 
2.351715e-01 
1.456480e-01 
3.333333e-01 
2.131364e-01 
1.212121e-01 
1.669770e-01 
4.545455e-02 
1.590909e-01 
1.704545e-01 
1.546155e-01 
3.224218e-01 
1.363581e-01 
2.272727e-01 
2.045455e-01 
2.121212e-01 
1.736182e-01 
2.600983e-01 
1.818182e-01 
3.048381e-01 
2.515155e-01 
3.107704e-01 
4.517039e-01 
4.550411e-01 
2.258519e-01 
3.939245e-01 
3.979709e-01 
1.818182e-01 
1.584563e-01 
1.136364e-01 
1.515152e-01 
1.085218e-01 
2.045436e-01 
4.242424e-01 
2.727273e-01 
1.576701e-01 
1.848493e-01 
3.181818e-01 
2.226079e-01 
1.714511e-01 
2.038351e-01 
1.136364e-01 
2.822211e-01 
2.603607e-01 
2.272727e-01 
2.727273e-01 
1.803974e-01 
5.454545e-01 
5.066244e-01 
2.904818e-01 
3.101238e-01 
5.860280e-01 
2.727198e-01 
3.558220e-01 
2.258466e-01 
2.500037e-01 
1.335221e-01 
1.959085e-01 
2.914460e-01 
2.999960e-01 
2.727248e-01 
3.930532e-01 
1.811078e-01 
1.363636e-01 
1.679624e-01 
2.865573e-01 
3.626892e-01 
2.632556e-01 
3.323861e-01 
1.927098e-01 
3.882389e-01 
1.477264e-01 
2.424267e-01 
2.141419e-01 
1.393947e-01 
2.444450e-01 
2.281656e-01 
3.030303e-01 
2.960942e-01 
1.205756e-01 
1.510675e-01 
1.868664e-01 
3.408998e-01 
4.848485e-01 
3.030303e-01 
1.349428e-01 
1.496250e-01 
4.050793e-01 
2.201688e-02 
2.869298e-01 
1.193128e-01 
1.212121e-01 
2.045455e-01 
9.090661e-02 
2.736596e-01 
1.020490e-01 
