1.567143e-01 
2.990648e-01 
1.905696e-01 
2.377200e-01 
1.573210e-01 
2.325213e-01 
1.897865e-01 
1.353424e-01 
9.734486e-02 
3.334125e-01 
2.870345e-01 
2.825414e-01 
1.571539e-01 
2.004964e-01 
8.400708e-02 
1.756342e-01 
1.196550e-01 
1.351840e-01 
1.583138e-01 
2.232241e-01 
2.678339e-01 
2.884998e-01 
1.838532e-01 
3.058124e-01 
1.585868e-01 
1.301932e-01 
3.176661e-01 
2.795706e-01 
3.043689e-01 
2.629873e-01 
4.246419e-02 
2.859368e-01 
1.270481e-01 
9.429329e-02 
1.976745e-01 
7.940508e-02 
1.231613e-01 
1.325823e-01 
1.088488e-01 
2.631791e-01 
2.701040e-01 
3.083628e-01 
1.232522e-01 
1.307358e-01 
2.467500e-01 
1.988768e-01 
1.429291e-01 
1.714649e-01 
3.293413e-01 
9.528609e-02 
1.746912e-01 
1.431074e-01 
8.753930e-02 
9.432338e-02 
1.998347e-01 
6.749893e-02 
1.667507e-01 
1.265491e-01 
9.379689e-02 
1.419311e-01 
8.867255e-02 
6.256135e-02 
4.309554e-02 
1.814493e-01 
9.528479e-02 
5.837423e-02 
1.409409e-01 
2.476430e-01 
1.104892e-01 
1.255537e-01 
1.235571e-01 
7.791588e-02 
2.925886e-01 
1.106707e-01 
1.614268e-01 
2.012815e-01 
1.893668e-01 
3.881186e-01 
1.265517e-01 
1.741948e-01 
2.277067e-01 
9.400248e-02 
2.858583e-01 
1.546054e-01 
1.111645e-01 
5.520534e-02 
1.111671e-01 
4.764305e-02 
2.037620e-01 
2.049640e-01 
1.939383e-01 
1.270481e-01 
9.528609e-02 
1.424327e-01 
6.302766e-02 
1.647827e-01 
8.039201e-02 
2.029845e-01 
1.278551e-01 
2.623814e-01 
1.040588e-01 
1.919641e-01 
1.618120e-01 
3.945408e-01 
2.512931e-01 
1.187177e-01 
1.106707e-01 
2.669253e-01 
1.846402e-01 
1.226377e-01 
1.326217e-01 
2.611016e-01 
1.973738e-01 
2.472430e-01 
1.316130e-01 
2.988081e-01 
7.940508e-02 
1.007922e-01 
1.538944e-01 
1.111684e-01 
1.573246e-01 
2.350907e-01 
1.875974e-01 
2.518427e-01 
2.997420e-01 
3.398350e-01 
1.563282e-01 
4.097212e-01 
2.541424e-01 
2.382152e-01 
1.200167e-01 
2.535998e-01 
2.199320e-01 
2.299570e-01 
3.013330e-01 
3.766655e-01 
1.578213e-01 
1.583138e-01 
1.905722e-01 
2.675014e-01 
2.631179e-01 
4.094316e-01 
1.685467e-01 
7.791458e-02 
2.406437e-01 
2.843639e-01 
3.637742e-01 
3.617149e-01 
1.588134e-01 
2.346173e-01 
1.265517e-01 
2.838636e-01 
1.022328e-01 
2.913507e-01 
2.900363e-01 
3.021162e-01 
1.905683e-01 
2.034657e-01 
1.270481e-01 
7.659691e-02 
9.440942e-02 
9.230769e-02 
1.096792e-01 
6.253126e-02 
1.178085e-01 
1.667491e-01 
2.412692e-01 
2.208450e-01 
9.528609e-02 
5.597316e-02 
1.695395e-01 
1.112691e-01 
2.106301e-01 
1.905722e-01 
6.302636e-02 
1.765473e-01 
2.632370e-01 
1.192931e-01 
1.870974e-01 
1.101719e-01 
6.094914e-02 
2.039712e-01 
4.422061e-02 
1.851057e-01 
1.073186e-01 
1.888352e-01 
3.370478e-01 
2.342420e-01 
9.528609e-02 
1.265517e-01 
3.079802e-02 
2.049640e-01 
3.174334e-01 
1.064633e-01 
2.192808e-01 
2.217289e-01 
1.270481e-01 
2.188594e-01 
1.419372e-01 
1.280763e-01 
1.429252e-01 
2.362296e-01 
3.017393e-01 
2.163869e-01 
3.012660e-01 
3.538535e-01 
2.382152e-01 
7.890608e-02 
2.611991e-01 
1.494839e-01 
1.518890e-01 
9.165536e-02 
1.746912e-01 
4.526031e-01 
1.111671e-01 
1.443342e-01 
2.540871e-01 
1.270481e-01 
2.711638e-01 
2.504786e-01 
1.260316e-01 
3.008770e-01 
9.900717e-02 
2.227153e-01 
1.342236e-01 
2.526070e-01 
1.412899e-01 
1.821627e-01 
1.880902e-01 
2.188643e-01 
1.270494e-01 
2.669989e-01 
9.433851e-02 
2.358990e-01 
1.971629e-01 
2.446360e-01 
9.528609e-02 
2.034697e-01 
2.001549e-01 
3.678877e-01 
1.665783e-01 
1.880863e-01 
2.194121e-01 
3.749145e-01 
1.884006e-01 
3.043835e-01 
2.932422e-01 
2.135907e-01 
1.419339e-01 
3.798709e-01 
1.256452e-01 
2.572790e-01 
1.554822e-01 
2.862564e-01 
1.789425e-01 
3.334948e-01 
2.738377e-01 
7.741704e-02 
2.640241e-01 
2.083510e-01 
2.997495e-01 
2.742430e-01 
2.080365e-01 
3.970241e-01 
4.107385e-01 
2.244304e-01 
2.498947e-01 
2.344944e-01 
2.526388e-01 
3.312702e-01 
1.583164e-01 
2.828747e-01 
2.877740e-01 
2.163774e-01 
1.999790e-01 
2.382152e-01 
1.197581e-01 
2.319373e-01 
2.901191e-01 
1.711319e-01 
1.548690e-01 
1.908222e-01 
3.344837e-01 
3.168255e-01 
1.271216e-01 
1.822705e-01 
2.223342e-01 
2.670054e-01 
4.247084e-01 
3.930542e-01 
3.111904e-01 
2.538899e-01 
1.492830e-01 
2.913469e-01 
2.155632e-01 
1.728753e-01 
2.954657e-01 
3.002501e-01 
3.133287e-01 
2.194943e-01 
1.192336e-01 
2.391306e-01 
2.931602e-01 
2.010831e-01 
2.893053e-01 
2.241551e-01 
4.240188e-01 
3.017213e-01 
1.302867e-01 
2.034748e-01 
4.337725e-01 
4.446684e-01 
2.127515e-01 
3.372340e-01 
3.176203e-01 
3.801399e-01 
4.033334e-01 
2.626756e-01 
3.058860e-01 
2.641087e-01 
2.010806e-01 
4.342440e-01 
2.848655e-01 
3.093608e-01 
4.582635e-01 
2.181867e-01 
1.731981e-01 
3.594793e-01 
1.111671e-01 
2.655097e-01 
1.438206e-01 
3.890830e-01 
2.769231e-01 
2.808943e-01 
2.049640e-01 
4.361022e-01 
1.833122e-01 
3.215082e-01 
5.017393e-01 
3.330687e-01 
1.598829e-01 
2.674953e-01 
2.341449e-01 
3.131515e-01 
2.064532e-01 
4.079307e-01 
2.792398e-01 
4.913646e-01 
2.615898e-01 
2.858583e-01 
2.382126e-01 
2.254645e-01 
2.739794e-01 
2.433162e-01 
1.885902e-01 
3.110281e-01 
2.062653e-01 
1.905722e-01 
1.375404e-01 
1.861046e-01 
1.405692e-01 
2.188594e-01 
