7.617776e-02 
4.440823e-02 
1.826873e-01 
0 
4.166667e-02 
1.343196e-01 
1.628530e-01 
1.640619e-01 
4.166667e-02 
1.853711e-01 
1.640619e-01 
0 
4.166667e-02 
1.236976e-01 
1.487656e-01 
2.083333e-02 
1.699484e-02 
6.250000e-02 
2.499966e-01 
1.666667e-01 
2.641681e-01 
1.250000e-01 
2.125011e-01 
1.102421e-01 
8.332992e-02 
2.083333e-01 
1.631581e-01 
7.541782e-02 
8.332992e-02 
1.511628e-01 
4.166667e-02 
0 
0 
0 
3.914083e-02 
4.166667e-02 
0 
8.244437e-02 
0 
2.083333e-01 
4.166667e-02 
1.062505e-01 
2.916564e-01 
9.450653e-02 
1.250000e-01 
1.666667e-01 
0 
1.666667e-01 
4.305226e-02 
0 
0 
1.032041e-01 
4.036427e-02 
4.166667e-02 
4.166667e-02 
1.237008e-01 
3.684778e-01 
4.166667e-02 
8.203094e-02 
8.203414e-02 
0 
0 
0 
4.166667e-02 
8.333333e-02 
1.666598e-01 
4.166667e-02 
4.166667e-02 
3.914083e-02 
0 
4.166667e-02 
7.435396e-02 
1.073819e-01 
7.478681e-02 
1.210928e-01 
2.473986e-01 
2.083333e-01 
4.986976e-01 
5.761881e-02 
1.694427e-01 
0 
1.627595e-01 
4.166667e-02 
0 
4.166667e-02 
4.166667e-02 
1.148355e-01 
1.134251e-01 
4.036427e-02 
2.460928e-01 
0 
1.249966e-01 
0 
5.797595e-02 
0 
8.072855e-02 
8.333333e-02 
1.666667e-01 
1.250000e-01 
4.166667e-02 
8.080750e-02 
8.333333e-02 
0 
7.754507e-02 
0 
8.472257e-02 
8.333333e-02 
1.666598e-01 
1.820377e-01 
1.680559e-01 
1.176349e-01 
4.166667e-02 
1.139766e-01 
2.083333e-01 
1.653609e-01 
4.166667e-02 
7.754507e-02 
8.698866e-02 
4.166667e-02 
6.798089e-02 
0 
6.355524e-02 
2.500000e-01 
8.203414e-02 
0 
2.268470e-01 
4.036107e-02 
4.166667e-02 
2.583223e-02 
2.460894e-01 
4.166667e-02 
0 
4.612798e-02 
1.249966e-01 
0 
1.947457e-01 
0 
0 
4.044494e-01 
0 
1.263892e-01 
2.070277e-01 
8.072855e-02 
1.666633e-01 
6.284073e-02 
7.754507e-02 
8.333333e-02 
4.036427e-02 
1.666633e-01 
2.083231e-01 
9.231790e-02 
1.847790e-01 
1.223952e-01 
2.019724e-01 
1.250000e-01 
1.666667e-01 
1.250000e-01 
1.249966e-01 
8.332651e-02 
0 
4.166667e-02 
0 
0 
4.166667e-02 
2.083248e-02 
0 
7.036980e-02 
0 
1.058966e-01 
0 
2.460894e-01 
4.036427e-02 
4.613008e-02 
1.461741e-01 
4.166325e-02 
2.083402e-01 
1.666667e-01 
4.166667e-02 
0 
0 
3.914083e-02 
2.460826e-01 
4.166667e-02 
0 
5.027748e-01 
2.474742e-01 
8.129906e-02 
8.202753e-02 
8.341654e-02 
8.203094e-02 
4.166667e-02 
4.166667e-02 
5.871125e-02 
8.072855e-02 
8.863566e-02 
1.250000e-01 
3.075385e-02 
0 
8.333333e-02 
7.478681e-02 
7.835365e-02 
1.250000e-01 
3.307285e-01 
1.250000e-01 
4.166667e-02 
8.072855e-02 
4.166667e-02 
1.250000e-01 
1.126890e-01 
8.332651e-02 
8.620765e-02 
1.250000e-01 
1.236976e-01 
2.070309e-01 
2.083333e-01 
4.166667e-02 
1.431566e-01 
4.166667e-02 
1.045074e-01 
1.017852e-01 
1.250000e-01 
4.809989e-01 
1.258921e-01 
1.197915e-01 
4.166667e-02 
0 
4.166667e-02 
2.083299e-01 
1.360551e-01 
1.249898e-01 
1.616082e-01 
0 
1.386295e-01 
1.861976e-01 
1.042092e-01 
1.787892e-01 
1.250000e-01 
1.205973e-01 
1.458291e-01 
1.936207e-01 
1.666598e-01 
5.843345e-02 
4.036427e-02 
3.750000e-01 
1.871934e-02 
2.057285e-01 
0 
2.040827e-01 
1.666667e-01 
2.127967e-01 
8.333333e-02 
1.885154e-01 
9.984451e-02 
1.188992e-01 
8.333333e-02 
8.203414e-02 
1.114108e-01 
1.193011e-01 
2.944451e-01 
6.699228e-02 
4.166667e-02 
1.236942e-01 
1.410206e-01 
2.486976e-01 
8.333333e-02 
1.666667e-01 
2.083299e-01 
4.036427e-02 
8.333675e-02 
7.242051e-02 
4.166667e-02 
8.333333e-02 
2.916598e-01 
8.333333e-02 
4.166325e-02 
8.072855e-02 
2.117407e-02 
8.333333e-02 
4.166667e-02 
8.333333e-02 
4.036427e-02 
4.056348e-01 
8.203094e-02 
1.305219e-01 
1.598630e-01 
2.500000e-01 
4.166667e-02 
4.166667e-02 
1.249966e-01 
4.166667e-02 
2.031238e-01 
8.333333e-02 
3.333265e-01 
1.224742e-01 
1.493595e-01 
0 
1.238137e-01 
1.250000e-01 
0 
1.593688e-01 
0 
1.482185e-01 
4.166667e-02 
1.666667e-01 
8.333333e-02 
2.500000e-01 
8.333333e-02 
1.249966e-01 
3.311799e-02 
8.333333e-02 
6.031490e-02 
1.223897e-01 
1.249966e-01 
1.666667e-01 
3.229193e-02 
3.914083e-02 
8.333333e-02 
0 
4.036427e-02 
4.036427e-02 
4.531858e-02 
2.083333e-02 
8.333333e-02 
1.666667e-01 
8.333333e-02 
2.935562e-02 
0 
1.653643e-01 
1.019026e-01 
2.019793e-01 
1.694451e-01 
1.666667e-01 
8.333333e-02 
0 
1.236974e-01 
2.083333e-01 
4.036427e-02 
1.606013e-01 
0 
1.073566e-01 
0 
1.250000e-01 
1.277712e-01 
1.323888e-01 
1.065608e-01 
2.044227e-01 
1.666667e-01 
1.096929e-01 
8.080449e-02 
8.333333e-02 
8.333333e-02 
6.300435e-02 
1.666667e-01 
1.640619e-01 
8.333333e-02 
1.640619e-01 
1.249966e-01 
7.965604e-02 
0 
4.166667e-02 
8.333333e-02 
6.981704e-02 
