1.587101e-01 
2.216084e-01 
2.711681e-01 
1.657101e-01 
2.112992e-01 
1.028944e-01 
1.518504e-01 
1.553784e-01 
2.000391e-01 
1.283580e-01 
1.465714e-01 
2.014678e-01 
1.335767e-01 
2.308675e-01 
1.672075e-01 
1.938159e-01 
1.768232e-01 
1.422691e-01 
1.710058e-01 
1.527231e-01 
2.023589e-01 
2.387683e-01 
1.836406e-01 
1.484180e-01 
2.472070e-01 
1.825113e-01 
1.510505e-01 
1.805887e-01 
1.958911e-01 
2.037225e-01 
1.599870e-01 
1.086525e-01 
1.657472e-01 
1.472241e-01 
1.905031e-01 
1.557134e-01 
2.467951e-01 
2.224189e-01 
9.458500e-02 
1.055751e-01 
2.188238e-01 
1.413227e-01 
2.111357e-01 
1.344103e-01 
8.373103e-02 
2.010252e-01 
2.381844e-01 
2.958110e-01 
1.698691e-01 
1.049647e-01 
2.005823e-01 
1.713257e-01 
2.219738e-01 
2.032720e-01 
1.156961e-01 
1.581002e-01 
1.833074e-01 
2.000441e-01 
1.859253e-01 
1.655199e-01 
1.667050e-01 
1.835127e-01 
1.542538e-01 
1.578737e-01 
1.837636e-01 
1.901376e-01 
1.136070e-01 
2.194087e-01 
7.743705e-02 
1.685317e-01 
1.018574e-01 
2.551954e-01 
1.383660e-01 
2.061773e-01 
2.026615e-01 
1.336802e-01 
2.261807e-01 
2.280959e-01 
2.157080e-01 
1.632719e-01 
1.924041e-01 
1.637463e-01 
1.355172e-01 
8.241359e-02 
1.630914e-01 
1.716566e-01 
1.823106e-01 
1.853872e-01 
1.723667e-01 
1.887059e-01 
3.541442e-01 
1.508132e-01 
9.077397e-02 
1.825539e-01 
1.300082e-01 
1.695896e-01 
1.842879e-01 
9.819255e-02 
2.290822e-01 
1.781898e-01 
2.485983e-01 
1.105216e-01 
2.144377e-01 
2.633316e-01 
1.067995e-01 
1.429781e-01 
1.589035e-01 
2.154914e-01 
2.501668e-01 
1.654360e-01 
1.935933e-01 
2.245186e-01 
1.323961e-01 
2.072069e-01 
1.908269e-01 
6.402770e-02 
1.446927e-01 
2.379586e-01 
1.999597e-01 
1.613481e-01 
1.874505e-01 
2.610454e-01 
1.772724e-01 
1.879977e-01 
1.723984e-01 
1.212974e-01 
2.178085e-01 
1.480552e-01 
1.229101e-01 
1.887557e-01 
1.905839e-01 
1.544640e-01 
2.485156e-01 
2.392669e-01 
2.830809e-01 
1.318871e-01 
1.276396e-01 
1.032506e-01 
1.607835e-01 
1.742363e-01 
1.744546e-01 
1.485409e-01 
1.313934e-01 
2.081152e-01 
1.408609e-01 
2.359851e-01 
1.839148e-01 
1.646816e-01 
2.172226e-01 
1.139457e-01 
2.663856e-01 
1.764544e-01 
1.388745e-01 
1.914461e-01 
1.190273e-01 
2.232184e-01 
2.344639e-01 
1.296096e-01 
1.585302e-01 
2.006090e-01 
1.535721e-01 
2.523901e-01 
2.079642e-01 
1.682861e-01 
1.719896e-01 
1.836128e-01 
1.179885e-01 
1.872400e-01 
1.751473e-01 
1.731238e-01 
2.084837e-01 
1.008830e-01 
1.425227e-01 
1.897243e-01 
1.180977e-01 
1.763734e-01 
1.677831e-01 
1.773569e-01 
1.701020e-01 
1.903693e-01 
1.512008e-01 
1.431462e-01 
2.025073e-01 
2.085350e-01 
2.187426e-01 
2.823246e-01 
2.839407e-01 
1.890092e-01 
2.564172e-01 
1.230610e-01 
2.279490e-01 
1.383874e-01 
2.243051e-01 
1.226079e-01 
1.000264e-01 
1.419661e-01 
1.267443e-01 
1.845616e-01 
2.313574e-01 
1.289263e-01 
2.226311e-01 
1.796998e-01 
1.994164e-01 
1.519231e-01 
2.463620e-01 
2.156261e-01 
1.898582e-01 
1.039850e-01 
1.869760e-01 
1.411589e-01 
1.416540e-01 
1.421305e-01 
2.839291e-01 
1.580981e-01 
2.592069e-01 
2.917373e-01 
1.732984e-01 
2.177177e-01 
1.656627e-01 
1.021418e-01 
1.815491e-01 
2.531724e-01 
2.027635e-01 
1.921459e-01 
1.644811e-01 
1.862327e-01 
1.546261e-01 
1.619521e-01 
1.973848e-01 
1.644413e-01 
2.430610e-01 
2.568425e-01 
2.017699e-01 
1.533264e-01 
1.877748e-01 
1.669377e-01 
1.690749e-01 
1.710097e-01 
2.104995e-01 
1.528886e-01 
2.230502e-01 
8.920598e-02 
1.585784e-01 
1.455560e-01 
1.273225e-01 
1.874264e-01 
1.882715e-01 
1.355963e-01 
1.957097e-01 
1.548768e-01 
1.516502e-01 
1.415077e-01 
1.694769e-01 
1.853532e-01 
1.627578e-01 
1.009488e-01 
1.340402e-01 
1.674196e-01 
1.200233e-01 
1.192479e-01 
1.290611e-01 
2.064193e-01 
1.341033e-01 
2.012325e-01 
2.009956e-01 
1.455810e-01 
8.370720e-02 
2.075929e-01 
1.872285e-01 
2.615697e-01 
1.661663e-01 
1.982328e-01 
1.190816e-01 
1.573728e-01 
2.106144e-01 
1.014161e-01 
3.974442e-01 
1.358837e-01 
2.281745e-01 
1.713756e-01 
1.381386e-01 
1.241218e-01 
2.245474e-01 
1.677831e-01 
2.710288e-01 
1.968225e-01 
1.762506e-01 
2.638399e-01 
2.554400e-01 
2.468861e-01 
1.824374e-01 
1.900354e-01 
1.667941e-01 
2.296929e-01 
1.594212e-01 
1.884571e-01 
2.590322e-01 
2.221709e-01 
2.094446e-01 
1.958103e-01 
2.032705e-01 
2.596301e-01 
1.611811e-01 
1.711561e-01 
1.579874e-01 
2.903939e-01 
2.450542e-01 
1.208693e-01 
2.000491e-01 
1.968188e-01 
2.227437e-01 
1.785689e-01 
1.435925e-01 
2.027635e-01 
1.918755e-01 
2.139608e-01 
2.292843e-01 
2.199122e-01 
2.051540e-01 
1.618342e-01 
1.670756e-01 
1.292063e-01 
1.520541e-01 
1.589780e-01 
1.464098e-01 
2.097289e-01 
2.298267e-01 
1.795363e-01 
2.258590e-01 
2.401881e-01 
1.817094e-01 
3.167047e-01 
2.046870e-01 
1.675784e-01 
1.548728e-01 
1.349212e-01 
1.484220e-01 
2.299923e-01 
2.182627e-01 
1.645518e-01 
1.622418e-01 
1.482541e-01 
2.044852e-01 
1.450427e-01 
1.196254e-01 
2.570504e-01 
1.897568e-01 
1.663580e-01 
1.193781e-01 
1.528778e-01 
2.111259e-01 
2.355417e-01 
1.696976e-01 
1.608669e-01 
1.616748e-01 
2.523517e-01 
2.120897e-01 
1.292100e-01 
1.484236e-01 
2.076164e-01 
1.969804e-01 
2.260614e-01 
