2.046838e-01 
1.713883e-01 
3.403312e-01 
3.230726e-01 
2.381853e-01 
2.796811e-01 
2.227350e-01 
2.942230e-01 
1.250009e-01 
1.806830e-01 
1.371120e-01 
1.297812e-01 
3.034152e-01 
2.000015e-01 
1.642426e-01 
1.865441e-01 
1.178880e-01 
1.909114e-01 
1.321509e-01 
1.894550e-01 
2.339233e-01 
2.772304e-01 
3.272802e-01 
1.864520e-01 
1.272772e-01 
2.363666e-01 
2.169256e-01 
1.815820e-01 
2.897356e-01 
2.692688e-01 
1.090969e-01 
2.279189e-01 
9.091207e-02 
2.558250e-01 
1.454575e-01 
1.229366e-01 
8.920563e-02 
1.233568e-01 
2.814231e-01 
1.431843e-01 
1.636438e-01 
2.436049e-01 
2.999331e-01 
2.913601e-01 
1.448862e-01 
1.265797e-01 
1.567268e-01 
2.489308e-01 
1.625042e-01 
2.181833e-01 
1.636364e-01 
1.615484e-01 
2.346587e-01 
1.177368e-01 
1.600041e-01 
1.477683e-01 
9.091356e-02 
1.225108e-01 
1.513342e-01 
2.694326e-01 
2.727273e-01 
3.250039e-01 
4.861481e-02 
9.091356e-02 
6.479324e-02 
5.454843e-02 
9.130546e-02 
5.454843e-02 
5.397714e-02 
3.636513e-02 
2.181878e-01 
2.346676e-01 
2.391257e-01 
2.843761e-01 
3.778578e-01 
2.698927e-01 
2.181908e-01 
2.147776e-01 
1.090924e-01 
1.454575e-01 
1.910823e-01 
1.977368e-01 
5.195589e-01 
2.363681e-01 
1.272802e-01 
1.250037e-01 
1.714327e-01 
1.567274e-01 
1.197354e-01 
2.517039e-01 
2.545455e-01 
1.818182e-01 
2.381768e-01 
2.710223e-01 
1.584506e-01 
1.368108e-01 
2.247466e-01 
3.272787e-01 
2.007614e-01 
2.660293e-01 
1.800935e-01 
1.546945e-01 
1.272802e-01 
1.366753e-01 
1.944921e-01 
2.825739e-01 
1.924270e-01 
2.303140e-01 
2.699236e-01 
2.670525e-01 
2.363681e-01 
1.545484e-01 
1.461438e-01 
3.773720e-01 
3.284297e-01 
2.181818e-01 
4.505818e-01 
1.428626e-01 
1.770962e-01 
2.425832e-01 
3.403523e-01 
1.812602e-01 
1.973841e-01 
3.602423e-01 
2.164828e-01 
1.636423e-01 
8.977544e-02 
2.264768e-01 
1.091187e-01 
3.034137e-01 
2.081409e-01 
2.363636e-01 
2.120033e-01 
2.159171e-01 
2.376326e-01 
2.181878e-01 
2.147719e-01 
1.481652e-01 
1.642326e-01 
2.358042e-01 
2.664884e-01 
2.606770e-01 
2.363741e-01 
2.346718e-01 
1.583845e-01 
2.056603e-01 
2.105333e-01 
3.454650e-01 
1.749100e-01 
2.638730e-01 
1.103063e-01 
3.355527e-01 
3.090998e-01 
1.954646e-01 
3.454441e-01 
1.818226e-01 
2.292985e-01 
2.147747e-01 
7.272876e-02 
2.322544e-01 
1.272802e-01 
1.812528e-01 
1.630709e-01 
1.068176e-01 
2.375761e-01 
2.134602e-01 
1.124364e-01 
1.613687e-01 
2.889368e-01 
3.051133e-01 
2.363741e-01 
1.865989e-01 
1.745962e-01 
9.821717e-02 
1.278850e-01 
3.091132e-01 
1.074905e-01 
2.324932e-01 
2.728153e-01 
2.499989e-01 
2.147803e-01 
2.000015e-01 
3.034787e-01 
1.752562e-01 
2.080017e-01 
3.062538e-01 
2.698961e-01 
2.558093e-01 
1.636379e-01 
2.505745e-01 
2.137259e-01 
1.261389e-01 
2.704596e-01 
1.422453e-01 
1.437496e-01 
2.148753e-01 
3.954721e-01 
1.435509e-01 
1.265692e-01 
1.812922e-01 
3.307155e-01 
1.789796e-01 
2.698971e-01 
1.224793e-01 
2.545603e-01 
1.454575e-01 
1.613631e-01 
2.820697e-01 
1.988708e-01 
1.403894e-01 
1.398302e-01 
1.197002e-01 
1.015467e-01 
1.886628e-01 
2.955368e-01 
3.238804e-01 
2.594217e-01 
3.329916e-01 
2.636382e-01 
1.818241e-01 
2.220537e-01 
3.090909e-01 
1.750489e-01 
1.963964e-01 
3.001899e-01 
2.545499e-01 
1.636364e-01 
3.238688e-01 
2.909150e-01 
3.767223e-01 
4.149661e-01 
1.966016e-01 
1.052479e-01 
1.931889e-01 
1.658860e-01 
2.240191e-01 
2.181863e-01 
3.363711e-01 
1.177548e-01 
3.272727e-01 
1.915809e-01 
1.994332e-01 
2.000119e-01 
1.672144e-01 
2.162123e-01 
3.166413e-01 
2.340919e-01 
1.797103e-01 
2.034534e-01 
1.784127e-01 
1.630785e-01 
2.330137e-01 
1.673629e-01 
2.900175e-01 
1.886893e-01 
1.437583e-01 
2.385357e-01 
2.181818e-01 
1.983052e-01 
1.454605e-01 
3.208725e-01 
2.741673e-01 
2.323956e-01 
2.181863e-01 
1.957783e-01 
4.182027e-01 
2.352270e-01 
1.615580e-01 
1.636364e-01 
3.090909e-01 
2.284457e-01 
2.321758e-01 
3.540294e-01 
2.476359e-01 
1.820323e-01 
2.489856e-01 
2.181908e-01 
2.665242e-01 
1.636408e-01 
2.953968e-01 
3.306116e-01 
1.937027e-01 
3.085271e-01 
2.000000e-01 
2.418838e-01 
1.227426e-01 
1.812499e-01 
1.270141e-01 
2.594400e-01 
3.090939e-01 
1.103080e-01 
2.170466e-01 
2.534505e-01 
2.979560e-01 
2.903438e-01 
2.880735e-01 
2.181848e-01 
2.727303e-01 
1.818182e-01 
1.255706e-01 
2.324263e-01 
3.039886e-01 
2.539771e-01 
2.193987e-01 
2.363726e-01 
1.919570e-01 
1.636468e-01 
1.849377e-01 
1.772802e-01 
2.165772e-01 
2.277598e-01 
2.422850e-01 
2.880764e-01 
2.921389e-01 
1.272757e-01 
1.272727e-01 
1.636364e-01 
2.000000e-01 
1.806888e-01 
3.636453e-01 
2.912213e-01 
1.926830e-01 
1.440974e-01 
2.313172e-01 
2.731216e-01 
1.719316e-01 
1.047932e-01 
2.363636e-01 
1.965930e-01 
1.272727e-01 
2.381912e-01 
1.780505e-01 
1.682757e-01 
1.786119e-01 
2.741255e-01 
1.734886e-01 
2.308867e-01 
3.009182e-01 
3.068299e-01 
2.523670e-01 
2.409979e-01 
2.338534e-01 
1.806845e-01 
3.272832e-01 
1.677105e-01 
1.783890e-01 
1.801160e-01 
2.000149e-01 
1.536538e-01 
2.000000e-01 
2.483103e-01 
2.704596e-01 
2.098986e-01 
2.678172e-01 
2.350585e-01 
3.454545e-01 
2.454542e-01 
2.517183e-01 
2.727347e-01 
1.625040e-01 
1.904635e-01 
2.710310e-01 
