3.273755e-01 
6.352591e-02 
2.346587e-01 
2.363636e-01 
3.525136e-01 
1.955965e-01 
1.789839e-01 
2.545440e-01 
1.636319e-01 
3.238801e-01 
1.636393e-01 
3.585285e-01 
2.764025e-01 
2.000000e-01 
1.769469e-01 
3.909816e-01 
2.405719e-01 
2.701698e-01 
1.090909e-01 
1.438499e-01 
2.909076e-01 
1.812557e-01 
1.090894e-01 
4.181818e-01 
1.830296e-01 
3.818241e-01 
1.684367e-01 
1.839988e-01 
2.194474e-01 
3.035664e-01 
1.272727e-01 
1.090909e-01 
2.158121e-01 
2.505714e-01 
3.620352e-01 
2.545365e-01 
1.642426e-01 
1.222618e-01 
2.181803e-01 
4.159085e-01 
2.181818e-01 
2.404803e-01 
1.988634e-01 
5.145991e-01 
2.449251e-01 
2.153402e-01 
2.909002e-01 
1.636364e-01 
3.797035e-01 
2.363636e-01 
3.601931e-01 
2.897725e-01 
9.268802e-02 
1.778400e-01 
3.121220e-01 
2.887047e-01 
2.753820e-01 
5.352013e-01 
2.009088e-01 
1.784094e-01 
2.358042e-01 
3.122798e-01 
3.052097e-01 
1.648520e-01 
7.159343e-02 
3.426199e-01 
2.927277e-01 
2.331544e-01 
2.478462e-01 
1.339536e-01 
1.454545e-01 
3.714250e-01 
2.181818e-01 
2.642123e-01 
3.090909e-01 
4.465890e-01 
5.263080e-01 
1.090909e-01 
1.437481e-01 
2.528405e-01 
2.181818e-01 
2.097351e-01 
2.206082e-01 
4.175804e-01 
2.653103e-01 
2.975781e-01 
1.272727e-01 
2.892071e-01 
2.710223e-01 
2.539845e-01 
1.085211e-01 
2.845426e-01 
2.909091e-01 
2.327410e-01 
1.538507e-01 
2.909091e-01 
2.224253e-01 
2.346617e-01 
1.284852e-01 
1.124187e-01 
2.545455e-01 
2.275166e-01 
2.000000e-01 
2.545425e-01 
1.085226e-01 
1.472732e-01 
1.648190e-01 
2.458668e-01 
1.625025e-01 
1.272727e-01 
1.432655e-01 
1.910861e-01 
4.554326e-01 
2.619314e-01 
1.743743e-01 
2.874992e-01 
2.369699e-01 
1.551773e-01 
1.517780e-01 
1.541799e-01 
2.880720e-01 
2.712670e-01 
1.801132e-01 
1.818122e-01 
3.452540e-01 
1.905974e-01 
1.261361e-01 
9.034077e-02 
1.965985e-01 
3.073902e-01 
1.795505e-01 
1.425055e-01 
2.181818e-01 
2.176149e-01 
2.053022e-01 
3.272697e-01 
1.749086e-01 
2.277188e-01 
1.249995e-01 
2.727273e-01 
3.366348e-01 
1.636393e-01 
6.295927e-02 
3.056924e-01 
2.164813e-01 
3.484140e-01 
1.272742e-01 
2.141088e-01 
2.387900e-01 
2.283404e-01 
8.760254e-02 
2.545455e-01 
2.000000e-01 
2.340904e-01 
3.636364e-02 
2.097226e-01 
1.737965e-01 
3.700695e-01 
1.748490e-01 
2.632034e-01 
3.272727e-01 
8.713439e-02 
4.312488e-01 
2.909091e-01 
2.512419e-01 
2.181833e-01 
1.527167e-01 
2.181818e-01 
2.883622e-01 
1.744722e-01 
2.856932e-01 
8.977395e-02 
2.000045e-01 
2.000000e-01 
1.103017e-01 
2.511356e-01 
3.198203e-01 
1.586100e-01 
2.545469e-01 
3.644395e-01 
2.018151e-01 
2.682433e-01 
2.346629e-01 
2.517094e-01 
1.320547e-01 
1.454531e-01 
3.383674e-01 
1.454545e-01 
2.407733e-01 
2.758740e-01 
2.363636e-01 
2.749440e-01 
2.181818e-01 
2.272724e-01 
3.607948e-01 
2.181818e-01 
1.836368e-01 
2.687580e-01 
2.181818e-01 
2.181818e-01 
3.443600e-01 
1.874997e-01 
2.112661e-01 
1.571276e-01 
3.023295e-01 
2.727303e-01 
1.090909e-01 
3.090909e-01 
2.227481e-01 
2.287881e-01 
3.422453e-01 
3.068173e-01 
3.454545e-01 
2.170482e-01 
5.454545e-02 
3.255678e-01 
3.636364e-01 
1.255678e-01 
2.364773e-01 
2.654425e-01 
2.522722e-01 
3.416391e-01 
2.149271e-01 
2.065438e-01 
1.392229e-01 
2.512045e-01 
2.534433e-01 
3.180126e-01 
2.177211e-01 
3.636364e-02 
1.648373e-01 
2.808059e-01 
1.815719e-01 
2.889155e-01 
1.200286e-01 
2.066345e-01 
1.443179e-01 
1.789811e-01 
1.624997e-01 
2.880675e-01 
3.080644e-01 
7.055556e-02 
2.614856e-01 
2.148753e-01 
3.017000e-01 
1.272668e-01 
1.261376e-01 
1.056810e-01 
1.636743e-01 
2.545455e-01 
5.397714e-02 
2.722464e-01 
1.837611e-01 
2.421231e-01 
2.148722e-01 
2.875681e-01 
1.625376e-01 
3.091013e-01 
2.319549e-01 
2.307520e-01 
1.630695e-01 
1.068176e-01 
1.582598e-01 
1.239701e-01 
3.062597e-01 
1.079543e-01 
2.139551e-01 
1.733956e-01 
1.454545e-01 
1.431813e-01 
2.824835e-01 
3.056894e-01 
3.390409e-01 
3.693549e-01 
2.569778e-01 
4.142036e-01 
2.096778e-01 
1.416396e-01 
1.454516e-01 
7.454305e-02 
2.181818e-01 
2.163277e-01 
1.720367e-01 
1.090909e-01 
1.787424e-01 
2.270241e-01 
1.181800e-01 
2.260734e-01 
3.090909e-01 
1.073916e-01 
1.090909e-01 
2.896681e-01 
1.636364e-01 
1.728760e-01 
2.154418e-01 
2.883222e-01 
4.481269e-01 
1.272727e-01 
1.466655e-01 
1.982950e-01 
3.257630e-01 
1.960218e-01 
1.097016e-01 
2.133791e-01 
1.200279e-01 
1.988634e-01 
1.625057e-01 
1.272727e-01 
1.654550e-01 
1.255678e-01 
2.358800e-01 
9.090909e-02 
1.560575e-01 
5.414808e-01 
7.272727e-02 
1.267044e-01 
2.363636e-01 
1.448862e-01 
1.636364e-01 
7.272727e-02 
2.200052e-01 
1.090909e-01 
1.836413e-01 
1.073902e-01 
1.636364e-01 
1.454545e-01 
2.363636e-01 
1.267058e-01 
2.694207e-01 
1.624997e-01 
2.352270e-01 
1.960562e-01 
2.564743e-01 
1.272772e-01 
2.898372e-01 
2.528405e-01 
1.796138e-01 
2.238658e-01 
1.549915e-01 
7.215896e-02 
1.636408e-01 
2.545455e-01 
3.079662e-01 
2.511356e-01 
1.871204e-01 
3.464471e-01 
1.512082e-01 
7.272727e-02 
1.711576e-01 
3.215896e-01 
3.090909e-01 
1.982950e-01 
1.818197e-01 
1.415452e-01 
2.909091e-01 
1.806784e-01 
7.454592e-02 
3.085285e-01 
1.818241e-01 
1.315916e-01 
2.127846e-01 
2.165816e-01 
