2.727363e-02 
4.884894e-01 
5.325960e-02 
0 
4.000328e-02 
3.949992e-02 
2.400000e-02 
2.815235e-02 
1.600131e-02 
4.775385e-02 
7.050345e-02 
9.446318e-02 
1.602772e-01 
1.107563e-01 
4.813598e-02 
2.006608e-02 
8.604469e-02 
7.543375e-03 
8.000655e-02 
7.284890e-02 
8.675681e-02 
4.700361e-02 
4.319956e-02 
4.800328e-02 
8.800590e-02 
1.020072e-01 
1.386581e-01 
7.589191e-02 
2.163415e-01 
7.200590e-02 
8.000000e-03 
4.065754e-03 
7.750575e-03 
2.350115e-02 
2.318986e-02 
1.600131e-02 
2.017930e-02 
0 
2.304579e-02 
8.602173e-02 
2.743846e-02 
6.375123e-02 
6.394311e-02 
1.439179e-01 
1.840111e-01 
0 
7.750575e-03 
2.400197e-02 
2.400197e-02 
5.707161e-02 
1.192589e-01 
4.800393e-02 
0 
8.000000e-03 
3.150181e-02 
2.375189e-02 
3.854762e-02 
4.000131e-02 
4.800393e-02 
1.192596e-01 
2.400197e-02 
0 
4.000164e-03 
2.236024e-02 
7.750575e-03 
5.475165e-02 
1.326203e-02 
2.375189e-02 
4.805244e-02 
5.454959e-02 
8.266712e-03 
1.040066e-01 
1.600131e-02 
1.032583e-01 
1.446661e-01 
5.994465e-02 
7.200262e-02 
4.000328e-02 
2.324988e-02 
4.775320e-02 
3.200000e-02 
4.965855e-02 
6.612061e-02 
2.400131e-02 
5.243278e-02 
3.175254e-02 
8.000655e-03 
1.600066e-02 
8.000655e-03 
2.876130e-02 
3.875288e-02 
2.000115e-02 
8.000000e-03 
0 
6.328636e-02 
1.259358e-02 
8.172064e-02 
6.753137e-02 
1.188585e-01 
1.282947e-01 
1.041394e-01 
3.706341e-02 
1.197591e-01 
1.120059e-01 
1.107588e-01 
8.244593e-02 
1.281831e-01 
4.750377e-02 
5.575254e-02 
7.267017e-02 
5.550443e-02 
6.668689e-02 
9.575320e-02 
1.178915e-01 
1.920157e-01 
1.600072e-01 
9.683932e-02 
6.300457e-02 
1.200079e-01 
1.043406e-01 
1.078889e-01 
5.550443e-02 
9.550574e-02 
9.639485e-02 
1.840138e-01 
5.600197e-02 
1.900731e-01 
1.501807e-01 
2.714847e-01 
2.310134e-01 
1.306324e-01 
1.287301e-01 
1.680098e-01 
1.051346e-01 
2.221060e-01 
9.958622e-02 
1.760046e-01 
1.085349e-01 
2.916289e-01 
9.312285e-02 
1.827647e-01 
5.730358e-02 
1.217396e-01 
1.280105e-01 
1.274479e-01 
2.905442e-02 
2.285172e-01 
2.491007e-01 
2.560210e-01 
4.800131e-02 
1.607027e-01 
5.550443e-02 
1.902688e-01 
2.000105e-01 
1.575816e-01 
1.438474e-01 
2.960151e-01 
5.354703e-02 
7.175582e-02 
4.750181e-02 
1.002484e-01 
7.000526e-02 
6.200559e-03 
3.200066e-02 
7.200459e-02 
6.941056e-02 
5.600393e-02 
1.032563e-01 
6.400066e-02 
5.525435e-02 
4.000328e-02 
1.475605e-01 
8.000655e-02 
1.162820e-01 
4.000328e-02 
3.951733e-02 
1.249427e-01 
8.358294e-02 
1.677565e-01 
5.639714e-02 
1.272602e-01 
1.600098e-01 
8.699984e-02 
3.553700e-02 
1.755143e-01 
2.400197e-02 
9.600655e-02 
1.374152e-01 
7.855024e-02 
5.575451e-02 
1.175296e-01 
1.267871e-01 
1.120072e-01 
1.520072e-01 
6.835637e-02 
7.950516e-02 
1.129646e-01 
1.110946e-01 
3.975254e-02 
1.190595e-01 
2.375189e-02 
1.115090e-01 
4.000328e-02 
3.975320e-02 
1.120039e-01 
8.625599e-02 
1.192596e-01 
2.042705e-01 
7.859435e-02 
8.625472e-02 
7.667062e-02 
7.900492e-02 
5.164535e-02 
8.800721e-02 
9.952684e-02 
8.750705e-02 
7.392417e-02 
8.750582e-02 
5.762941e-02 
1.280105e-01 
8.954163e-02 
1.272602e-01 
1.361831e-01 
1.233157e-01 
8.000655e-02 
1.200079e-01 
1.693440e-01 
5.450288e-02 
1.920157e-01 
2.125007e-01 
2.183934e-01 
1.621135e-01 
2.168020e-01 
9.882400e-02 
1.501204e-01 
1.760437e-01 
1.600131e-01 
1.112589e-01 
2.198277e-01 
1.747640e-01 
2.111692e-01 
1.105542e-01 
8.650476e-02 
4.468595e-02 
2.942612e-01 
1.040066e-01 
1.365426e-01 
1.541911e-01 
1.922776e-01 
1.680052e-01 
2.192668e-01 
9.600721e-02 
2.447155e-01 
1.373557e-01 
1.904566e-01 
1.982658e-01 
2.210174e-01 
2.570863e-01 
2.757759e-01 
1.303182e-01 
2.720164e-01 
2.450135e-01 
1.587583e-01 
3.310174e-01 
2.063285e-01 
2.215919e-01 
2.472648e-01 
1.614652e-01 
1.879369e-01 
1.338487e-01 
1.260553e-01 
4.800393e-02 
1.365648e-01 
1.277552e-01 
1.680059e-01 
1.257598e-01 
1.835452e-01 
1.355044e-01 
2.429390e-01 
1.862968e-01 
2.548893e-01 
2.900223e-01 
1.723412e-01 
1.610266e-01 
1.737611e-01 
2.196208e-01 
2.320144e-01 
2.406661e-01 
2.212097e-01 
1.735270e-01 
3.042173e-01 
2.895992e-01 
2.740661e-01 
1.156898e-01 
1.168873e-01 
1.190379e-01 
2.880210e-01 
1.920020e-01 
2.225087e-01 
2.240111e-01 
2.300184e-01 
2.800229e-01 
4.367637e-01 
1.915103e-01 
2.490822e-01 
2.482191e-01 
3.244303e-01 
1.972701e-01 
2.627614e-01 
2.648691e-01 
2.880144e-01 
1.992604e-01 
4.668253e-01 
2.720164e-01 
2.334023e-01 
4.184655e-01 
5.492884e-01 
3.608113e-01 
3.732799e-01 
2.594327e-01 
3.669376e-01 
3.360151e-01 
3.172126e-01 
3.200183e-01 
3.582756e-01 
3.132695e-01 
4.880400e-01 
2.880236e-01 
3.490182e-01 
3.952812e-01 
4.050325e-01 
3.720206e-01 
1.750121e-01 
1.907653e-01 
2.203070e-01 
1.755530e-01 
2.800203e-01 
1.952355e-01 
2.524065e-01 
2.212640e-01 
3.777068e-01 
2.232609e-01 
2.893183e-01 
1.035057e-01 
2.423542e-01 
3.040249e-01 
4.381254e-01 
3.667738e-01 
4.345603e-01 
3.280177e-01 
2.790135e-01 
3.129001e-01 
3.397916e-01 
2.993795e-01 
3.057162e-01 
2.926345e-01 
3.010154e-01 
1.368890e-01 
3.520256e-01 
1.295305e-01 
2.211057e-01 
1.841265e-01 
