5.013403e-01 
2.245938e-01 
5.027734e-01 
5.458221e-01 
4.855191e-01 
4.020370e-01 
3.999864e-01 
2.435815e-01 
1.472605e-01 
5.208197e-01 
4.307258e-01 
4.186957e-01 
5.491019e-01 
3.813582e-01 
2.995288e-01 
2.847330e-01 
2.444460e-01 
2.598441e-01 
2.291598e-01 
3.515719e-01 
1.577698e-01 
2.847967e-01 
2.132198e-01 
3.674653e-01 
2.179587e-01 
2.802995e-01 
2.879593e-01 
1.973489e-01 
2.254848e-01 
3.029448e-01 
3.861036e-01 
4.374795e-01 
2.499898e-01 
4.795230e-01 
3.844350e-01 
3.394192e-01 
2.715261e-01 
2.326723e-01 
2.523513e-01 
5.116859e-01 
2.800912e-01 
3.125000e-01 
4.765619e-01 
1.710478e-01 
2.145828e-01 
9.426110e-02 
2.823156e-01 
4.157777e-01 
3.781238e-01 
4.465999e-01 
3.671960e-01 
3.541667e-01 
2.817623e-01 
1.458248e-01 
3.704416e-01 
5.166667e-01 
2.383114e-01 
3.125000e-01 
2.291667e-01 
2.083231e-01 
3.744752e-01 
4.889681e-01 
3.098901e-01 
3.860542e-01 
2.499966e-01 
3.963369e-01 
4.851303e-01 
1.860958e-01 
3.108696e-01 
3.522097e-01 
1.328124e-01 
2.864523e-01 
4.291518e-01 
3.050321e-01 
2.933176e-01 
2.126841e-01 
1.590622e-01 
9.999454e-02 
1.773670e-01 
1.855413e-01 
3.925586e-01 
3.473938e-01 
3.512362e-01 
2.640470e-01 
4.713455e-01 
5.871125e-02 
1.508335e-01 
3.270894e-01 
2.916667e-01 
2.027024e-01 
3.704202e-01 
5.000000e-01 
2.291633e-01 
2.278675e-01 
3.515568e-01 
9.739521e-02 
2.344379e-01 
2.259022e-01 
2.240830e-01 
3.634227e-01 
2.312386e-01 
1.445243e-01 
1.962596e-01 
1.041633e-01 
1.832318e-01 
2.050705e-01 
2.499966e-01 
5.134736e-01 
2.633587e-01 
1.451753e-01 
3.541564e-01 
1.406979e-01 
2.469058e-01 
2.344391e-01 
2.206818e-01 
3.156193e-01 
2.520682e-01 
9.999454e-02 
3.835270e-01 
2.083197e-01 
2.326398e-01 
1.711301e-01 
2.220188e-01 
2.855573e-01 
2.671560e-01 
1.945204e-01 
1.263858e-01 
1.236959e-01 
1.828014e-01 
1.874932e-01 
2.792724e-01 
3.489485e-01 
2.460928e-01 
9.392037e-02 
2.385531e-01 
9.999727e-02 
1.874898e-01 
2.417629e-01 
1.875434e-01 
3.124864e-01 
1.844447e-01 
6.184539e-02 
2.463376e-01 
1.653643e-01 
1.416334e-01 
1.990133e-01 
1.451736e-01 
1.672528e-01 
2.479162e-01 
1.434519e-01 
2.083248e-01 
1.458248e-01 
2.450203e-01 
2.708333e-01 
1.825152e-01 
3.160543e-01 
2.473901e-01 
1.166653e-01 
1.824683e-01 
4.544091e-01 
2.500000e-01 
6.296757e-01 
3.124864e-01 
2.499918e-01 
4.752595e-01 
2.076753e-01 
2.146392e-01 
2.890619e-01 
1.701814e-01 
2.708265e-01 
1.464399e-01 
1.767505e-01 
2.499932e-01 
2.817705e-01 
2.752974e-01 
2.029502e-01 
3.292852e-01 
3.932200e-01 
3.312427e-01 
2.579554e-01 
4.687765e-01 
2.499836e-01 
2.989526e-01 
3.130131e-01 
1.249949e-01 
2.708333e-01 
2.527785e-01 
3.666517e-01 
4.863497e-01 
1.994749e-01 
1.155802e-01 
2.362265e-01 
5.395132e-02 
3.105464e-01 
2.621475e-01 
2.270974e-01 
3.424935e-01 
2.063797e-01 
1.895839e-01 
2.759678e-01 
1.156220e-01 
2.650408e-01 
1.458248e-01 
2.083299e-01 
1.938551e-01 
2.656248e-01 
1.458316e-01 
1.250000e-01 
2.328056e-01 
3.513786e-01 
2.178795e-01 
1.653643e-01 
1.666615e-01 
2.083333e-01 
1.068178e-01 
1.880726e-01 
8.084008e-02 
1.479213e-01 
2.083333e-01 
1.997817e-01 
2.291667e-01 
1.666650e-01 
3.007260e-01 
2.244152e-01 
3.749898e-01 
1.666633e-01 
2.319451e-01 
2.608848e-01 
3.515499e-01 
1.666667e-01 
3.777785e-01 
1.028643e-01 
1.234478e-01 
1.130120e-01 
2.476955e-01 
1.666667e-01 
3.265752e-01 
9.999591e-02 
3.333333e-01 
2.458310e-01 
3.178419e-01 
1.250397e-01 
3.048161e-01 
1.161457e-01 
2.070309e-01 
2.149815e-01 
2.682153e-01 
1.199383e-01 
2.204721e-01 
1.236976e-01 
2.291657e-01 
1.166667e-01 
2.463481e-01 
1.492204e-01 
2.708265e-01 
1.666598e-01 
1.445015e-01 
2.884107e-01 
3.577335e-01 
4.005333e-01 
1.927616e-01 
1.606856e-01 
2.063797e-01 
1.875000e-01 
3.174739e-01 
2.371685e-01 
2.411718e-01 
4.980967e-01 
3.446408e-01 
6.666394e-02 
2.568165e-01 
1.243454e-01 
1.538932e-01 
2.365202e-01 
4.409486e-01 
3.166667e-01 
5.833146e-01 
3.749966e-01 
2.916564e-01 
2.172216e-01 
1.509822e-01 
2.878844e-01 
2.631471e-01 
2.237461e-01 
1.458299e-01 
1.485223e-01 
1.966889e-01 
2.963492e-01 
3.541667e-01 
3.873630e-01 
2.037750e-01 
4.151090e-01 
2.656481e-01 
1.801403e-01 
1.875000e-01 
1.536980e-01 
1.903219e-01 
2.493488e-01 
3.333333e-01 
1.451821e-01 
2.708282e-01 
1.421329e-01 
2.382179e-01 
9.865073e-02 
7.825206e-02 
1.463198e-01 
3.999918e-01 
9.479056e-02 
2.527712e-01 
9.536939e-02 
3.624867e-01 
8.333333e-02 
9.912722e-02 
1.807886e-01 
3.124932e-01 
1.875000e-01 
1.624990e-01 
3.146607e-01 
3.416601e-01 
2.500000e-01 
1.328096e-01 
1.433419e-01 
6.722091e-02 
2.070309e-01 
2.265602e-01 
2.655211e-01 
3.017713e-01 
1.938510e-01 
3.865742e-01 
1.499973e-01 
2.122604e-01 
1.572904e-01 
3.530689e-01 
2.473952e-01 
9.999318e-02 
2.189990e-01 
2.500000e-01 
1.671693e-01 
4.812427e-01 
2.754067e-01 
2.840454e-01 
1.250000e-01 
1.999945e-01 
1.249966e-01 
2.466221e-01 
1.563849e-01 
2.210391e-01 
1.004894e-01 
2.097226e-01 
1.458265e-01 
1.062505e-01 
1.756596e-01 
1.656193e-01 
2.272063e-01 
1.156248e-01 
1.322887e-01 
4.557081e-01 
3.009845e-01 
3.819492e-01 
2.083333e-01 
3.566697e-01 
8.333265e-02 
