9.103491e-02 
2.032216e-02 
2.281894e-01 
2.054697e-01 
7.056650e-02 
6.025823e-02 
1.685687e-01 
3.823324e-01 
8.833762e-02 
9.534240e-02 
1.647003e-01 
2.128478e-01 
5.147476e-02 
0 
1.540686e-01 
3.848010e-01 
1.293632e-01 
3.136289e-02 
1.849020e-01 
5.614398e-01 
9.334957e-02 
0 
7.135077e-02 
5.174761e-01 
1.542437e-01 
0 
8.195707e-02 
4.268572e-01 
6.529799e-02 
0 
7.135077e-02 
2.352217e-02 
2.352217e-02 
1.168679e-01 
2.227081e-01 
9.528395e-02 
4.704433e-02 
9.261818e-02 
4.591686e-01 
1.382773e-01 
0 
4.365283e-01 
4.069951e-01 
1.787642e-01 
0 
9.350047e-02 
1.212124e-01 
9.119034e-02 
9.334957e-02 
4.939404e-01 
2.399250e-01 
1.624494e-01 
4.704433e-02 
1.536750e-01 
9.114046e-02 
2.026798e-01 
2.300711e-01 
1.176070e-01 
2.278692e-02 
1.646552e-01 
5.506923e-01 
1.349051e-01 
3.059295e-01 
1.472188e-01 
3.763392e-02 
4.496838e-02 
2.352255e-01 
2.094861e-01 
2.278692e-02 
3.754497e-02 
2.896084e-01 
1.349051e-01 
0 
3.057882e-01 
5.514657e-01 
2.696805e-01 
0 
1.646552e-01 
2.361932e-01 
0 
4.496838e-02 
7.056650e-02 
2.525160e-01 
1.411311e-01 
4.630536e-02 
2.352217e-02 
1.168698e-01 
4.704433e-02 
1.280635e-01 
0 
1.822954e-02 
2.315377e-01 
2.697799e-01 
2.352217e-02 
1.176070e-01 
3.341345e-01 
6.909409e-02 
9.335342e-02 
4.704433e-02 
2.246364e-01 
1.605033e-01 
0 
0 
1.727994e-01 
2.102290e-01 
1.881696e-01 
1.918827e-02 
9.413564e-02 
8.108697e-02 
2.022006e-01 
4.704433e-02 
3.152967e-01 
1.056767e-02 
6.887526e-02 
9.983920e-02 
3.374180e-01 
1.451904e-01 
4.704433e-02 
7.386630e-02 
3.528171e-01 
9.812237e-02 
2.352217e-02 
1.272311e-01 
2.438688e-01 
4.557385e-02 
1.121770e-02 
7.778060e-02 
2.269179e-01 
6.656540e-02 
1.105536e-01 
2.430438e-02 
1.411330e-01 
2.593604e-01 
2.352217e-02 
4.593470e-02 
2.587400e-01 
2.352217e-02 
0 
2.352024e-02 
3.704708e-01 
4.704048e-02 
3.727967e-02 
0 
3.528267e-01 
7.621058e-02 
0 
5.586500e-02 
1.982791e-01 
0 
9.408674e-02 
2.352217e-02 
1.981031e-01 
6.983125e-02 
1.881773e-02 
4.704433e-02 
2.728861e-01 
4.704433e-02 
8.328936e-02 
1.693596e-01 
7.056650e-02 
1.505357e-01 
4.557385e-02 
1.154051e-01 
2.977005e-01 
7.056265e-02 
1.183951e-01 
1.538342e-01 
3.697240e-01 
1.411330e-01 
7.298947e-02 
2.604190e-02 
1.563492e-01 
8.913586e-02 
0 
1.444349e-01 
0 
1.139346e-01 
1.934379e-01 
3.100934e-01 
1.142422e-01 
2.352217e-02 
6.030147e-02 
1.348612e-01 
5.593130e-02 
3.587810e-01 
5.411524e-02 
7.095121e-02 
9.408288e-02 
9.408481e-02 
1.947846e-01 
1.060421e-01 
0 
1.506583e-01 
1.176108e-01 
1.655294e-01 
2.058156e-01 
2.352024e-02 
1.758271e-01 
4.704433e-02 
2.012791e-01 
1.881773e-01 
7.056265e-02 
7.056650e-02 
2.282568e-01 
1.272311e-01 
0 
1.411311e-01 
2.116995e-01 
1.297597e-01 
1.232530e-01 
2.429698e-01 
2.445664e-01 
4.630728e-02 
0 
1.670033e-01 
7.056650e-02 
7.011061e-02 
6.190126e-02 
7.061553e-02 
1.888047e-01 
1.680881e-01 
1.048189e-01 
8.516740e-02 
7.228316e-02 
0 
0 
2.278692e-02 
2.278692e-02 
4.088370e-02 
1.646552e-01 
2.228718e-01 
4.130725e-02 
1.176108e-02 
6.566308e-02 
6.948592e-02 
9.372104e-02 
0 
1.389234e-01 
1.881773e-02 
1.129064e-01 
0 
1.176108e-01 
2.352024e-02 
2.278873e-02 
4.704433e-02 
4.704241e-02 
1.822954e-02 
9.049966e-02 
4.860876e-02 
2.352217e-02 
1.657123e-02 
1.211948e-01 
2.161951e-02 
6.524511e-02 
0 
1.881773e-01 
4.557385e-02 
2.352217e-02 
1.822954e-02 
1.427996e-01 
4.704433e-02 
2.352217e-02 
5.430334e-02 
7.221878e-02 
1.168756e-01 
4.435550e-02 
3.153332e-02 
1.002752e-01 
4.704048e-02 
7.056650e-02 
1.367107e-01 
2.352217e-02 
4.798422e-02 
9.487088e-02 
1.427506e-01 
2.500651e-01 
1.104829e-01 
0 
1.200014e-01 
2.368883e-01 
7.056361e-02 
1.646552e-01 
7.056650e-02 
4.704433e-02 
0 
0 
2.352217e-02 
7.056457e-02 
1.822954e-02 
2.352217e-02 
1.411330e-01 
2.028777e-01 
4.630909e-02 
4.557385e-02 
9.721752e-02 
1.690381e-01 
2.352217e-02 
1.671678e-01 
1.830287e-01 
2.352197e-01 
1.279246e-02 
0 
0 
1.106609e-01 
0 
9.647924e-02 
4.782860e-02 
1.411311e-01 
7.883331e-02 
8.292522e-02 
6.771467e-02 
6.836077e-02 
2.430644e-02 
1.119884e-01 
0 
2.352024e-02 
4.419250e-02 
0 
4.704433e-02 
0 
9.188294e-02 
9.408481e-02 
0 
3.597471e-02 
1.458312e-02 
1.429783e-02 
2.352217e-02 
0 
4.864147e-02 
0 
0 
2.838048e-02 
0 
1.161334e-01 
7.056650e-02 
0 
0 
1.176089e-01 
2.352217e-02 
3.586031e-02 
1.822954e-02 
4.704433e-02 
0 
0 
4.704433e-02 
1.237496e-01 
2.390688e-02 
7.056650e-02 
4.704433e-02 
2.352217e-02 
0 
0 
1.139346e-01 
6.123773e-02 
3.763392e-02 
4.289243e-02 
0 
2.352217e-02 
7.056650e-02 
6.771467e-02 
0 
0 
