1.304000e-01 
1.957000e-01 
1.087000e-01 
8.700000e-02 
4.350000e-02 
1.087000e-01 
1.413000e-01 
1.304000e-01 
2.170000e-02 
1.087000e-01 
1.304000e-01 
4.350000e-02 
1.957000e-01 
2.174000e-01 
6.520000e-02 
1.087000e-01 
8.700000e-02 
8.700000e-02 
1.522000e-01 
1.087000e-01 
8.700000e-02 
1.739000e-01 
1.304000e-01 
1.957000e-01 
1.304000e-01 
1.413000e-01 
3.043000e-01 
1.957000e-01 
1.522000e-01 
1.087000e-01 
2.391000e-01 
1.304000e-01 
8.700000e-02 
2.170000e-02 
2.170000e-02 
1.141000e-01 
0 
6.520000e-02 
2.391000e-01 
4.348000e-01 
1.739000e-01 
3.261000e-01 
8.700000e-02 
1.087000e-01 
3.260000e-02 
1.522000e-01 
1.304000e-01 
2.500000e-01 
1.739000e-01 
2.174000e-01 
2.170000e-02 
6.520000e-02 
6.520000e-02 
1.685000e-01 
3.261000e-01 
1.304000e-01 
1.087000e-01 
6.520000e-02 
8.700000e-02 
1.141000e-01 
1.522000e-01 
8.700000e-02 
4.350000e-02 
5.980000e-02 
1.141000e-01 
1.522000e-01 
8.700000e-02 
1.739000e-01 
1.522000e-01 
6.520000e-02 
1.685000e-01 
1.413000e-01 
3.478000e-01 
1.087000e-01 
1.522000e-01 
1.522000e-01 
3.478000e-01 
5.400000e-03 
1.522000e-01 
3.043000e-01 
1.087000e-01 
1.522000e-01 
2.391000e-01 
3.478000e-01 
3.043000e-01 
1.087000e-01 
2.826000e-01 
1.522000e-01 
1.522000e-01 
1.522000e-01 
4.350000e-02 
1.739000e-01 
1.304000e-01 
6.520000e-02 
1.522000e-01 
2.391000e-01 
2.826000e-01 
2.609000e-01 
1.304000e-01 
1.087000e-01 
1.522000e-01 
1.739000e-01 
1.522000e-01 
3.913000e-01 
1.957000e-01 
1.957000e-01 
1.304000e-01 
5.400000e-03 
8.700000e-02 
1.522000e-01 
1.304000e-01 
2.609000e-01 
1.739000e-01 
2.609000e-01 
2.228000e-01 
8.700000e-02 
1.087000e-01 
5.980000e-02 
8.700000e-02 
1.685000e-01 
1.739000e-01 
2.174000e-01 
4.350000e-02 
4.350000e-02 
2.174000e-01 
8.700000e-02 
1.739000e-01 
1.739000e-01 
1.957000e-01 
3.587000e-01 
1.413000e-01 
1.522000e-01 
8.700000e-02 
1.413000e-01 
1.522000e-01 
2.391000e-01 
4.130000e-01 
2.391000e-01 
3.043000e-01 
1.087000e-01 
4.350000e-02 
8.700000e-02 
1.739000e-01 
1.304000e-01 
2.174000e-01 
3.043000e-01 
5.980000e-02 
1.739000e-01 
6.520000e-02 
6.520000e-02 
1.522000e-01 
3.696000e-01 
2.609000e-01 
4.348000e-01 
2.609000e-01 
2.391000e-01 
4.350000e-02 
1.304000e-01 
2.174000e-01 
1.087000e-01 
1.957000e-01 
8.700000e-02 
8.700000e-02 
2.391000e-01 
2.174000e-01 
1.413000e-01 
8.700000e-02 
1.739000e-01 
1.685000e-01 
8.700000e-02 
1.957000e-01 
3.478000e-01 
2.391000e-01 
1.141000e-01 
3.478000e-01 
8.700000e-02 
1.522000e-01 
3.315000e-01 
2.170000e-02 
1.522000e-01 
6.520000e-02 
2.228000e-01 
1.522000e-01 
1.087000e-01 
1.141000e-01 
2.174000e-01 
2.826000e-01 
3.043000e-01 
1.522000e-01 
1.087000e-01 
1.141000e-01 
1.957000e-01 
3.261000e-01 
1.141000e-01 
4.130000e-01 
1.087000e-01 
1.304000e-01 
1.739000e-01 
2.391000e-01 
1.739000e-01 
2.174000e-01 
1.739000e-01 
1.304000e-01 
1.413000e-01 
3.261000e-01 
4.565000e-01 
1.685000e-01 
1.957000e-01 
2.826000e-01 
2.391000e-01 
1.141000e-01 
4.348000e-01 
3.696000e-01 
2.228000e-01 
1.304000e-01 
1.304000e-01 
4.783000e-01 
1.957000e-01 
2.772000e-01 
3.859000e-01 
1.087000e-01 
3.696000e-01 
6.520000e-02 
8.700000e-02 
8.700000e-02 
4.350000e-02 
2.391000e-01 
3.043000e-01 
1.685000e-01 
4.348000e-01 
2.391000e-01 
3.043000e-01 
2.609000e-01 
2.609000e-01 
1.739000e-01 
1.141000e-01 
1.957000e-01 
1.413000e-01 
1.304000e-01 
5.652000e-01 
2.609000e-01 
4.130000e-01 
1.739000e-01 
3.478000e-01 
2.500000e-01 
3.261000e-01 
2.174000e-01 
4.565000e-01 
8.700000e-02 
3.043000e-01 
8.700000e-02 
3.696000e-01 
1.957000e-01 
2.391000e-01 
2.174000e-01 
4.350000e-02 
3.043000e-01 
3.913000e-01 
4.130000e-01 
1.522000e-01 
4.350000e-02 
2.174000e-01 
2.174000e-01 
6.033000e-01 
3.913000e-01 
1.957000e-01 
3.043000e-01 
2.170000e-02 
2.391000e-01 
3.261000e-01 
2.500000e-01 
1.522000e-01 
1.522000e-01 
1.304000e-01 
1.739000e-01 
6.520000e-02 
2.174000e-01 
1.957000e-01 
2.391000e-01 
2.174000e-01 
1.522000e-01 
3.913000e-01 
2.826000e-01 
1.141000e-01 
1.087000e-01 
2.174000e-01 
1.087000e-01 
4.402000e-01 
5.980000e-02 
2.609000e-01 
3.478000e-01 
2.174000e-01 
8.700000e-02 
6.520000e-02 
1.739000e-01 
1.739000e-01 
5.000000e-01 
2.609000e-01 
2.170000e-02 
2.500000e-01 
4.946000e-01 
4.130000e-01 
3.696000e-01 
5.870000e-01 
3.261000e-01 
5.435000e-01 
2.174000e-01 
1.304000e-01 
2.826000e-01 
5.870000e-01 
3.696000e-01 
2.391000e-01 
3.478000e-01 
3.315000e-01 
4.130000e-01 
1.739000e-01 
1.087000e-01 
3.261000e-01 
3.261000e-01 
8.700000e-02 
2.174000e-01 
6.087000e-01 
3.913000e-01 
4.565000e-01 
2.609000e-01 
3.043000e-01 
1.087000e-01 
1.957000e-01 
2.391000e-01 
6.304000e-01 
2.826000e-01 
6.739000e-01 
1.957000e-01 
6.304000e-01 
2.826000e-01 
6.087000e-01 
3.043000e-01 
2.609000e-01 
1.522000e-01 
8.700000e-02 
8.700000e-02 
2.174000e-01 
8.700000e-02 
4.348000e-01 
3.043000e-01 
5.000000e-01 
2.391000e-01 
1.522000e-01 
2.609000e-01 
1.957000e-01 
3.261000e-01 
3.261000e-01 
1.304000e-01 
1.304000e-01 
2.391000e-01 
3.043000e-01 
2.174000e-01 
1.304000e-01 
1.957000e-01 
2.609000e-01 
2.826000e-01 
2.174000e-01 
