1.538000e-01 
2.692000e-01 
1.923000e-01 
1.538000e-01 
1.154000e-01 
7.690000e-02 
7.690000e-02 
3.850000e-02 
1.154000e-01 
2.308000e-01 
3.462000e-01 
2.692000e-01 
7.690000e-02 
3.462000e-01 
3.077000e-01 
3.077000e-01 
7.690000e-02 
2.692000e-01 
7.690000e-02 
3.846000e-01 
1.923000e-01 
1.538000e-01 
2.308000e-01 
1.923000e-01 
1.154000e-01 
4.231000e-01 
2.308000e-01 
1.154000e-01 
7.690000e-02 
3.846000e-01 
3.850000e-02 
1.923000e-01 
2.308000e-01 
4.231000e-01 
3.462000e-01 
3.077000e-01 
2.692000e-01 
2.308000e-01 
1.154000e-01 
1.923000e-01 
3.846000e-01 
6.154000e-01 
2.308000e-01 
4.615000e-01 
2.308000e-01 
0 
7.690000e-02 
1.154000e-01 
1.923000e-01 
8.462000e-01 
3.846000e-01 
3.462000e-01 
3.077000e-01 
3.462000e-01 
2.692000e-01 
4.615000e-01 
4.231000e-01 
2.692000e-01 
7.690000e-02 
1.154000e-01 
1.538000e-01 
0 
3.850000e-02 
3.850000e-02 
3.077000e-01 
4.231000e-01 
5.000000e-01 
7.690000e-02 
1.923000e-01 
2.692000e-01 
3.850000e-02 
7.690000e-02 
2.308000e-01 
5.000000e-01 
4.615000e-01 
4.231000e-01 
1.538000e-01 
7.690000e-02 
2.308000e-01 
1.154000e-01 
4.231000e-01 
3.846000e-01 
1.923000e-01 
2.692000e-01 
2.692000e-01 
3.462000e-01 
3.077000e-01 
2.308000e-01 
1.923000e-01 
3.077000e-01 
1.923000e-01 
2.692000e-01 
7.690000e-02 
3.462000e-01 
2.692000e-01 
3.850000e-02 
1.538000e-01 
4.615000e-01 
4.231000e-01 
5.000000e-01 
2.692000e-01 
2.308000e-01 
1.154000e-01 
1.923000e-01 
7.690000e-02 
3.462000e-01 
3.462000e-01 
5.385000e-01 
5.769000e-01 
2.692000e-01 
1.538000e-01 
3.462000e-01 
3.077000e-01 
2.692000e-01 
1.923000e-01 
4.615000e-01 
5.385000e-01 
4.231000e-01 
2.308000e-01 
3.077000e-01 
3.846000e-01 
1.154000e-01 
2.692000e-01 
3.846000e-01 
4.231000e-01 
1.154000e-01 
1.538000e-01 
1.154000e-01 
3.850000e-02 
3.846000e-01 
2.692000e-01 
2.308000e-01 
3.462000e-01 
3.846000e-01 
1.923000e-01 
1.154000e-01 
1.923000e-01 
3.077000e-01 
1.923000e-01 
3.846000e-01 
2.308000e-01 
1.923000e-01 
7.690000e-02 
7.690000e-02 
7.690000e-02 
2.692000e-01 
3.462000e-01 
1 
4.615000e-01 
3.077000e-01 
2.308000e-01 
1.154000e-01 
2.692000e-01 
2.692000e-01 
3.077000e-01 
3.462000e-01 
3.077000e-01 
3.846000e-01 
3.846000e-01 
3.462000e-01 
2.692000e-01 
6.538000e-01 
3.077000e-01 
1.154000e-01 
3.846000e-01 
1.923000e-01 
4.615000e-01 
2.692000e-01 
1.154000e-01 
1.538000e-01 
2.692000e-01 
1.923000e-01 
2.692000e-01 
1.154000e-01 
1.538000e-01 
2.308000e-01 
1.538000e-01 
2.692000e-01 
4.231000e-01 
1.538000e-01 
2.692000e-01 
2.308000e-01 
3.077000e-01 
2.308000e-01 
2.308000e-01 
1.538000e-01 
1.154000e-01 
2.308000e-01 
5.385000e-01 
2.308000e-01 
4.231000e-01 
3.077000e-01 
7.690000e-02 
3.077000e-01 
1.154000e-01 
3.077000e-01 
7.692000e-01 
1.538000e-01 
4.231000e-01 
2.308000e-01 
7.690000e-02 
3.846000e-01 
2.308000e-01 
2.692000e-01 
4.615000e-01 
4.231000e-01 
5.385000e-01 
3.077000e-01 
2.692000e-01 
1.923000e-01 
3.850000e-02 
2.308000e-01 
2.692000e-01 
1.538000e-01 
1.923000e-01 
1.154000e-01 
1.923000e-01 
2.692000e-01 
1.538000e-01 
1.538000e-01 
4.231000e-01 
2.308000e-01 
2.308000e-01 
3.846000e-01 
3.850000e-02 
3.462000e-01 
1.154000e-01 
2.308000e-01 
3.077000e-01 
4.231000e-01 
3.077000e-01 
3.077000e-01 
1.923000e-01 
3.462000e-01 
1.923000e-01 
8.077000e-01 
2.308000e-01 
4.231000e-01 
3.846000e-01 
3.846000e-01 
1.154000e-01 
3.846000e-01 
3.846000e-01 
3.846000e-01 
2.308000e-01 
3.462000e-01 
1.154000e-01 
5.385000e-01 
1.538000e-01 
3.846000e-01 
1.154000e-01 
3.077000e-01 
2.692000e-01 
4.231000e-01 
2.308000e-01 
1.538000e-01 
1.923000e-01 
1.154000e-01 
1.154000e-01 
3.077000e-01 
3.846000e-01 
2.308000e-01 
1.923000e-01 
1.154000e-01 
1.923000e-01 
4.231000e-01 
1.923000e-01 
5.385000e-01 
7.690000e-02 
1.923000e-01 
1.923000e-01 
3.077000e-01 
1.154000e-01 
3.462000e-01 
1.923000e-01 
1.538000e-01 
1.154000e-01 
1.538000e-01 
1.538000e-01 
1.538000e-01 
7.690000e-02 
1.538000e-01 
1.154000e-01 
3.077000e-01 
3.846000e-01 
2.692000e-01 
0 
1.538000e-01 
1.538000e-01 
3.462000e-01 
3.077000e-01 
4.231000e-01 
3.462000e-01 
2.308000e-01 
2.308000e-01 
5.769000e-01 
1.538000e-01 
1.538000e-01 
2.692000e-01 
2.692000e-01 
1.923000e-01 
1.538000e-01 
2.308000e-01 
4.615000e-01 
3.077000e-01 
3.077000e-01 
1.923000e-01 
9.231000e-01 
3.077000e-01 
2.308000e-01 
3.462000e-01 
6.154000e-01 
4.231000e-01 
3.077000e-01 
1.538000e-01 
2.308000e-01 
3.462000e-01 
2.308000e-01 
0 
2.308000e-01 
1.538000e-01 
1.923000e-01 
2.308000e-01 
2.308000e-01 
2.692000e-01 
4.231000e-01 
3.077000e-01 
2.692000e-01 
2.692000e-01 
1.538000e-01 
2.308000e-01 
1.538000e-01 
1.154000e-01 
5.000000e-01 
1.923000e-01 
1.923000e-01 
3.077000e-01 
3.462000e-01 
3.077000e-01 
3.846000e-01 
3.077000e-01 
2.308000e-01 
1.923000e-01 
2.308000e-01 
3.462000e-01 
4.231000e-01 
1.538000e-01 
7.690000e-02 
7.690000e-02 
3.850000e-02 
1.923000e-01 
2.692000e-01 
3.077000e-01 
6.923000e-01 
2.308000e-01 
4.615000e-01 
2.308000e-01 
4.231000e-01 
1.923000e-01 
3.850000e-02 
2.308000e-01 
3.462000e-01 
