1.120879e-01 
9.070021e-02 
6.250000e-02 
2.964835e-01 
9.776166e-02 
1.250000e-02 
9.428447e-02 
2.594690e-01 
5.844785e-02 
4.882785e-02 
7.421856e-02 
2.339825e-01 
1.048504e-01 
3.749795e-02 
4.416568e-02 
4.527296e-01 
1.116413e-01 
1.523415e-02 
4.718696e-02 
3.316335e-01 
1.125000e-01 
0 
0 
3.625000e-01 
8.750000e-02 
5.556783e-02 
1.895839e-02 
2.826858e-01 
9.912313e-02 
1.835928e-02 
1.500998e-01 
1.826597e-01 
0 
1.374959e-01 
3.453549e-01 
2.593743e-01 
5.883488e-02 
8.749693e-02 
7.388420e-02 
1.500000e-01 
1.210928e-02 
7.500000e-02 
3.800764e-01 
3.771687e-01 
8.750000e-02 
8.671460e-02 
9.695124e-02 
1.237015e-01 
1.250000e-02 
1.227247e-01 
3.250000e-01 
3.250000e-01 
1.249898e-02 
6.249795e-02 
8.610453e-03 
1.371093e-01 
4.135754e-01 
2.856484e-01 
4.960928e-02 
2.499795e-02 
1.821540e-01 
9.234454e-02 
3.436598e-01 
3.105464e-01 
3.749898e-02 
1.210928e-02 
2.762421e-01 
5.612696e-01 
1.000000e-01 
6.698769e-02 
1.669251e-01 
3.633189e-01 
8.749898e-02 
0 
2.331189e-01 
5.399967e-01 
2.094690e-01 
1.250000e-02 
2.438440e-01 
5.221301e-01 
1.057030e-01 
3.710928e-02 
1.978964e-01 
4.460928e-01 
1.492155e-01 
2.500000e-02 
1.210832e-02 
1.697679e-01 
5.390491e-01 
5.880618e-02 
1.250000e-02 
1.484361e-01 
2.081921e-01 
8.674315e-02 
3.750000e-02 
2.484330e-01 
6.270342e-02 
1.609371e-01 
1.249990e-01 
2.509117e-01 
2.421326e-01 
1.359351e-01 
7.403037e-02 
2.493461e-01 
1.249898e-02 
6.249488e-02 
1.242186e-01 
2.511600e-01 
1.238278e-01 
1.749969e-01 
2.389681e-02 
1.625000e-01 
7.499795e-02 
2.000000e-01 
8.046626e-02 
1.687482e-01 
1.242166e-01 
1.718376e-01 
4.960935e-02 
1.500000e-01 
8.750000e-02 
1.019040e-01 
1.254406e-01 
3.105433e-01 
1.613258e-01 
1.980444e-01 
6.291677e-02 
2.874908e-01 
3.750000e-02 
2.121093e-01 
6.954298e-02 
2.374887e-01 
1.625000e-01 
1.747577e-01 
6.139681e-02 
2.182498e-01 
7.738267e-02 
8.419044e-02 
1.077208e-01 
2.571028e-01 
1.043556e-01 
3.218618e-01 
4.960928e-02 
1.600818e-01 
8.764611e-02 
1.875000e-01 
1.117951e-01 
2.113198e-01 
2.329535e-01 
1.624980e-01 
3.096150e-02 
1.742186e-01 
1.383335e-01 
8.366717e-02 
1.180210e-01 
2.078794e-01 
1.726536e-01 
4.547572e-01 
2.130612e-01 
3.066321e-01 
5.671888e-01 
4.999693e-02 
1.465317e-01 
3.874918e-01 
8.007785e-02 
1.966508e-01 
8.529101e-02 
3.831990e-01 
1.988227e-01 
9.771892e-02 
1.999980e-01 
2.091863e-01 
2.000000e-01 
2.291111e-01 
1.113219e-01 
2.124928e-01 
5.750000e-01 
2.460928e-02 
1.257217e-01 
2.863948e-01 
1.983078e-01 
2.294381e-01 
3.625000e-01 
2.124969e-01 
3.758178e-01 
7.421856e-02 
2.488278e-01 
2.661694e-01 
1.374969e-01 
1.654289e-01 
1.984320e-01 
4.254736e-01 
4.331919e-01 
6.132682e-02 
2.749949e-01 
2.726727e-01 
9.882785e-02 
2.428535e-01 
1.584212e-01 
1.113250e-01 
2.299680e-01 
6.093713e-02 
3.597650e-01 
3.609712e-01 
1.435937e-01 
2.531598e-01 
2.786056e-01 
4.066392e-01 
4.511337e-01 
6.249795e-02 
1.234333e-01 
3.457001e-01 
8.750000e-02 
1.617186e-01 
8.892006e-02 
2.249928e-01 
3.491446e-01 
7.421652e-02 
1.105164e-01 
3.289195e-01 
2.195299e-01 
1.250000e-01 
9.211485e-02 
1.775918e-01 
1.121031e-01 
2.335908e-01 
1.669246e-01 
3.156141e-01 
1.249898e-02 
1.988289e-01 
3.680882e-02 
1.499949e-01 
8.574126e-02 
4.312439e-01 
9.979952e-02 
2.011415e-01 
9.779158e-02 
2.238355e-01 
7.842407e-02 
3.745990e-01 
1.302363e-01 
1.749980e-01 
6.291568e-02 
2.017234e-01 
9.263843e-02 
4.582021e-01 
7.500000e-02 
1.742370e-01 
4.882682e-02 
6.165026e-01 
3.710928e-02 
2.550305e-01 
1.337788e-01 
4.705782e-01 
2.279362e-02 
1.792201e-01 
2.279362e-02 
2.500000e-02 
2.499898e-02 
1.375000e-01 
1.692611e-01 
9.843610e-02 
9.289832e-02 
2.772515e-01 
3.547256e-02 
1.250000e-02 
9.857009e-02 
2.877044e-01 
8.593713e-02 
6.250000e-02 
2.400346e-01 
3.343661e-01 
3.456218e-01 
3.310212e-02 
1.125000e-01 
2.258287e-01 
1.024538e-01 
7.997837e-02 
3.750000e-02 
1.882111e-01 
7.541568e-02 
1.227267e-01 
1.250000e-02 
1.754079e-01 
2.680618e-01 
1.051124e-01 
3.749795e-02 
2.614322e-01 
3.710832e-02 
3.749898e-02 
6.235273e-02 
2.499918e-01 
1.582732e-01 
1.124949e-01 
1.209237e-01 
6.411575e-01 
2.531828e-01 
0 
2.500000e-02 
2.374928e-01 
8.710928e-02 
1.212308e-01 
1.500000e-01 
2.624928e-01 
1.250000e-01 
2.740055e-01 
1.613278e-01 
3.000000e-01 
1.051103e-01 
6.062250e-01 
2.460928e-02 
1.782148e-01 
7.550982e-02 
1.484361e-01 
7.624929e-02 
3.749898e-02 
7.385288e-02 
8.632785e-02 
8.791677e-02 
7.421447e-02 
1.624990e-01 
2.317488e-01 
1.295805e-01 
2.492186e-01 
1.828745e-01 
6.887038e-02 
9.999898e-02 
2.124980e-01 
7.140614e-02 
2.500000e-01 
1.250000e-01 
4.771942e-01 
5.000000e-02 
1.367686e-01 
1.790075e-01 
1.609371e-01 
3.674225e-02 
1.252024e-01 
7.500000e-02 
2.250000e-01 
1.597650e-01 
1.246093e-01 
1.117612e-01 
1.999969e-01 
1.246093e-01 
1.207134e-01 
6.656171e-02 
3.351557e-01 
4.999795e-02 
1.971422e-01 
2.457462e-01 
3.375000e-01 
1.966904e-01 
6.766645e-02 
1.242186e-01 
1.597531e-01 
1.964835e-01 
2.250000e-01 
1.250000e-01 
2.722650e-01 
7.421856e-02 
2.437485e-01 
