1.919974e-01 
3.934961e-01 
5.195590e-01 
3.170932e-01 
3.029030e-01 
2.868744e-01 
3.716022e-01 
3.995555e-01 
4.144197e-01 
4.446370e-01 
5.918325e-01 
3.732915e-01 
3.281684e-01 
3.183677e-01 
5.724578e-01 
5.026229e-01 
3.201116e-01 
4.049322e-01 
5.806552e-01 
4.778454e-01 
4.647191e-01 
4.541970e-01 
5.599826e-01 
3.593735e-01 
3.165571e-01 
3.578522e-01 
5.070928e-01 
4.512113e-01 
3.979096e-01 
3.879494e-01 
5.449502e-01 
2.339780e-01 
4.157713e-01 
3.415074e-01 
3.117016e-01 
1.212874e-01 
3.165571e-01 
4.954877e-01 
5.608569e-01 
3.853703e-01 
4.541925e-01 
3.694647e-01 
4.604515e-01 
3.601358e-01 
4.528884e-01 
3.874986e-01 
5.646076e-01 
4.999952e-01 
5.092388e-01 
4.111720e-01 
2.864532e-01 
2.560597e-01 
3.437299e-01 
5.208378e-01 
3.823678e-01 
4.098836e-01 
3.769576e-01 
2.752630e-01 
3.578477e-01 
6.017072e-01 
5.230148e-01 
4.129030e-01 
3.853680e-01 
2.160189e-01 
2.339769e-01 
2.989261e-01 
3.991316e-01 
1.376321e-01 
1.590608e-01 
3.161291e-01 
4.507519e-01 
2.202100e-01 
4.871928e-01 
3.948397e-01 
2.833773e-01 
4.565345e-01 
4.830716e-01 
5.725114e-01 
5.096429e-01 
3.823633e-01 
3.440796e-01 
5.265712e-01 
3.290345e-01 
2.565579e-01 
1.841845e-01 
5.174402e-01 
2.873136e-01 
5.367783e-01 
3.027845e-01 
2.714066e-01 
6.817026e-01 
5.243724e-01 
4.667781e-01 
1.096782e-01 
3.260230e-01 
4.817185e-01 
4.436458e-01 
5.204143e-01 
5.245826e-01 
6.159077e-01 
2.872526e-01 
3.716101e-01 
5.092512e-01 
5.230103e-01 
4.018224e-01 
4.569461e-01 
3.380118e-01 
4.863154e-01 
5.230148e-01 
6.287985e-01 
4.704620e-01 
4.944467e-01 
3.326931e-01 
5.066598e-01 
4.179483e-01 
3.571209e-01 
3.854352e-01 
4.795674e-01 
3.726080e-01 
3.817107e-01 
3.370645e-01 
4.219421e-01 
4.777360e-01 
4.714706e-01 
4.001858e-01 
2.452408e-01 
4.014313e-01 
4.330588e-01 
5.996142e-01 
5.180053e-01 
4.329651e-01 
4.394941e-01 
4.404301e-01 
4.059379e-01 
4.679561e-01 
5.333287e-01 
4.276813e-01 
4.162907e-01 
4.404177e-01 
6.247676e-01 
3.366229e-01 
3.530175e-01 
3.397823e-01 
4.503172e-01 
3.895757e-01 
3.898564e-01 
5.092512e-01 
4.245683e-01 
4.028141e-01 
4.653703e-01 
3.578466e-01 
4.817241e-01 
5.127652e-01 
4.296173e-01 
5.230069e-01 
3.392231e-01 
4.103217e-01 
4.167767e-01 
2.602167e-01 
4.631675e-01 
4.156598e-01 
3.941308e-01 
4.378432e-01 
4.792833e-01 
2.735467e-01 
3.732237e-01 
4.791327e-01 
3.027980e-01 
2.716741e-01 
2.590735e-01 
4.096880e-01 
4.961592e-01 
4.466617e-01 
5.298867e-01 
4.404211e-01 
4.471894e-01 
3.679087e-01 
4.511630e-01 
5.092422e-01 
4.503003e-01 
3.538064e-01 
4.529064e-01 
3.991361e-01 
4.541970e-01 
5.231033e-01 
3.838638e-01 
3.948407e-01 
6.004031e-01 
5.002015e-01 
3.303172e-01 
3.382390e-01 
4.592565e-01 
6.331199e-01 
3.644031e-01 
2.873579e-01 
5.096840e-01 
2.761831e-01 
6.067064e-01 
4.231856e-01 
4.369794e-01 
4.679459e-01 
4.277577e-01 
4.541891e-01 
5.602379e-01 
3.303251e-01 
4.111777e-01 
4.511855e-01 
4.289497e-01 
5.991428e-01 
5.471767e-01 
4.222200e-01 
5.139729e-01 
5.584526e-01 
4.951611e-01 
6.145889e-01 
4.724665e-01 
3.657470e-01 
3.152608e-01 
3.728896e-01 
4.748407e-01 
3.406402e-01 
4.819455e-01 
3.677105e-01 
4.293622e-01 
4.406810e-01 
4.744020e-01 
4.997865e-01 
5.651086e-01 
3.873798e-01 
4.338932e-01 
3.041635e-01 
4.817129e-01 
4.349215e-01 
4.088891e-01 
5.839801e-01 
4.373412e-01 
4.581810e-01 
5.440808e-01 
5.367682e-01 
4.138034e-01 
4.555442e-01 
3.716158e-01 
3.310927e-01 
4.869616e-01 
4.821619e-01 
5.382725e-01 
4.805120e-01 
3.853492e-01 
5.092411e-01 
4.429604e-01 
4.611551e-01 
5.754877e-01 
4.281063e-01 
4.276917e-01 
5.092162e-01 
4.661904e-01 
3.893044e-01 
3.716158e-01 
4.648729e-01 
3.819741e-01 
3.817469e-01 
3.276062e-01 
5.003835e-01 
5.505340e-01 
3.991361e-01 
3.839198e-01 
3.423667e-01 
3.447128e-01 
2.039272e-01 
5.027845e-01 
5.302720e-01 
5.328834e-01 
5.765467e-01 
3.761813e-01 
3.599644e-01 
4.098836e-01 
2.202134e-01 
3.226778e-01 
5.634485e-01 
3.853703e-01 
4.361314e-01 
3.360629e-01 
3.707519e-01 
4.338273e-01 
5.871002e-01 
4.249435e-01 
4.627811e-01 
4.370314e-01 
3.202795e-01 
3.552589e-01 
3.165559e-01 
4.404787e-01 
4.821005e-01 
3.796673e-01 
4.156024e-01 
3.974141e-01 
4.142571e-01 
5.182768e-01 
3.507956e-01 
3.368426e-01 
3.218143e-01 
5.230148e-01 
3.454654e-01 
5.280587e-01 
4.541970e-01 
5.014984e-01 
4.046134e-01 
5.072327e-01 
2.846006e-01 
3.655422e-01 
4.129064e-01 
5.083522e-01 
3.769288e-01 
3.122024e-01 
3.313347e-01 
3.277438e-01 
3.853759e-01 
4.094647e-01 
3.144073e-01 
3.077311e-01 
3.853725e-01 
4.817106e-01 
3.447128e-01 
4.509967e-01 
4.711495e-01 
3.654505e-01 
2.418479e-01 
3.414972e-01 
3.440808e-01 
3.716079e-01 
2.557273e-01 
4.294203e-01 
1.863833e-01 
2.989227e-01 
3.743692e-01 
5.544105e-01 
3.565616e-01 
4.924627e-01 
3.592271e-01 
3.580104e-01 
2.318225e-01 
3.346174e-01 
3.070515e-01 
5.999976e-01 
4.817185e-01 
4.193563e-01 
3.840192e-01 
4.266643e-01 
3.034004e-01 
3.536748e-01 
4.679437e-01 
5.210358e-01 
4.723898e-01 
3.706254e-01 
4.928872e-01 
4.266621e-01 
4.679538e-01 
4.103251e-01 
3.441440e-01 
1.888167e-01 
2.272366e-01 
4.994482e-01 
