1.946273e-01 
1.405502e-01 
1.333333e-02 
2.666667e-02 
6.688255e-02 
5.215551e-02 
9.208304e-02 
2.666557e-02 
1.351094e-01 
2.060068e-01 
7.255796e-02 
5.333333e-02 
5.333333e-02 
3.334613e-02 
3.859173e-02 
9.277407e-02 
1.002201e-01 
1.461264e-01 
1.333333e-02 
3.999891e-02 
1.293337e-01 
2.184284e-01 
0 
2.666557e-02 
2.133279e-01 
2.004380e-01 
1.355561e-02 
7.291438e-02 
1.765455e-01 
9.610993e-02 
8.000000e-02 
1.858331e-01 
3.916647e-02 
1.333333e-02 
0 
6.666667e-02 
2.113691e-01 
6.541528e-02 
2.133322e-01 
1.733333e-01 
5.619650e-02 
2.666667e-02 
2.393109e-02 
6.666667e-02 
1.951622e-01 
1.466623e-01 
2.067115e-01 
1.066645e-01 
5.291657e-02 
1.333333e-02 
4.000000e-02 
2.399978e-01 
1.320776e-01 
1.066667e-01 
4.088678e-02 
0 
2.666667e-02 
7.999782e-02 
7.832768e-02 
2.017760e-01 
6.666230e-02 
9.333333e-02 
3.957556e-02 
1.364417e-01 
1.066667e-01 
2.666448e-02 
3.999891e-02 
6.711013e-02 
1.462466e-01 
1.020899e-01 
3.661816e-02 
1.071222e-01 
2.422097e-01 
4.000000e-02 
2.366675e-02 
5.422012e-02 
3.084405e-01 
1.159543e-01 
2.755578e-02 
1.333333e-01 
1.192461e-01 
7.735891e-02 
5.333224e-02 
3.527748e-02 
2.422206e-01 
1.191932e-01 
7.864551e-02 
7.874868e-02 
6.585731e-02 
1.608891e-01 
1.591632e-01 
6.666339e-02 
1.577426e-01 
1.587753e-01 
1.458331e-01 
8.000000e-02 
1.562491e-01 
1.333290e-01 
1.291554e-02 
4.804447e-02 
2.533333e-01 
7.014551e-02 
2.387497e-01 
8.302946e-02 
8.177605e-02 
2.516567e-01 
2.666667e-02 
8.593117e-02 
2.400000e-01 
5.249980e-02 
1.209085e-01 
1.333333e-01 
1.556945e-01 
1.325554e-01 
2.666557e-02 
1.199913e-01 
3.493201e-01 
2.624881e-02 
1.046820e-01 
1.311707e-01 
8.222279e-02 
2.000000e-01 
6.669446e-02 
8.536789e-02 
1.678589e-01 
1.320809e-01 
1.746670e-01 
9.333224e-02 
1.688478e-01 
1.066656e-01 
0 
7.919173e-02 
2.129422e-01 
4.605512e-02 
1.984394e-01 
3.999672e-02 
1.304160e-01 
1.251211e-01 
6.133367e-02 
2.666667e-02 
3.842462e-01 
6.755578e-02 
2.712479e-01 
1.133309e-01 
1.316663e-01 
2.297786e-01 
1.355140e-02 
5.333333e-02 
2.090098e-01 
4.727277e-02 
1.613310e-01 
1.999924e-01 
1.145880e-01 
1.718026e-01 
0 
6.098757e-02 
1.245644e-01 
7.999782e-02 
6.711013e-02 
1.759985e-01 
8.000000e-02 
1.600000e-01 
1.667918e-01 
1.333224e-02 
2.249963e-01 
7.510172e-02 
3.874970e-02 
1.999891e-01 
6.666667e-02 
1.199978e-01 
1.730346e-01 
8.673408e-02 
7.791617e-02 
1.484402e-01 
4.000000e-02 
9.249980e-02 
6.755578e-02 
1.445785e-01 
1.733322e-01 
4.552233e-02 
1.175490e-01 
1.738587e-01 
3.958105e-02 
1.170815e-01 
6.755345e-02 
2.351438e-01 
1.713339e-01 
7.884789e-02 
2.423340e-01 
1.466634e-01 
2.666448e-02 
1.795327e-01 
1.587432e-01 
1.333290e-01 
1.163249e-01 
5.333006e-02 
1.993491e-01 
1.596581e-01 
7.999672e-02 
1.163885e-01 
9.377672e-02 
2.659165e-01 
1.467500e-01 
8.088569e-02 
1.599995e-01 
1.866634e-01 
6.624990e-02 
1.191888e-01 
1.049996e-01 
1.799986e-01 
1.530653e-01 
2.711064e-02 
1.503915e-01 
1.529367e-01 
1.333333e-02 
2.033164e-01 
6.666667e-02 
1.605225e-01 
1.723135e-01 
2.666557e-02 
2.095824e-01 
1.587453e-01 
1.366355e-01 
1.064572e-01 
1.311742e-01 
2.666557e-02 
9.333224e-02 
1.042419e-01 
9.017881e-02 
2.270959e-01 
2.391906e-01 
1.176454e-01 
1.408097e-01 
9.333115e-02 
1.805931e-01 
7.144467e-02 
1.075503e-01 
6.624663e-02 
2.537669e-01 
1.543973e-01 
3.804152e-01 
1.333311e-01 
2.900780e-01 
5.333224e-02 
2.382418e-01 
6.666667e-02 
3.046693e-01 
1.045828e-01 
1.746670e-01 
7.260884e-02 
2.537598e-01 
2.666448e-02 
2.372096e-01 
8.710904e-02 
2.943835e-01 
1.746637e-01 
1.880003e-01 
2.423323e-01 
1.338552e-01 
6.583313e-02 
1.050469e-01 
7.629551e-02 
1.764452e-01 
1.049985e-01 
1.462455e-01 
9.912168e-02 
0 
6.666448e-02 
2.159974e-01 
3.393287e-02 
9.377017e-02 
5.291438e-02 
1.991621e-01 
1.608891e-01 
3.999891e-02 
6.755578e-02 
3.699992e-01 
9.333333e-02 
2.556326e-01 
4.000000e-02 
1.204412e-01 
1.093340e-01 
6.251397e-02 
5.333333e-02 
7.451622e-02 
9.291554e-02 
8.639641e-02 
8.000000e-02 
1.208813e-01 
1.200000e-01 
3.958323e-02 
4.000000e-02 
3.103915e-01 
6.666448e-02 
4.000000e-02 
1.136376e-01 
7.999672e-02 
1.677819e-01 
7.958323e-02 
1.377789e-02 
2.895824e-01 
2.133279e-01 
1.845807e-01 
1.491212e-01 
1.323234e-01 
1.211402e-01 
2.335123e-01 
3.958323e-02 
3.145810e-01 
1.333257e-01 
2.287194e-01 
6.666667e-02 
9.291111e-02 
1.287941e-01 
1.195832e-01 
1.599902e-01 
1.171310e-01 
1.650790e-01 
2.568898e-01 
9.333333e-02 
1.413958e-01 
1.324998e-01 
8.837673e-02 
1.600000e-01 
9.291657e-02 
6.666667e-02 
1.436151e-01 
5.332897e-02 
2.891657e-01 
5.173965e-02 
1.894432e-01 
3.999782e-02 
2.293896e-01 
1.208869e-01 
1.780086e-01 
9.249871e-02 
1.401055e-01 
1.284369e-01 
1.579118e-01 
1.224544e-01 
3.704105e-01 
3.699943e-02 
1.316641e-01 
1.449971e-01 
7.916647e-02 
1.183297e-01 
2.015660e-01 
9.333006e-02 
2.625234e-01 
1.733301e-01 
1.204669e-01 
1.142117e-01 
6.519288e-02 
9.249980e-02 
7.917004e-02 
9.291548e-02 
2.004413e-01 
9.041495e-02 
1.355553e-01 
1.063044e-01 
1.071101e-01 
6.711013e-02 
