1.535494e-01 
2.405123e-01 
3.585793e-01 
1.945683e-01 
3.193879e-02 
8.269398e-02 
2.411400e-01 
3.409943e-01 
1.086569e-01 
1.254259e-01 
2.696058e-01 
2.621113e-01 
5.801670e-02 
4.312419e-02 
3.228944e-01 
3.613694e-01 
1.595929e-02 
5.718343e-02 
3.279717e-01 
2.984667e-01 
7.481783e-02 
4.312419e-02 
4.404096e-01 
3.633410e-01 
6.519486e-02 
1.112370e-01 
2.598045e-01 
4.387355e-01 
1.142692e-01 
8.023037e-02 
1.655227e-01 
5.398931e-02 
1.086507e-02 
2.235919e-01 
3.259618e-01 
4.278455e-02 
1.524857e-01 
4.804288e-01 
1.817023e-01 
2.064532e-01 
9.779273e-02 
2.825016e-01 
3.658224e-01 
1.402360e-01 
1.412575e-01 
4.193414e-01 
3.259787e-01 
4.222174e-02 
5.432801e-02 
3.151065e-01 
1.960046e-01 
1.086560e-01 
2.208457e-01 
4.096076e-01 
8.516232e-02 
2.166399e-01 
3.694426e-01 
1.230115e-01 
1.890451e-01 
3.938890e-01 
2.207555e-01 
1.273947e-01 
3.153092e-01 
1.503463e-01 
5.469208e-02 
8.444487e-02 
3.758807e-01 
1.395584e-01 
4.346383e-02 
3.137509e-01 
5.641104e-01 
1.521207e-01 
3.259787e-02 
1.188301e-01 
4.302633e-01 
3.758932e-01 
6.322024e-02 
2.832204e-01 
4.001855e-01 
1.303915e-01 
1.374823e-02 
2.044136e-01 
5.112484e-01 
6.417682e-02 
3.744043e-02 
3.205369e-01 
7.572117e-02 
3.174200e-01 
2.573762e-01 
3.097931e-02 
2.064461e-01 
3.773808e-01 
1.994868e-01 
5.188448e-02 
3.127299e-01 
3.854006e-01 
1.877586e-01 
2.370079e-01 
3.755935e-01 
2.537223e-01 
4.295741e-01 
1.800864e-01 
4.020404e-01 
2.594244e-01 
1.497286e-01 
3.135542e-01 
2.510856e-01 
2.506174e-01 
3.663607e-01 
2.607768e-01 
4.128922e-01 
2.139845e-01 
1.097464e-01 
2.458169e-01 
3.959618e-01 
3.151101e-01 
3.463775e-01 
1.629858e-01 
3.368224e-01 
4.310735e-01 
9.897516e-02 
1.069596e-01 
3.368398e-01 
2.702877e-01 
3.585659e-01 
2.022777e-01 
4.352884e-01 
3.453332e-01 
6.519219e-02 
2.825122e-01 
2.359943e-01 
2.607830e-01 
5.432979e-01 
2.905995e-01 
3.245759e-01 
4.680083e-01 
1.314766e-01 
2.032021e-01 
1.840626e-01 
3.169183e-01 
2.724057e-01 
2.635565e-01 
2.888362e-01 
4.312342e-01 
1.518245e-01 
1.629831e-01 
2.851571e-01 
3.677444e-01 
1.935494e-01 
2.166399e-01 
2.933809e-01 
3.877080e-01 
1.284704e-01 
2.805970e-01 
2.358791e-01 
3.344627e-01 
4.335406e-01 
2.825105e-01 
1.420255e-01 
3.358213e-01 
2.788373e-01 
9.677025e-02 
4.831090e-01 
2.081532e-01 
1.521234e-01 
3.929008e-01 
2.720112e-01 
4.348774e-01 
6.321877e-02 
2.146615e-01 
3.607459e-01 
3.621834e-01 
2.141075e-01 
3.629874e-01 
2.304193e-01 
3.646514e-01 
1.663496e-01 
1.685930e-01 
4.364703e-01 
1.171472e-01 
1.671623e-01 
3.035675e-01 
2.332797e-01 
3.574625e-01 
3.694426e-01 
1.942287e-01 
4.767436e-01 
2.145987e-01 
3.165261e-01 
2.075195e-01 
2.390413e-01 
3.851584e-01 
4.346383e-01 
1.921908e-01 
4.998252e-01 
2.357343e-01 
2.706247e-01 
2.736780e-01 
1.416162e-01 
4.494645e-01 
4.020404e-01 
2.539485e-01 
4.050868e-01 
4.402793e-01 
2.507231e-01 
2.409154e-01 
2.655841e-01 
4.937128e-01 
1.419811e-01 
1.756894e-01 
5.368447e-01 
2.149381e-01 
1.728364e-01 
3.686801e-01 
3.130517e-01 
3.983959e-01 
3.548388e-01 
1.999745e-01 
4.760998e-01 
3.047396e-01 
2.132435e-01 
3.284615e-01 
3.627372e-01 
2.533094e-01 
4.083079e-01 
2.780959e-01 
3.486724e-01 
1.931893e-01 
3.368447e-01 
3.795819e-01 
2.281824e-01 
2.822852e-01 
2.783426e-01 
2.540098e-01 
3.590663e-01 
3.977549e-01 
2.082599e-01 
3.887899e-01 
2.059661e-01 
2.125667e-01 
2.368850e-01 
2.676991e-01 
2.377382e-01 
2.485230e-01 
2.875062e-01 
2.057249e-01 
2.717863e-01 
2.211718e-01 
4.443430e-01 
1.851704e-01 
3.934110e-01 
4.207156e-01 
2.994700e-01 
3.183525e-01 
4.273793e-01 
3.762328e-01 
1.498914e-01 
1.401178e-01 
1.987179e-01 
2.233450e-01 
2.390431e-01 
1.871875e-01 
3.459707e-01 
4.261724e-01 
1.149190e-01 
3.121467e-01 
6.185085e-01 
2.156209e-01 
1.061343e-01 
1.738500e-01 
1.002616e-01 
2.360907e-01 
2.281851e-01 
2.351868e-01 
7.440600e-01 
2.757274e-01 
8.593138e-02 
1.724905e-01 
3.002902e-01 
2.920146e-01 
1.925305e-01 
1.452180e-01 
1.659031e-01 
2.814935e-01 
2.054307e-01 
1.844008e-01 
3.259752e-01 
3.537746e-01 
1.336486e-01 
2.006967e-01 
3.011829e-01 
2.459142e-01 
2.044771e-01 
1.133136e-01 
1.536189e-01 
3.694363e-01 
2.727981e-01 
1.738953e-01 
5.877689e-01 
5.668654e-01 
2.581263e-01 
2.365890e-01 
3.049616e-01 
1.753547e-01 
2.825149e-01 
2.551827e-01 
4.574571e-01 
2.877717e-01 
5.283562e-01 
3.146758e-01 
2.281780e-01 
2.607830e-01 
2.620637e-01 
1.976050e-01 
1.958842e-01 
2.173192e-01 
3.299502e-01 
2.696084e-01 
1.842775e-01 
3.041928e-01 
2.119796e-01 
1.514432e-01 
1.544856e-01 
3.911745e-01 
4.029462e-01 
2.669732e-01 
3.647792e-01 
2.740412e-01 
2.051818e-01 
2.162949e-01 
4.717005e-01 
1.779500e-01 
2.159572e-01 
2.349727e-01 
2.883516e-01 
3.151065e-01 
2.896430e-01 
4.743661e-01 
2.905039e-01 
3.514334e-01 
4.379854e-01 
2.702833e-01 
1.749244e-01 
1.718216e-01 
2.735510e-01 
3.423412e-01 
3.815463e-01 
2.239037e-01 
2.540886e-01 
1.609488e-01 
1.521190e-01 
1.962972e-01 
2.835991e-01 
2.740667e-01 
3.056941e-01 
2.475315e-01 
3.814385e-01 
4.105763e-01 
2.531484e-01 
2.607830e-01 
2.583405e-01 
1.390398e-01 
