4.100288e-01 
4.563782e-01 
3.858931e-01 
3.399545e-01 
3.637853e-01 
2.383419e-01 
2.885193e-01 
3.622063e-01 
3.485110e-01 
1.921706e-01 
3.922442e-01 
5.068845e-01 
4.204412e-01 
4.339723e-01 
3.522501e-01 
4.045707e-01 
3.721592e-01 
1.602315e-01 
3.663740e-01 
3.070108e-01 
4.014198e-01 
2.685365e-01 
5.143317e-01 
3.477229e-01 
3.010764e-01 
1.630738e-01 
3.415231e-01 
2.998939e-01 
3.938670e-01 
2.840565e-01 
2.759826e-01 
2.563344e-01 
6.002971e-01 
3.763394e-01 
3.010764e-01 
4.971969e-01 
1.429516e-01 
3.094338e-01 
2.132563e-01 
2.060856e-01 
3.763384e-01 
3.826083e-01 
3.703283e-01 
3.096955e-01 
1.388299e-01 
2.736340e-01 
4.184701e-01 
1.756259e-01 
3.932239e-01 
3.322624e-01 
4.202477e-01 
3.523844e-01 
1.003557e-01 
1.975807e-01 
4.433327e-01 
3.472289e-01 
4.666691e-01 
2.788009e-01 
1.590040e-01 
2.457923e-01 
2.634419e-01 
1.308565e-01 
5.645029e-01 
1.866043e-01 
1.756218e-01 
3.261661e-01 
5.013720e-01 
4.892492e-01 
1.873885e-01 
1.995341e-01 
3.021441e-01 
2.363916e-01 
2.526175e-01 
2.556736e-01 
3.842692e-01 
3.610466e-01 
2.553958e-01 
1.815504e-01 
3.116566e-01 
3.112910e-01 
3.763456e-02 
2.868828e-01 
3.238103e-01 
4.390565e-01 
8.781088e-02 
1.869923e-01 
3.674884e-01 
4.453126e-01 
1.887561e-01 
2.328041e-01 
1.968519e-01 
4.766941e-01 
1.508578e-01 
1.408427e-01 
2.462328e-01 
1.595926e-01 
3.606637e-01 
3.047588e-01 
4.690155e-01 
4.366604e-01 
3.355617e-01 
3.295123e-01 
3.077299e-01 
2.577230e-01 
2.135613e-01 
2.105156e-01 
5.063950e-01 
4.014353e-01 
2.205060e-01 
1.862122e-01 
2.007176e-01 
2.454074e-01 
3.817697e-01 
4.329788e-01 
3.367504e-01 
3.220976e-01 
3.512528e-01 
4.523138e-01 
1.837801e-01 
3.113337e-01 
3.566111e-01 
4.343644e-01 
4.559966e-01 
3.747650e-01 
3.122073e-01 
3.292895e-01 
3.748839e-01 
2.508919e-01 
2.511547e-01 
3.477268e-01 
3.590953e-01 
4.410084e-01 
3.899019e-01 
2.748034e-01 
2.509308e-01 
3.551741e-01 
3.805282e-01 
1.905687e-01 
4.175648e-01 
4.014353e-01 
3.743391e-01 
3.322178e-01 
2.383450e-01 
2.517112e-01 
3.361880e-01 
2.515044e-01 
2.497207e-01 
3.763343e-01 
3.602716e-01 
2.979318e-01 
2.622085e-01 
2.659487e-01 
3.376840e-01 
3.004864e-01 
3.489031e-01 
3.888832e-01 
2.966867e-01 
2.007176e-01 
6.080882e-01 
3.720274e-01 
3.536271e-01 
2.209969e-01 
4.282931e-01 
4.469092e-01 
4.139801e-01 
3.261661e-01 
3.671468e-01 
3.103619e-01 
3.515137e-01 
4.139801e-01 
2.765000e-01 
3.687944e-01 
3.386935e-01 
2.497476e-01 
4.112229e-01 
3.336134e-01 
1.561122e-01 
2.367765e-01 
2.355971e-01 
4.892400e-01 
2.885234e-01 
2.132573e-01 
4.139801e-01 
3.481182e-01 
2.769781e-01 
3.178010e-01 
2.486591e-01 
3.440790e-01 
2.397377e-01 
2.128642e-01 
4.641523e-01 
3.434535e-01 
3.020127e-01 
3.763456e-01 
2.431378e-01 
3.101231e-01 
1.735888e-01 
2.007115e-01 
3.716401e-01 
2.854717e-01 
2.508919e-01 
2.986288e-01 
1.881666e-01 
2.618734e-01 
2.138335e-01 
2.116901e-01 
2.846104e-01 
1.756228e-01 
3.477268e-01 
2.724548e-01 
2.438496e-01 
4.892369e-01 
2.561698e-01 
1.756218e-01 
3.027400e-01 
1.493619e-01 
2.834340e-01 
2.007176e-01 
2.505049e-01 
2.885275e-01 
1.935489e-01 
1.356349e-01 
4.519130e-01 
3.539123e-01 
3.708477e-01 
3.917737e-01 
3.287856e-01 
2.784914e-01 
2.200713e-01 
3.638007e-01 
5.017941e-01 
4.480630e-01 
3.547809e-01 
3.886937e-01 
2.882219e-01 
3.236641e-01 
3.545871e-01 
3.081316e-01 
2.759867e-01 
3.037431e-01 
2.671874e-01 
2.461858e-01 
3.654359e-01 
3.728006e-01 
3.256977e-01 
2.942894e-01 
3.136110e-01 
3.412034e-01 
3.986904e-01 
3.890659e-01 
2.270332e-01 
2.207049e-01 
3.485946e-01 
2.995054e-01 
3.594781e-01 
4.246106e-01 
5.088263e-01 
3.136213e-01 
4.233880e-01 
5.164303e-01 
3.075283e-01 
2.243483e-01 
3.900520e-01 
1.815278e-01 
3.407962e-01 
3.985704e-01 
4.574277e-01 
4.136672e-01 
3.351819e-01 
2.240646e-01 
5.100164e-01 
2.837525e-01 
2.054769e-01 
3.865295e-01 
2.606970e-01 
4.014353e-01 
2.759775e-01 
1.630831e-01 
1.420230e-01 
3.039265e-01 
3.310350e-01 
2.830406e-01 
4.024988e-01 
5.213787e-01 
3.242055e-01 
2.796483e-01 
4.116110e-01 
2.796713e-01 
3.671319e-01 
3.763394e-01 
3.845720e-01 
4.234476e-01 
3.292422e-01 
2.007145e-01 
5.004558e-01 
4.079134e-01 
2.258043e-01 
3.223566e-01 
2.596323e-01 
4.390626e-01 
3.005521e-01 
2.827449e-01 
3.913934e-01 
2.759837e-01 
4.247029e-01 
3.724048e-01 
3.263492e-01 
3.571527e-01 
4.671153e-01 
3.877990e-01 
3.987401e-01 
3.896400e-01 
4.390698e-01 
2.383481e-01 
3.803699e-01 
3.549435e-01 
4.324397e-01 
3.136213e-01 
5.193358e-01 
3.387018e-01 
4.176821e-01 
3.411055e-01 
3.136213e-01 
2.732419e-01 
3.234094e-01 
2.736299e-01 
3.010764e-01 
5.056769e-01 
3.894928e-01 
3.036508e-01 
2.440415e-01 
3.824061e-01 
3.888853e-01 
2.534092e-01 
3.637873e-01 
2.975391e-01 
3.477103e-01 
2.885316e-01 
2.720655e-01 
3.512497e-01 
4.268777e-01 
3.354418e-01 
3.743778e-01 
3.487107e-01 
4.187585e-01 
1.949479e-01 
3.387018e-01 
4.337280e-01 
3.831430e-01 
2.709688e-01 
5.377161e-01 
3.387018e-01 
3.390216e-01 
3.759366e-01 
4.404809e-01 
2.748063e-01 
2.634419e-01 
4.641215e-01 
3.159378e-01 
2.664968e-01 
3.026645e-01 
3.200497e-01 
