3.700777e-01 
7.007644e-01 
4.782609e-01 
4.927406e-01 
4.300260e-01 
4.057971e-01 
3.976021e-01 
3.333333e-01 
2.591637e-01 
4.342358e-01 
5.978212e-01 
5.763952e-01 
4.391191e-01 
3.880098e-01 
4.652843e-01 
3.516747e-01 
3.559356e-01 
4.057752e-01 
5.797101e-01 
4.347719e-01 
3.308046e-01 
4.492754e-01 
5.551945e-01 
5.124360e-01 
3.301528e-01 
4.553961e-01 
6.078315e-01 
4.567116e-01 
4.194943e-01 
4.722868e-01 
4.106174e-01 
3.451080e-01 
4.057971e-01 
3.558583e-01 
3.478261e-01 
3.100317e-01 
2.237863e-01 
3.806301e-01 
4.492504e-01 
4.257225e-01 
5.135021e-01 
5.235107e-01 
3.164400e-01 
3.184720e-01 
3.689046e-01 
4.828539e-01 
3.912925e-01 
4.297995e-01 
4.050643e-01 
4.823912e-01 
3.387316e-01 
3.478261e-01 
3.203036e-01 
3.214746e-01 
4.782609e-01 
3.623188e-01 
3.301233e-01 
3.723172e-01 
3.367403e-01 
4.596756e-01 
5.251450e-01 
3.312497e-01 
4.347826e-01 
2.151263e-01 
3.478261e-01 
3.860727e-01 
3.256162e-01 
2.693608e-01 
2.041399e-01 
2.889716e-01 
5.784502e-01 
3.862475e-01 
3.478166e-01 
4.889953e-01 
5.837758e-01 
3.401517e-01 
4.297873e-01 
4.891206e-01 
3.751752e-01 
3.478190e-01 
3.792732e-01 
4.915240e-01 
5.158394e-01 
2.384509e-01 
2.486405e-01 
4.004307e-01 
5.042100e-01 
2.898551e-01 
2.028986e-01 
2.658036e-01 
3.333262e-01 
4.817556e-01 
4.202899e-01 
3.913043e-01 
5.988330e-01 
5.738211e-01 
4.981341e-01 
4.927536e-01 
6.398552e-01 
5.923900e-01 
4.597021e-01 
4.927536e-01 
6.023203e-01 
5.729150e-01 
6.110318e-01 
4.989818e-01 
5.395965e-01 
4.532255e-01 
4.805623e-01 
5.011078e-01 
6.449212e-01 
5.108607e-01 
4.509657e-01 
5.210209e-01 
5.844390e-01 
5.434783e-01 
4.305524e-01 
4.748330e-01 
6.317731e-01 
6.376812e-01 
5.275094e-01 
4.738332e-01 
5.941875e-01 
4.673913e-01 
4.661496e-01 
4.207023e-01 
5.790533e-01 
6.259596e-01 
7.169366e-01 
5.434504e-01 
6.172162e-01 
5.298911e-01 
4.254962e-01 
4.293376e-01 
6.231742e-01 
5.544708e-01 
7.426859e-01 
6.366031e-01 
5.660053e-01 
4.234062e-01 
5.018103e-01 
5.487782e-01 
6.743476e-01 
6.453788e-01 
5.853516e-01 
5.942029e-01 
6.956522e-01 
6.246590e-01 
5.931898e-01 
5.000000e-01 
4.631291e-01 
5.962124e-01 
6.516730e-01 
6.444728e-01 
6.449080e-01 
5.064465e-01 
5.217249e-01 
6.440056e-01 
5.384712e-01 
4.202768e-01 
5.362319e-01 
6.108887e-01 
4.864115e-01 
4.640671e-01 
4.096628e-01 
5.882851e-01 
5.616975e-01 
5.072321e-01 
6.798382e-01 
5.217237e-01 
5.796947e-01 
5.651889e-01 
4.464416e-01 
4.461858e-01 
4.975867e-01 
4.130355e-01 
5.543478e-01 
5.873769e-01 
5.461514e-01 
6.399236e-01 
3.854047e-01 
5.196580e-01 
5.478214e-01 
4.651715e-01 
5.298898e-01 
4.347826e-01 
4.778623e-01 
6.086779e-01 
4.963765e-01 
5.507068e-01 
5.197785e-01 
5.217284e-01 
5.796947e-01 
6.521739e-01 
4.850534e-01 
6.141167e-01 
6.086957e-01 
6.168307e-01 
5.811474e-01 
4.955832e-01 
5.678528e-01 
5.899194e-01 
5.725737e-01 
5.823994e-01 
5.365131e-01 
4.290187e-01 
6.231884e-01 
5.394012e-01 
4.891109e-01 
7.089551e-01 
7.101248e-01 
5.321854e-01 
4.101346e-01 
4.968890e-01 
5.760789e-01 
5.199526e-01 
5.797101e-01 
6.556664e-01 
5.362200e-01 
6.313225e-01 
4.545768e-01 
5.108420e-01 
5.600195e-01 
5.477782e-01 
5.796959e-01 
5.754316e-01 
6.521739e-01 
5.507080e-01 
6.811416e-01 
6.231884e-01 
6.043944e-01 
5.101386e-01 
6.186905e-01 
5.776218e-01 
6.879598e-01 
5.684218e-01 
6.159249e-01 
5.808782e-01 
6.670108e-01 
5.834367e-01 
6.006198e-01 
6.163933e-01 
5.597840e-01 
6.847826e-01 
7.246187e-01 
6.846045e-01 
7.282609e-01 
5.647011e-01 
5.054335e-01 
6.299646e-01 
7.119367e-01 
6.804236e-01 
6.848988e-01 
6.505998e-01 
5.630935e-01 
6.956522e-01 
6.376812e-01 
6.467378e-01 
6.299623e-01 
5.064419e-01 
4.396029e-01 
4.492754e-01 
4.171179e-01 
5.975720e-01 
5.362153e-01 
6.100512e-01 
6.332543e-01 
4.955832e-01 
5.030452e-01 
6.580241e-01 
4.999902e-01 
4.057971e-01 
5.863406e-01 
6.222012e-01 
5.933844e-01 
6.091138e-01 
5.217391e-01 
5.713197e-01 
6.231884e-01 
6.398742e-01 
6.086790e-01 
6.018839e-01 
5.756771e-01 
4.542267e-01 
4.782609e-01 
5.410606e-01 
6.811594e-01 
5.362319e-01 
4.055655e-01 
5.315342e-01 
6.261933e-01 
5.387119e-01 
4.927536e-01 
6.376812e-01 
7.357951e-01 
6.086957e-01 
4.840017e-01 
5.572052e-01 
5.702867e-01 
7.391304e-01 
4.927536e-01 
4.524447e-01 
5.927551e-01 
6.811594e-01 
6.061894e-01 
5.901258e-01 
5.507116e-01 
6.824249e-01 
6.811428e-01 
6.942897e-01 
6.521537e-01 
7.735486e-01 
6.461965e-01 
5.108696e-01 
7.101449e-01 
6.893101e-01 
7.101415e-01 
6.743453e-01 
5.804216e-01 
8.025139e-01 
6.204490e-01 
7.186042e-01 
6.376491e-01 
6.273284e-01 
6.376812e-01 
5.764161e-01 
6.024489e-01 
7.115977e-01 
6.847710e-01 
6.735604e-01 
7.442086e-01 
5.726811e-01 
6.895637e-01 
7.112304e-01 
5.506938e-01 
6.051233e-01 
5.796947e-01 
6.953098e-01 
5.225229e-01 
6.956522e-01 
6.811594e-01 
6.144538e-01 
7.028826e-01 
6.521739e-01 
6.299534e-01 
6.086663e-01 
5.896471e-01 
6.231706e-01 
6.195528e-01 
7.232752e-01 
6.160117e-01 
5.331278e-01 
6.195652e-01 
7.246214e-01 
6.412685e-01 
5.215231e-01 
5.990121e-01 
7.362734e-01 
7.246804e-01 
6.083477e-01 
5.326087e-01 
6.895366e-01 
