5.034352e-02 
1.983250e-01 
3.478261e-02 
9.565217e-02 
1.043428e-01 
1.293454e-01 
1.838076e-01 
1.207278e-01 
9.538037e-02 
6.766259e-02 
8.695367e-02 
1.119520e-01 
1.380425e-01 
7.474653e-02 
1.500953e-01 
1.368828e-01 
1.220299e-01 
9.599905e-02 
1.565217e-01 
1.035296e-01 
1.795075e-01 
1.565217e-01 
1.456470e-01 
1.584210e-01 
1.083485e-01 
1.391304e-01 
2.388723e-01 
1.870807e-01 
1.407735e-01 
1.301779e-01 
9.565217e-02 
3.423766e-02 
1.004508e-01 
1.065572e-01 
1.217391e-01 
6.796735e-02 
1.711997e-01 
7.825802e-02 
6.956522e-02 
4.243831e-02 
5.217320e-02 
9.565217e-02 
1.139880e-01 
1.921281e-01 
1.304298e-01 
5.723309e-02 
5.712165e-02 
1.116809e-01 
8.641291e-02 
6.388238e-02 
1.652096e-01 
2.225834e-01 
7.705288e-02 
6.090216e-02 
8.438726e-02 
1.114119e-01 
1.088914e-01 
1.747348e-01 
1.232322e-01 
9.401921e-02 
6.059776e-02 
6.929341e-02 
9.565217e-02 
1.562450e-01 
1.361413e-01 
9.456496e-02 
1.869553e-01 
2.173835e-01 
1.734038e-01 
1.408637e-01 
5.246384e-02 
3.478261e-02 
2.260820e-01 
1.391290e-01 
1.725540e-01 
3.622275e-01 
1.199346e-01 
9.766319e-02 
1.306642e-01 
1.542194e-01 
1.698691e-01 
1.565175e-01 
1.042926e-01 
1.223913e-01 
1.550892e-01 
2.172821e-01 
9.796514e-02 
1.653582e-01 
2.590756e-01 
1.304284e-01 
1.397020e-01 
6.956379e-02 
1.130435e-01 
1.017122e-01 
1.416866e-01 
1.058700e-01 
1.391361e-01 
2.173913e-01 
1.643103e-01 
1.890003e-01 
1.512483e-01 
1.040739e-01 
1.147831e-01 
2.198191e-01 
6.449682e-02 
2.081520e-01 
1.997260e-01 
2.062494e-01 
2.233689e-01 
1.538861e-01 
1.601253e-01 
2.424964e-01 
1.416475e-01 
1.793417e-01 
2.273478e-01 
3.975509e-01 
1.817913e-01 
1.372237e-01 
2.073302e-01 
1.090247e-01 
1.949497e-01 
1.462447e-01 
1.741648e-01 
2.760201e-01 
3.119563e-01 
1.021314e-01 
1.595443e-01 
1.407099e-01 
1.582233e-01 
2.271136e-01 
1.447197e-01 
2.762521e-01 
1.976977e-01 
2.491805e-01 
2.124569e-01 
2.782559e-01 
1.284779e-01 
1.709712e-01 
1.913065e-01 
1.448441e-01 
2.301619e-01 
1.947149e-01 
2.782580e-01 
2.206509e-01 
2.317057e-01 
1.590539e-01 
1.791583e-01 
3.796117e-01 
2.499916e-01 
1.652160e-01 
6.087028e-02 
1.913043e-01 
2.614881e-01 
1.546177e-01 
2.169761e-01 
1.478218e-01 
2.683137e-01 
1.371217e-01 
3.260331e-01 
2.421192e-01 
1.932830e-01 
8.695367e-02 
1.702203e-01 
1.649456e-01 
1.198365e-01 
2.221732e-01 
1.217391e-01 
1.467389e-01 
2.073338e-01 
9.179998e-02 
1.907607e-01 
1.549916e-01 
1.451093e-01 
2.951050e-01 
1.383150e-01 
1.973128e-01 
1.462912e-01 
1.377671e-01 
1.478225e-01 
1.565160e-01 
1.784489e-01 
1.984433e-01 
1.525422e-01 
1.740172e-01 
2.347582e-01 
9.565146e-02 
1.088009e-01 
1.913043e-01 
2.402123e-01 
2.448475e-01 
1.371882e-01 
2.274864e-01 
2.547379e-01 
1.826087e-01 
1.585135e-01 
1.300588e-01 
1.256145e-01 
3.314898e-01 
7.690185e-02 
1.232391e-01 
1.478261e-01 
7.032778e-02 
1.793470e-01 
1.565182e-01 
1.175797e-01 
2.347230e-01 
1.217363e-01 
2.479962e-01 
1.696609e-01 
9.483819e-02 
1.498947e-01 
1.198358e-01 
9.538037e-02 
1.714640e-01 
1.391304e-01 
1.565217e-01 
2.027335e-01 
1.181847e-01 
1.457366e-01 
1.461953e-01 
1.391240e-01 
2.092645e-01 
2.320253e-01 
2.137015e-01 
2.000000e-01 
2.679344e-01 
9.538037e-02 
2.049878e-01 
2.062494e-01 
2.633439e-01 
2.175929e-01 
1.470100e-01 
1.904237e-01 
1.384243e-01 
1.700081e-01 
2.783252e-01 
1.907593e-01 
2.336890e-01 
1.944384e-01 
1.739073e-01 
1.385868e-01 
8.668329e-02 
2.626925e-01 
2.086957e-01 
1.565182e-01 
8.695652e-02 
2.062480e-01 
1.666641e-01 
2.366042e-01 
1.913043e-01 
1.872908e-01 
2.608639e-01 
2.089094e-01 
1.865133e-01 
1.922438e-01 
1.272720e-01 
2.260870e-01 
1.293797e-01 
2.642011e-01 
1.907572e-01 
3.470637e-01 
2.047160e-01 
1.429913e-01 
1.826023e-01 
1.217413e-01 
1.565210e-01 
2.407597e-01 
1.609919e-01 
2.394379e-01 
2.070598e-01 
2.184119e-01 
2.531742e-01 
2.086892e-01 
1.346802e-01 
1.546191e-01 
1.703515e-01 
8.753638e-02 
2.521739e-01 
1.739130e-01 
1.032563e-01 
1.112919e-01 
1.055295e-01 
1.618830e-01 
2.591395e-01 
3.200833e-01 
1.304348e-01 
2.128254e-01 
2.116870e-01 
1.716616e-01 
1.472825e-01 
2.283604e-01 
2.065212e-01 
2.124988e-01 
3.293476e-01 
1.093373e-01 
1.682116e-01 
1.904840e-01 
1.209687e-01 
1.313304e-01 
1.203773e-01 
1.470100e-01 
2.173899e-01 
7.744546e-02 
1.558216e-01 
1.709726e-01 
2.105005e-01 
2.130380e-01 
1.374996e-01 
8.989119e-02 
1.527957e-01 
2.543745e-01 
2.505331e-01 
1.807061e-01 
3.431009e-01 
1.684882e-01 
2.168490e-01 
1.983692e-01 
1.655102e-01 
1.828626e-01 
1.388926e-01 
2.316078e-01 
1.406891e-01 
2.028478e-01 
2.414636e-01 
3.968265e-01 
2.080746e-01 
1.290736e-01 
1.038042e-01 
1.736412e-01 
2.082861e-01 
9.954279e-02 
2.162927e-01 
2.217381e-01 
1.826087e-01 
1.890273e-01 
1.344070e-01 
1.739098e-01 
1.565210e-01 
1.253314e-01 
1.470014e-01 
1.341547e-01 
3.043478e-01 
1.304277e-01 
2.134582e-01 
1.391304e-01 
2.888335e-01 
1.792192e-01 
1.739095e-01 
1.579404e-01 
2.160301e-01 
2.051615e-01 
2.467312e-01 
2.485747e-01 
1.368164e-01 
2.902208e-01 
2.065226e-01 
3.083459e-01 
1.402682e-01 
1.857120e-01 
1.913043e-01 
1.809779e-01 
2.004882e-01 
