2.382741e-02 
1.035792e-01 
8.333197e-02 
1.500000e-01 
6.666667e-02 
4.947904e-02 
8.448228e-02 
1.678910e-01 
1.145828e-01 
2.604345e-01 
1.000000e-01 
1.666667e-02 
0 
0 
1.519238e-01 
2.130822e-01 
1.319374e-01 
1.413594e-01 
1.500000e-01 
2.150997e-01 
1.929852e-01 
1.833306e-01 
1.312457e-01 
2.713509e-01 
1.729581e-01 
6.666667e-02 
1.782701e-01 
1.901704e-01 
1.430660e-01 
1.659985e-01 
2.500000e-01 
1.125846e-01 
1.217605e-01 
7.627038e-02 
8.333333e-02 
1.166667e-01 
9.947904e-02 
1.166653e-01 
6.666667e-02 
7.934958e-02 
1.317677e-01 
3.333333e-02 
6.203538e-02 
2.080162e-01 
1.499945e-01 
7.792629e-02 
1.887038e-01 
2.322914e-01 
2.812495e-01 
1.645174e-01 
9.999591e-02 
2.569626e-01 
1.476847e-01 
6.614162e-02 
7.840892e-02 
3.312427e-01 
7.146247e-02 
1.897997e-01 
1.522365e-01 
1.984303e-01 
1.828124e-01 
1.656248e-01 
8.333333e-02 
8.281101e-02 
9.896218e-02 
2.782185e-01 
1.333292e-01 
1.499932e-01 
4.434471e-02 
1.103274e-01 
5.055570e-02 
1.333333e-01 
1.666667e-02 
1.499959e-01 
1.500000e-01 
4.947904e-02 
1.363215e-01 
1.303912e-01 
2.242752e-01 
2.500000e-01 
2.878543e-01 
1.499973e-01 
2.394207e-02 
1.130161e-01 
8.134274e-02 
6.833376e-02 
9.809156e-02 
1.756815e-01 
1.137228e-01 
1.000000e-01 
2.792461e-01 
2.791595e-01 
2.333333e-01 
4.797933e-02 
1.593121e-01 
1.166639e-01 
1.500027e-01 
3.166667e-01 
4.223316e-01 
2.078344e-01 
1.315000e-01 
1.161457e-01 
1.338890e-01 
2.452885e-01 
3.379509e-01 
2.500000e-01 
1.656259e-01 
2.958323e-01 
1.489581e-01 
1.116150e-01 
1.563858e-01 
8.229142e-02 
3.003598e-01 
3.109246e-01 
3.630865e-01 
9.843576e-02 
1.166667e-01 
9.436213e-02 
3.281238e-02 
5.745702e-02 
1.832089e-01 
1.636357e-01 
3.637139e-01 
4.693538e-01 
1.994790e-01 
1.209961e-01 
2.812458e-01 
1.291584e-01 
1.658438e-01 
1.142522e-01 
1.335605e-01 
3.195478e-01 
2.122539e-01 
9.999591e-02 
1.934938e-01 
2.499959e-01 
9.624929e-02 
2.073202e-01 
8.333333e-02 
3.238075e-01 
1.791657e-01 
1.718093e-01 
1.333292e-01 
1.489581e-01 
2.470568e-01 
4.624983e-01 
2.615559e-01 
1.333306e-01 
1.470809e-01 
2.590432e-01 
1.126253e-01 
8.333333e-02 
6.666257e-02 
9.895672e-02 
1.410035e-01 
1.666626e-01 
1.147560e-01 
2.991386e-02 
2.238430e-01 
2.656248e-01 
1.421195e-01 
1.999986e-01 
2.126226e-01 
9.843713e-02 
1.460163e-01 
1.500000e-01 
1.333333e-01 
6.666667e-02 
8.280965e-02 
1.590121e-01 
2.500000e-01 
2.596943e-01 
3.570077e-01 
1.656248e-01 
1.479162e-01 
2.630749e-01 
2.107830e-01 
3.281238e-02 
4.999591e-02 
8.333060e-02 
1.637207e-01 
3.333197e-02 
2.442763e-01 
1.322914e-01 
1.230521e-01 
3.166612e-01 
2.500000e-01 
1.328124e-01 
1.651038e-01 
5.660100e-02 
2.482981e-01 
3.161398e-01 
2.735949e-01 
1.500000e-01 
1.666667e-01 
1.216268e-01 
1.844237e-01 
5.000000e-02 
1.156248e-01 
1.479134e-01 
8.333197e-02 
2.771883e-01 
2.958323e-01 
1.499986e-01 
2.045963e-01 
1.708760e-01 
8.333197e-02 
3.274184e-01 
1.688875e-01 
5.000000e-02 
1.844265e-01 
1.614571e-02 
2.463533e-01 
2.140578e-01 
1.333333e-01 
2.333333e-01 
9.999727e-02 
1.841540e-01 
1.342990e-01 
6.666667e-02 
2.499877e-01 
9.193925e-02 
2.323787e-01 
2.129469e-01 
1.500000e-01 
1.635409e-01 
3.135409e-01 
4.256815e-01 
1.822914e-01 
1.527163e-01 
3.811753e-02 
8.281101e-02 
2.643805e-01 
1.549047e-01 
1.591836e-01 
1.130836e-01 
3.135368e-01 
2.312427e-01 
2.121031e-01 
1.833279e-01 
9.999864e-02 
6.666530e-02 
1.499945e-01 
2.000000e-01 
2.166585e-01 
7.792682e-02 
1.479134e-01 
7.407077e-02 
1.079349e-01 
1.833333e-01 
3.996794e-01 
1.166639e-01 
1.083323e-01 
1.078455e-01 
3.914514e-01 
1.959587e-01 
1.500000e-01 
1.350305e-01 
1.723372e-01 
3.650983e-01 
2.796684e-01 
2.654006e-01 
2.025410e-01 
3.463334e-01 
3.333347e-01 
2.833306e-01 
6.780367e-02 
1.372389e-01 
1.758923e-01 
1.479134e-01 
2.637221e-01 
3.955965e-01 
3.666557e-01 
1.174404e-01 
8.281238e-02 
1.336187e-01 
5.055570e-02 
5.000000e-02 
1.333333e-01 
1.259774e-01 
1.097208e-01 
1.124193e-01 
1.424991e-01 
1.486025e-01 
2.254314e-01 
1.833333e-01 
1.533414e-01 
1.939251e-01 
1.984337e-01 
2.156248e-01 
4.895809e-02 
1.984371e-01 
1.614571e-01 
1.328124e-01 
7.513665e-02 
2.578227e-01 
1.994736e-01 
1.941195e-01 
1.037080e-01 
3.281101e-02 
1.317691e-01 
1.333306e-01 
1.500000e-01 
1.769177e-01 
1.880673e-01 
2.221709e-01 
2.583275e-01 
1.494790e-01 
1.288279e-01 
8.180084e-02 
3.477547e-01 
1.328069e-01 
4.895809e-02 
1.367169e-01 
2.469661e-01 
1.822940e-01 
2.000000e-01 
1.428906e-01 
4.852908e-02 
1.402140e-01 
1.107766e-01 
1.064055e-01 
6.412504e-02 
1.730720e-01 
3.292893e-01 
1.986652e-01 
1.666530e-02 
6.614434e-02 
6.666667e-02 
1.302050e-01 
7.412369e-02 
9.947631e-02 
8.229142e-02 
1.833333e-01 
1.202497e-01 
1.946920e-01 
3.333286e-01 
8.332924e-02 
2.416882e-01 
1.140605e-01 
4.126826e-02 
6.666667e-02 
1.994681e-01 
2.445453e-01 
3.833333e-01 
2.977439e-01 
8.082050e-02 
4.999727e-02 
2.721048e-02 
1.666667e-02 
4.999864e-02 
4.546761e-01 
2.861277e-01 
2.892426e-01 
4.238895e-01 
4.468770e-01 
3.418224e-01 
2.394846e-01 
8.333060e-02 
8.333333e-02 
8.333333e-02 
8.229142e-02 
