3.200475e-01 
2.434310e-01 
4.172848e-01 
4.389411e-01 
2.902030e-01 
3.625262e-01 
3.624403e-01 
3.751408e-01 
3.114323e-01 
2.722740e-01 
2.879903e-01 
4.001432e-01 
2.833941e-01 
3.056217e-01 
3.266235e-01 
4.202647e-01 
2.814360e-01 
2.940818e-01 
3.428718e-01 
3.294906e-01 
1.929415e-01 
3.565679e-01 
3.526454e-01 
3.690581e-01 
2.797024e-01 
2.496477e-01 
4.165039e-01 
3.116268e-01 
2.627416e-01 
2.970093e-01 
3.131823e-01 
2.797101e-01 
3.643086e-01 
2.731199e-01 
2.442230e-01 
4.443180e-01 
2.136676e-01 
2.890806e-01 
2.214429e-01 
3.147572e-01 
2.936708e-01 
3.369914e-01 
2.964528e-01 
5.657661e-01 
2.288146e-01 
2.780374e-01 
2.478778e-01 
2.571604e-01 
2.222191e-01 
2.629681e-01 
3.027021e-01 
3.189088e-01 
2.294101e-01 
2.255830e-01 
2.907253e-01 
2.898193e-01 
3.205509e-01 
2.357336e-01 
1.867454e-01 
2.751300e-01 
2.452169e-01 
2.893094e-01 
2.948290e-01 
2.012706e-01 
3.408730e-01 
3.013743e-01 
2.451345e-01 
2.942833e-01 
3.071680e-01 
2.257499e-01 
2.676378e-01 
2.274477e-01 
3.210788e-01 
2.913708e-01 
3.194453e-01 
3.421663e-01 
2.241791e-01 
2.483458e-01 
2.745742e-01 
2.111957e-01 
3.297520e-01 
3.091912e-01 
3.607231e-01 
3.252640e-01 
3.020408e-01 
2.484185e-01 
3.210610e-01 
3.089168e-01 
2.627444e-01 
2.048946e-01 
2.743465e-01 
2.838083e-01 
2.780420e-01 
2.910177e-01 
2.424893e-01 
2.862669e-01 
2.912958e-01 
3.500234e-01 
3.355476e-01 
2.663111e-01 
2.565982e-01 
2.418665e-01 
2.649454e-01 
2.821601e-01 
2.013234e-01 
3.380370e-01 
3.497307e-01 
2.785866e-01 
2.925809e-01 
3.548197e-01 
2.964499e-01 
2.487924e-01 
2.679269e-01 
3.111855e-01 
2.715497e-01 
2.735944e-01 
3.769278e-01 
2.629842e-01 
2.910957e-01 
2.914530e-01 
3.856657e-01 
2.921890e-01 
2.469759e-01 
2.486533e-01 
2.770470e-01 
2.871626e-01 
2.059118e-01 
2.788568e-01 
2.428735e-01 
2.817141e-01 
3.921700e-01 
3.146054e-01 
2.101012e-01 
2.294219e-01 
2.394235e-01 
3.001852e-01 
2.695529e-01 
2.855135e-01 
3.337965e-01 
3.268021e-01 
1.723953e-01 
3.232370e-01 
3.172502e-01 
3.300488e-01 
2.833865e-01 
2.607321e-01 
3.350957e-01 
2.893041e-01 
1.742399e-01 
2.533493e-01 
2.389274e-01 
3.774367e-01 
2.475177e-01 
2.273580e-01 
3.049171e-01 
3.904393e-01 
1.851274e-01 
2.406153e-01 
3.598200e-01 
2.943299e-01 
2.448858e-01 
2.490787e-01 
3.201573e-01 
3.329285e-01 
2.624029e-01 
2.500205e-01 
3.274237e-01 
2.750161e-01 
3.482424e-01 
3.848035e-01 
2.571639e-01 
2.878540e-01 
2.259573e-01 
4.081097e-01 
2.757963e-01 
1.861509e-01 
2.838230e-01 
3.118436e-01 
2.785942e-01 
3.238388e-01 
3.512840e-01 
3.200035e-01 
3.637210e-01 
2.893056e-01 
2.843114e-01 
2.170336e-01 
3.082355e-01 
4.010573e-01 
2.481620e-01 
3.805868e-01 
2.983499e-01 
2.090802e-01 
2.677054e-01 
2.357266e-01 
2.913143e-01 
3.774481e-01 
2.444280e-01 
3.394431e-01 
3.146455e-01 
2.678744e-01 
2.428723e-01 
2.409791e-01 
2.428735e-01 
2.938019e-01 
3.280963e-01 
2.398600e-01 
2.702938e-01 
1.740712e-01 
2.375081e-01 
2.714508e-01 
4.300474e-01 
2.751676e-01 
2.452407e-01 
2.334643e-01 
3.895352e-01 
2.071598e-01 
2.272092e-01 
2.290351e-01 
2.303758e-01 
3.187767e-01 
2.192138e-01 
3.634929e-01 
3.304487e-01 
3.047275e-01 
2.571639e-01 
2.393018e-01 
3.161484e-01 
2.602061e-01 
3.376356e-01 
2.559687e-01 
2.850665e-01 
2.729202e-01 
2.468272e-01 
2.877218e-01 
3.026501e-01 
2.576597e-01 
2.493556e-01 
2.964538e-01 
2.456244e-01 
2.997462e-01 
3.233520e-01 
2.918133e-01 
2.698539e-01 
3.645755e-01 
2.438179e-01 
2.714409e-01 
2.450153e-01 
3.009654e-01 
2.378294e-01 
2.305571e-01 
2.266385e-01 
3.018342e-01 
2.437563e-01 
2.601485e-01 
2.062866e-01 
2.814658e-01 
2.351404e-01 
3.985797e-01 
4.235545e-01 
2.905303e-01 
3.301732e-01 
2.173983e-01 
2.622905e-01 
2.477503e-01 
2.893053e-01 
5.125182e-01 
3.511389e-01 
2.926574e-01 
2.664239e-01 
4.112113e-01 
3.316946e-01 
2.341280e-01 
2.417325e-01 
2.264456e-01 
2.643074e-01 
3.428794e-01 
3.000187e-01 
2.964528e-01 
2.030973e-01 
3.260532e-01 
2.178724e-01 
3.950043e-01 
3.561576e-01 
3.290436e-01 
2.323628e-01 
2.016427e-01 
2.358027e-01 
2.964547e-01 
3.178384e-01 
3.178832e-01 
4.095737e-01 
2.997506e-01 
2.279245e-01 
2.672695e-01 
3.197052e-01 
2.961402e-01 
2.049406e-01 
2.469184e-01 
2.609090e-01 
3.393135e-01 
1.998356e-01 
3.314114e-01 
2.195313e-01 
3.107078e-01 
2.371597e-01 
2.282183e-01 
2.148586e-01 
3.159730e-01 
2.059002e-01 
2.407306e-01 
2.525262e-01 
3.381173e-01 
2.660920e-01 
2.435839e-01 
3.647613e-01 
2.308189e-01 
3.705396e-01 
2.613485e-01 
2.340260e-01 
4.271985e-01 
2.415332e-01 
2.263982e-01 
3.153095e-01 
2.262161e-01 
2.377325e-01 
2.517958e-01 
2.307105e-01 
2.612357e-01 
2.250027e-01 
3.341699e-01 
2.348803e-01 
3.212559e-01 
3.015971e-01 
2.515785e-01 
2.759572e-01 
2.168525e-01 
2.928811e-01 
3.159134e-01 
4.285986e-01 
2.999785e-01 
3.432832e-01 
3.598925e-01 
2.676830e-01 
3.071601e-01 
2.464397e-01 
2.459522e-01 
2.428685e-01 
2.642915e-01 
3.519515e-01 
3.876744e-01 
2.923151e-01 
1.823371e-01 
2.758647e-01 
2.142998e-01 
2.279903e-01 
1.801112e-01 
3.458034e-01 
3.224737e-01 
2.982426e-01 
3.367443e-01 
2.947483e-01 
3.406898e-01 
