1.725248e-01 
1.308000e-01 
8.526190e-02 
7.056257e-02 
3.132449e-01 
3.602199e-01 
2.226352e-01 
4.196188e-02 
1.428571e-02 
2.256787e-01 
5.624745e-02 
0 
1.124996e-01 
3.747034e-01 
4.839255e-02 
3.164643e-02 
4.210071e-02 
3.648253e-01 
2.857143e-02 
1.383918e-02 
1.428571e-01 
3.333278e-01 
4.240951e-02 
0 
7.142857e-02 
5.088783e-01 
4.285656e-02 
3.142906e-02 
1.984768e-01 
5.729268e-01 
4.285714e-02 
6.117223e-02 
1.428513e-01 
2.460147e-02 
1.344141e-01 
5.669632e-02 
6.640063e-02 
8.571429e-02 
1.428571e-02 
1.687494e-01 
1.120519e-01 
1.000000e-01 
1.553567e-01 
2.393727e-02 
1.457958e-01 
1.080075e-02 
7.142506e-02 
1.709762e-01 
8.571312e-02 
2.155182e-01 
1.249980e-01 
7.142623e-02 
9.910693e-02 
1.357254e-01 
1.561096e-01 
6.964243e-02 
2.142834e-01 
1.138392e-01 
8.841871e-02 
2.857143e-02 
2.857143e-02 
9.687426e-02 
0 
1.428454e-02 
1.129416e-01 
1.401733e-01 
4.285714e-02 
4.285714e-02 
1.265271e-02 
1.085602e-01 
5.784263e-02 
1.030826e-01 
1.176447e-01 
2.451128e-01 
4.159402e-02 
2.077230e-01 
1.705355e-01 
2.155276e-01 
0 
1.078298e-01 
1.982115e-01 
1.133926e-01 
3.594979e-02 
1.129439e-01 
1.705343e-01 
1.049488e-01 
2.267853e-01 
1.383918e-02 
8.482122e-02 
1.092894e-01 
9.866040e-02 
4.240951e-02 
4.285714e-02 
1.263341e-01 
3.362274e-02 
9.821386e-02 
4.285714e-02 
3.535706e-01 
1.825842e-01 
1.428571e-02 
1.126527e-01 
0 
1.428571e-02 
3.442690e-01 
1.428571e-02 
2.721696e-01 
1.705332e-01 
4.240951e-02 
2.665120e-01 
5.624979e-02 
7.097736e-02 
1.990999e-01 
1.383918e-02 
2.595686e-01 
9.901223e-02 
1.383918e-02 
4.070329e-02 
1.428571e-02 
4.241061e-02 
8.437468e-02 
0 
2.318637e-01 
2.419606e-01 
1.054418e-02 
1.415371e-01 
1.428454e-02 
0 
2.992773e-01 
2.857084e-02 
1.256027e-01 
6.349896e-02 
0 
1.714286e-01 
5.224934e-02 
1.135474e-02 
2.544636e-01 
1.383918e-02 
2.480434e-01 
1.633257e-01 
1.383918e-02 
2.285656e-01 
2.857143e-02 
4.285363e-02 
4.007170e-02 
4.196407e-02 
3.753659e-01 
3.533952e-02 
0 
1.639513e-01 
8.516054e-03 
0 
3.135093e-01 
4.528292e-02 
2.601541e-01 
1.415175e-01 
1.428571e-02 
1.857143e-01 
0 
0 
1.341971e-02 
2.857143e-02 
1.165439e-02 
1.428571e-02 
7.380701e-03 
0 
5.580325e-02 
2.337269e-02 
1.383918e-02 
1.428454e-02 
2.086725e-02 
4.196407e-02 
4.042496e-02 
5.669632e-02 
2.569332e-01 
0 
5.409832e-02 
1.514980e-01 
1.383808e-02 
2.280060e-02 
1.428571e-02 
2.857143e-02 
7.679254e-02 
9.225876e-03 
5.714286e-02 
1.142857e-01 
2.812372e-02 
8.571429e-02 
1.383918e-02 
2.857143e-02 
1.545437e-01 
7.259680e-03 
1.383918e-02 
1.422150e-01 
0 
8.571429e-02 
1.383918e-02 
0 
8.571370e-02 
0 
0 
1.285714e-01 
2.789752e-02 
2.696342e-01 
2.812380e-02 
1.428571e-02 
2.672387e-01 
0 
8.526190e-02 
9.955113e-02 
1.383918e-02 
3.977850e-02 
6.323872e-02 
2.857143e-02 
3.980055e-01 
1.428571e-02 
4.196407e-02 
4.154461e-02 
1.383918e-02 
1.652890e-01 
1.383918e-02 
2.770543e-02 
2.386815e-01 
2.131666e-02 
5.982122e-02 
4.285597e-02 
9.866040e-02 
0 
9.603532e-02 
0 
2.812489e-02 
0 
1.281249e-01 
2.142740e-02 
1.373600e-01 
7.142272e-03 
2.791516e-02 
1.428571e-02 
1.276784e-01 
0 
1.383918e-02 
2.857143e-02 
7.008450e-02 
7.773945e-02 
1.100443e-01 
2.767836e-02 
2.767836e-02 
1.428571e-02 
3.559854e-02 
2.856909e-02 
7.008677e-02 
1.006479e-02 
3.903310e-02 
2.063036e-02 
6.220210e-02 
2.857143e-02 
1.133926e-01 
0 
3.558033e-01 
2.116042e-01 
1.428571e-02 
7.236432e-01 
2.203237e-01 
7.142857e-02 
8.437234e-02 
1.428571e-01 
3.379301e-01 
4.037252e-01 
9.910693e-02 
1.116065e-01 
1.155038e-01 
1.428571e-02 
8.188018e-02 
9.014026e-02 
0 
1.816955e-01 
8.392815e-02 
0 
1.973479e-01 
0 
7.011253e-02 
1.102468e-01 
4.075772e-01 
2.089352e-01 
4.154447e-02 
5.000000e-01 
3.950958e-01 
4.196407e-02 
1.392794e-01 
1.302493e-02 
3.767836e-01 
7.375317e-01 
1.383918e-02 
8.392815e-02 
8.171202e-02 
5.809548e-02 
1.586971e-01 
1.142834e-01 
1.428571e-02 
1.566928e-01 
2.731064e-02 
2.857143e-02 
3.988194e-01 
0 
6.821438e-02 
1.339617e-01 
1.183020e-01 
1.428571e-02 
4.196407e-02 
5.677370e-03 
5.624979e-02 
2.857143e-02 
6.964170e-02 
9.739890e-02 
7.053550e-02 
6.675391e-02 
9.106661e-02 
3.393722e-01 
9.605910e-02 
1.640194e-02 
8.482122e-02 
9.740200e-02 
1.276737e-01 
6.929255e-02 
2.113022e-01 
7.142389e-02 
1.825842e-01 
5.669398e-02 
1.428571e-02 
2.857143e-02 
2.666509e-01 
0 
4.336240e-02 
5.713935e-02 
5.331881e-02 
1.544636e-01 
1.977673e-01 
4.285363e-02 
1.383918e-02 
2.857143e-02 
0 
1.428571e-02 
9.776733e-02 
0 
1.986604e-01 
1.714286e-01 
1.249980e-01 
1.428571e-02 
1.428571e-02 
0 
8.303508e-02 
1.428571e-02 
1.991069e-01 
1.285714e-01 
1.249940e-01 
2.285714e-01 
1.000000e-01 
2.857143e-02 
4.285714e-02 
1.428571e-02 
1.341971e-02 
1.383918e-02 
4.196407e-02 
