3.571000e-01 
2.143000e-01 
0 
2.143000e-01 
4.286000e-01 
4.286000e-01 
2.143000e-01 
2.143000e-01 
2.857000e-01 
6.429000e-01 
7.140000e-02 
3.571000e-01 
2.143000e-01 
5.714000e-01 
7.140000e-02 
1.429000e-01 
2.143000e-01 
6.429000e-01 
7.140000e-02 
1.429000e-01 
1.429000e-01 
2.857000e-01 
0 
7.140000e-02 
1.429000e-01 
7.857000e-01 
0 
7.140000e-02 
1.429000e-01 
3.571000e-01 
0 
0 
7.140000e-02 
0 
7.140000e-02 
2.143000e-01 
7.140000e-02 
7.140000e-02 
7.140000e-02 
2.143000e-01 
0 
1.429000e-01 
4.286000e-01 
1.429000e-01 
1.429000e-01 
2.143000e-01 
0 
2.857000e-01 
7.140000e-02 
1.429000e-01 
7.140000e-02 
2.143000e-01 
1.429000e-01 
7.140000e-02 
3.571000e-01 
7.140000e-02 
1.429000e-01 
2.857000e-01 
0 
0 
7.140000e-02 
3.571000e-01 
7.140000e-02 
7.140000e-02 
4.286000e-01 
5.000000e-01 
0 
4.286000e-01 
7.140000e-02 
7.140000e-02 
0 
2.143000e-01 
2.857000e-01 
7.140000e-02 
2.143000e-01 
7.143000e-01 
7.140000e-02 
1.429000e-01 
1.429000e-01 
7.140000e-02 
2.857000e-01 
0 
1.429000e-01 
2.143000e-01 
4.286000e-01 
5.000000e-01 
4.286000e-01 
7.140000e-02 
7.140000e-02 
1.429000e-01 
2.143000e-01 
7.140000e-02 
0 
2.143000e-01 
7.140000e-02 
0 
2.857000e-01 
2.143000e-01 
2.143000e-01 
3.571000e-01 
5.000000e-01 
8.571000e-01 
0 
2.143000e-01 
7.140000e-02 
2.143000e-01 
7.140000e-02 
7.140000e-02 
7.140000e-02 
4.286000e-01 
0 
0 
1.429000e-01 
2.143000e-01 
0 
1.429000e-01 
2.143000e-01 
4.286000e-01 
0 
0 
1.429000e-01 
0 
7.140000e-02 
0 
0 
2.143000e-01 
1.429000e-01 
1.429000e-01 
0 
7.140000e-02 
0 
0 
3.571000e-01 
7.140000e-02 
0 
0 
1.429000e-01 
0 
1.429000e-01 
1.429000e-01 
0 
2.143000e-01 
0 
1.429000e-01 
2.857000e-01 
7.140000e-02 
1.429000e-01 
2.857000e-01 
2.143000e-01 
0 
0 
2.143000e-01 
1.429000e-01 
2.857000e-01 
0 
2.143000e-01 
3.571000e-01 
2.857000e-01 
2.143000e-01 
0 
5.714000e-01 
5.714000e-01 
1.429000e-01 
3.571000e-01 
0 
1.429000e-01 
0 
3.571000e-01 
5.000000e-01 
7.857000e-01 
0 
2.143000e-01 
7.140000e-02 
2.143000e-01 
4.286000e-01 
0 
2.857000e-01 
1.429000e-01 
7.140000e-02 
2.143000e-01 
7.140000e-02 
1.429000e-01 
2.857000e-01 
0 
2.857000e-01 
1.429000e-01 
1.429000e-01 
0 
1.429000e-01 
4.286000e-01 
3.571000e-01 
7.140000e-02 
7.140000e-02 
7.140000e-02 
7.140000e-02 
7.140000e-02 
7.140000e-02 
0 
0 
7.140000e-02 
7.140000e-02 
1.429000e-01 
1.429000e-01 
7.140000e-02 
0 
0 
0 
0 
1.429000e-01 
1.429000e-01 
7.140000e-02 
7.140000e-02 
2.143000e-01 
1.429000e-01 
0 
7.140000e-02 
2.143000e-01 
7.140000e-02 
3.571000e-01 
0 
7.140000e-02 
7.140000e-02 
2.857000e-01 
2.143000e-01 
1.429000e-01 
1.429000e-01 
0 
0 
2.857000e-01 
7.140000e-02 
1.429000e-01 
0 
7.140000e-02 
0 
0 
2.857000e-01 
1.429000e-01 
1.429000e-01 
7.140000e-02 
7.140000e-02 
7.140000e-02 
7.140000e-02 
2.143000e-01 
2.143000e-01 
7.140000e-02 
1.429000e-01 
0 
0 
1.429000e-01 
7.140000e-02 
1.429000e-01 
2.143000e-01 
7.140000e-02 
7.140000e-02 
0 
7.140000e-02 
0 
2.143000e-01 
0 
2.857000e-01 
0 
4.286000e-01 
7.140000e-02 
1.429000e-01 
1.429000e-01 
7.140000e-02 
1.429000e-01 
7.140000e-02 
1.429000e-01 
2.143000e-01 
2.857000e-01 
1.429000e-01 
1.429000e-01 
1.429000e-01 
1.429000e-01 
2.143000e-01 
1.429000e-01 
7.140000e-02 
0 
2.143000e-01 
2.857000e-01 
7.140000e-02 
0 
1.429000e-01 
1.429000e-01 
1.429000e-01 
7.140000e-02 
2.857000e-01 
2.143000e-01 
7.140000e-02 
2.143000e-01 
0 
2.143000e-01 
5.000000e-01 
1.429000e-01 
2.143000e-01 
7.140000e-02 
2.857000e-01 
7.140000e-02 
1.429000e-01 
1.429000e-01 
0 
1.429000e-01 
2.857000e-01 
1.429000e-01 
0 
7.140000e-02 
1.429000e-01 
0 
0 
7.140000e-02 
0 
2.143000e-01 
7.140000e-02 
7.140000e-02 
0 
0 
0 
7.140000e-02 
1.429000e-01 
0 
7.140000e-02 
7.140000e-02 
5.000000e-01 
0 
0 
0 
7.140000e-02 
2.143000e-01 
1.429000e-01 
7.140000e-02 
1.429000e-01 
7.140000e-02 
1.429000e-01 
2.143000e-01 
1.429000e-01 
0 
7.140000e-02 
1.429000e-01 
7.140000e-02 
7.140000e-02 
2.143000e-01 
1.429000e-01 
7.140000e-02 
1.429000e-01 
7.140000e-02 
1.429000e-01 
7.140000e-02 
0 
0 
2.143000e-01 
7.140000e-02 
7.140000e-02 
2.857000e-01 
7.140000e-02 
1.429000e-01 
0 
0 
1.429000e-01 
0 
0 
0 
