2.009994e-02 
4.240105e-02 
0 
1.730815e-02 
4.861369e-02 
4.543096e-01 
7.146207e-02 
1.786661e-02 
3.573177e-02 
5.181318e-01 
8.933307e-03 
5.304138e-02 
1.071997e-01 
7.325312e-01 
3.450795e-02 
7.484365e-03 
8.548273e-02 
6.671873e-01 
0 
0 
9.841102e-02 
7.127827e-01 
0 
0 
5.359984e-02 
7.682498e-01 
2.651923e-02 
0 
6.929881e-02 
7.132858e-01 
0 
0 
3.573264e-01 
1.404371e-01 
1.707556e-01 
2.195311e-01 
2.638463e-01 
1.786661e-02 
1.730952e-02 
1.786661e-02 
1.055258e-01 
8.709921e-02 
3.631765e-02 
8.877461e-02 
8.709921e-02 
2.723937e-02 
1.786661e-02 
0 
2.305921e-01 
5.331472e-02 
8.933307e-02 
1.169271e-01 
2.322631e-01 
0 
3.168642e-01 
2.132824e-01 
1.786661e-02 
1.077783e-01 
1.228324e-01 
9.987355e-02 
0 
1.815883e-02 
0 
1.786661e-02 
4.187735e-01 
3.260947e-01 
6.988891e-02 
6.768537e-02 
3.466583e-01 
4.167618e-01 
3.632893e-02 
0 
1.965700e-01 
7.034953e-02 
3.573177e-02 
5.359984e-02 
1.904467e-01 
5.359838e-02 
0 
2.694457e-02 
1.954129e-01 
1.541482e-01 
1.397748e-01 
3.573323e-02 
4.466595e-01 
2.657639e-01 
4.823986e-01 
7.800673e-03 
0 
2.387532e-01 
4.194710e-02 
1.909828e-02 
0 
3.139763e-01 
1.653298e-02 
5.304138e-02 
8.548078e-02 
3.974860e-01 
2.175175e-01 
3.573616e-02 
1.095497e-01 
3.533975e-01 
1.730815e-02 
1.250648e-01 
3.517476e-02 
3.394598e-01 
2.143994e-01 
1.730815e-02 
7.175867e-02 
1.786632e-01 
0 
5.359838e-02 
5.359692e-02 
2.143994e-01 
1.203504e-01 
1.786661e-02 
7.090799e-02 
1.390237e-01 
1.786661e-02 
6.297147e-02 
3.573323e-02 
4.745684e-01 
2.484482e-01 
0 
1.943341e-02 
1.580072e-01 
5.359984e-02 
1.287970e-02 
0 
2.143994e-01 
2.462234e-01 
3.475647e-02 
1.443969e-01 
1.781063e-01 
0 
2.307692e-02 
1.730815e-02 
2.668706e-01 
1.954100e-01 
2.307692e-02 
0 
1.135671e-01 
8.685107e-02 
3.573177e-02 
3.602544e-02 
3.885876e-01 
1.015611e-01 
5.359838e-02 
1.170248e-01 
1.176174e-01 
5.359838e-02 
5.139984e-02 
1.786661e-02 
3.718481e-01 
2.155897e-01 
6.979106e-02 
1.523531e-01 
1.253556e-01 
0 
3.517330e-02 
1.786661e-02 
6.239132e-02 
3.573177e-02 
4.832016e-02 
5.000200e-02 
6.326557e-02 
0 
0 
3.517330e-02 
7.254264e-02 
0 
3.164854e-02 
3.369089e-02 
5.303992e-02 
0 
1.786661e-02 
1.730815e-02 
0 
9.190821e-02 
5.359984e-02 
9.870470e-02 
6.513538e-02 
1.786661e-02 
0 
8.765768e-02 
1.786661e-02 
7.146573e-02 
0 
8.933307e-02 
1.060828e-01 
1.786661e-02 
1.786661e-02 
1.786661e-02 
0 
8.709921e-02 
2.840190e-02 
3.573323e-02 
3.573323e-02 
1.786661e-02 
3.573323e-02 
3.206849e-02 
8.932722e-02 
8.933307e-02 
0 
6.923260e-02 
1.786661e-02 
0 
6.765877e-02 
9.520287e-02 
7.146646e-02 
1.204024e-02 
7.419015e-02 
3.517476e-02 
3.461630e-02 
3.573323e-02 
1.334581e-01 
3.517476e-02 
1.730815e-02 
2.408049e-02 
0 
8.933307e-02 
8.775625e-02 
6.407677e-02 
1.793967e-02 
1.786661e-02 
0 
4.481264e-02 
0 
3.573323e-02 
0 
1.730815e-02 
1.786515e-02 
4.230131e-02 
8.933307e-03 
3.141457e-02 
1.786661e-02 
5.359984e-02 
1.846154e-02 
5.248291e-02 
1.786661e-02 
1.786661e-02 
0 
6.950423e-02 
0 
0 
1.786661e-02 
0 
0 
1.786661e-02 
0 
2.851733e-02 
0 
2.818372e-02 
4.216461e-02 
3.324977e-02 
1.786661e-02 
1.786661e-02 
3.337253e-01 
2.305833e-01 
1.730815e-02 
1.607995e-01 
1.056241e-01 
1.786515e-02 
9.387257e-03 
3.573323e-02 
2.070637e-01 
1.544893e-01 
0 
7.146353e-02 
3.106645e-01 
5.359984e-02 
1.792510e-01 
7.150370e-02 
4.824970e-02 
1.620267e-01 
1.071997e-01 
7.146500e-02 
5.359838e-02 
3.517476e-02 
4.466617e-02 
1.701808e-01 
1.948501e-01 
1.066354e-01 
5.359838e-02 
1.786515e-02 
2.462219e-01 
1.730815e-02 
3.359795e-02 
1.875097e-01 
1.259986e-01 
1.775492e-01 
1.730815e-02 
3.573323e-02 
2.138248e-01 
4.724561e-02 
7.269666e-02 
3.573323e-02 
1.228324e-01 
0 
3.573616e-02 
6.385455e-02 
3.517476e-02 
1.786515e-02 
1.730815e-02 
6.988525e-02 
5.035062e-02 
3.631765e-02 
1.730815e-02 
0 
1.130293e-02 
5.359984e-02 
0 
8.877324e-02 
0 
1.250663e-01 
5.359984e-02 
5.359984e-02 
0 
5.359545e-02 
0 
1.402068e-01 
5.447875e-02 
1.044074e-01 
1.786661e-02 
1.071968e-01 
3.517476e-02 
5.359984e-02 
7.146646e-02 
1.044074e-01 
0 
0 
1.031745e-01 
8.992878e-02 
0 
8.729144e-02 
3.517476e-02 
0 
1.786515e-02 
1.786661e-02 
0 
5.359984e-02 
7.146500e-02 
3.573323e-02 
0 
5.651760e-02 
0 
3.517476e-02 
1.786661e-02 
1.786661e-02 
1.730815e-02 
1.786661e-02 
1.023707e-01 
1.786661e-02 
0 
8.083808e-02 
5.304138e-02 
8.821614e-02 
0 
8.933307e-02 
5.359984e-02 
3.573177e-02 
5.359692e-02 
