4.354245e-02 
4.556044e-02 
7.272727e-02 
1.761350e-02 
0 
1.015357e-01 
7.272430e-02 
0 
3.636215e-02 
3.636364e-02 
7.860808e-02 
1.761350e-02 
5.454545e-02 
3.636364e-02 
3.551116e-02 
9.090909e-03 
9.090909e-03 
1.066338e-01 
3.636364e-02 
0 
2.741992e-02 
0 
1.818182e-02 
0 
0 
3.636364e-02 
3.607948e-02 
2.670441e-02 
5.426130e-02 
9.704195e-02 
0 
0 
7.272430e-02 
2.195881e-02 
1.761350e-02 
1.295865e-01 
9.090462e-02 
1.818182e-02 
0 
2.858198e-02 
3.636513e-02 
6.800072e-02 
3.994641e-02 
9.183800e-02 
1.085226e-01 
9.239978e-03 
3.636364e-02 
0 
5.454545e-02 
8.946574e-03 
0 
6.461020e-02 
4.888715e-02 
1.761350e-02 
6.630872e-02 
1.818182e-02 
3.636364e-02 
9.149936e-02 
1.761350e-02 
8.315634e-02 
0 
1.818033e-02 
0 
0 
9.585775e-02 
0 
3.636364e-02 
1.083861e-02 
1.074124e-01 
7.755014e-02 
0 
0 
8.920414e-02 
1.818182e-02 
0 
5.397714e-02 
3.905604e-02 
1.016288e-01 
1.818182e-02 
0 
5.454545e-02 
1.177472e-01 
0 
0 
7.272578e-02 
5.454397e-02 
1.818182e-02 
0 
5.340882e-02 
6.937831e-02 
2.635026e-02 
2.789943e-02 
0 
9.239593e-03 
8.412329e-03 
1.818182e-02 
5.397714e-02 
1.368202e-01 
1.927239e-01 
1.818331e-02 
6.075193e-02 
1.818182e-02 
1.761350e-02 
3.636364e-02 
1.761350e-02 
9.090760e-02 
9.090909e-02 
3.636364e-02 
1.073860e-01 
5.454397e-02 
0 
1.734246e-02 
0 
9.034077e-02 
7.102232e-02 
0 
1.818182e-02 
1.068176e-01 
3.636364e-02 
4.619797e-02 
5.454545e-02 
9.033482e-02 
5.454248e-02 
0 
2.806995e-02 
9.033482e-02 
0 
0 
0 
5.340882e-02 
1.073860e-01 
1.784146e-02 
3.099154e-02 
5.397574e-02 
1.818033e-02 
2.992384e-02 
1.818182e-02 
9.033780e-02 
1.630666e-01 
7.828016e-03 
1.818182e-02 
1.438499e-01 
3.636364e-02 
1.818182e-02 
7.302464e-02 
3.522700e-02 
5.201818e-02 
7.272578e-02 
7.863403e-02 
8.333173e-02 
1.818182e-02 
3.522700e-02 
7.272727e-02 
9.034077e-02 
7.272727e-02 
7.102232e-02 
3.206593e-02 
1.818182e-02 
7.159343e-02 
3.428377e-02 
3.636364e-02 
6.349203e-02 
1.272668e-01 
2.561798e-02 
5.340733e-02 
3.666177e-02 
0 
3.579532e-02 
1.818182e-02 
2.578164e-02 
9.043925e-02 
1.610344e-02 
1.818182e-02 
1.090909e-01 
7.541967e-02 
7.272727e-02 
1.062493e-01 
1.761350e-02 
1.546638e-01 
9.413628e-02 
9.239593e-03 
7.272727e-02 
3.636364e-02 
1.818182e-02 
1.818182e-02 
0 
1.818107e-02 
3.636215e-02 
1.818182e-02 
9.806153e-02 
1.818182e-02 
1.085226e-01 
7.272727e-02 
0 
1.818182e-02 
3.636364e-02 
5.454545e-02 
3.636364e-02 
0 
3.636364e-02 
0 
0 
1.103033e-01 
1.127225e-02 
0 
5.454545e-02 
1.818182e-02 
1.445149e-02 
2.623354e-02 
0 
0 
1.818182e-02 
0 
8.816484e-02 
1.818182e-02 
1.272727e-01 
1.818182e-02 
3.522700e-02 
8.920833e-02 
0 
0 
3.636364e-02 
6.107976e-02 
7.809985e-02 
9.091207e-02 
1.445149e-02 
7.272281e-02 
4.864595e-02 
5.454545e-02 
8.564718e-02 
1.761350e-02 
5.340733e-02 
4.870440e-02 
4.517039e-02 
7.270743e-02 
2.670367e-02 
3.636364e-02 
4.620865e-02 
7.102232e-02 
1.818182e-02 
0 
5.454694e-02 
1.338808e-01 
0 
3.579672e-02 
9.034077e-02 
0 
0 
7.273174e-02 
1.199191e-02 
1.199295e-01 
5.340882e-02 
2.599426e-02 
2.258519e-02 
3.273567e-02 
5.454545e-02 
3.636364e-02 
9.519913e-02 
9.033780e-02 
6.249861e-02 
0 
1.818182e-02 
1.818182e-02 
1.186423e-01 
5.454545e-02 
1.417242e-01 
3.475900e-02 
0 
3.636364e-02 
7.105677e-02 
3.696826e-02 
7.215896e-02 
3.636364e-02 
3.636364e-02 
3.696985e-02 
1.261361e-01 
3.636215e-02 
5.454248e-02 
5.340882e-02 
0 
2.818205e-02 
7.215896e-02 
7.219685e-02 
5.454248e-02 
1.999911e-01 
5.397714e-02 
8.806751e-02 
1.818182e-02 
9.090909e-02 
1.611106e-01 
3.579532e-02 
1.818182e-02 
3.383895e-02 
4.530985e-02 
1.523281e-02 
1.090894e-01 
3.636364e-02 
5.397714e-02 
5.340882e-02 
1.085271e-01 
3.636215e-02 
0 
5.454248e-02 
1.068176e-01 
1.818182e-02 
3.579532e-02 
1.317891e-01 
0 
1.209061e-01 
1.818182e-02 
7.272727e-02 
3.636364e-02 
7.101813e-02 
9.034077e-02 
5.454545e-02 
1.221986e-01 
7.272727e-02 
3.636364e-02 
1.818033e-02 
1.818033e-02 
3.636066e-02 
1.818182e-02 
1.761350e-02 
7.479282e-02 
5.454397e-02 
1.818182e-02 
1.818182e-02 
7.272430e-02 
5.454545e-02 
0 
0 
1.149962e-01 
1.878803e-02 
0 
5.365466e-02 
5.454545e-02 
1.657842e-02 
1.818033e-02 
3.526145e-02 
5.397714e-02 
1.818182e-02 
1.878803e-02 
0 
1.818182e-02 
0 
7.102232e-02 
9.090760e-02 
1.255678e-01 
2.881589e-02 
1.761350e-02 
7.272727e-02 
1.415766e-01 
0 
5.454545e-02 
8.196687e-02 
7.048846e-02 
7.272727e-02 
9.983395e-02 
7.102232e-02 
1.761350e-02 
5.454545e-02 
3.526145e-02 
