2.942734e-01 
2.299573e-01 
8.013914e-02 
9.609323e-02 
1.685030e-01 
3.168427e-02 
1.333106e-01 
2.168399e-01 
1.225932e-01 
6.501359e-02 
1.797784e-01 
1.811140e-01 
9.672978e-02 
6.912059e-02 
1.407046e-01 
1.189378e-01 
2.030365e-01 
5.273911e-02 
1.380098e-01 
1.455106e-01 
1.526591e-01 
4.245688e-02 
2.122888e-01 
2.086392e-01 
6.302307e-02 
1.575577e-01 
2.329647e-01 
2.064917e-01 
1.850578e-01 
8.106675e-02 
1.804420e-01 
3.742918e-01 
4.033486e-01 
6.202773e-02 
1.657911e-01 
6.680832e-02 
6.335485e-02 
2.205773e-01 
3.652015e-01 
2.604372e-01 
1.776886e-01 
4.212336e-02 
2.681764e-01 
7.430107e-02 
9.845306e-02 
2.582830e-01 
1.661814e-01 
3.240660e-01 
3.024919e-01 
9.320748e-02 
1.777877e-01 
7.430107e-02 
7.869650e-02 
1.903963e-01 
2.212400e-01 
9.632046e-02 
2.163682e-01 
9.837541e-02 
3.528165e-02 
1.592122e-01 
2.376299e-01 
2.558004e-01 
3.117975e-02 
1.681697e-01 
3.768009e-01 
1.289282e-01 
5.306915e-02 
8.767123e-02 
3.184331e-02 
1.028266e-02 
1.324671e-01 
2.298681e-01 
1.698310e-01 
1.273715e-01 
2.199128e-01 
1.054800e-01 
3.151153e-02 
1.321743e-01 
9.387023e-02 
4.088069e-01 
2.547396e-01 
5.307045e-02 
1.785270e-01 
4.245775e-02 
7.464653e-02 
7.115895e-02 
2.764677e-01 
8.049243e-02 
1.425797e-01 
1.035049e-01 
2.056532e-02 
1.684995e-01 
1.054800e-01 
1.157635e-01 
8.491203e-02 
3.290424e-01 
2.040727e-01 
2.122888e-02 
3.736176e-01 
7.209486e-02 
1.156732e-01 
9.387104e-02 
1.678377e-01 
2.180300e-01 
1.799266e-01 
7.363327e-02 
1.851946e-01 
3.184158e-02 
1.843853e-01 
7.212332e-02 
1.220580e-01 
3.757168e-01 
2.335176e-01 
9.420282e-02 
3.290424e-01 
7.465451e-02 
9.656474e-02 
7.455828e-02 
1.408355e-01 
2.623749e-01 
1.698275e-01 
4.146241e-02 
4.220571e-01 
1.878007e-01 
1.051449e-01 
1.147681e-01 
1.054808e-01 
2.335124e-01 
1.804428e-01 
4.179419e-02 
3.477027e-01 
5.454192e-02 
2.620383e-01 
9.617426e-02 
8.491290e-02 
3.147836e-01 
1.321320e-01 
3.184331e-02 
4.162242e-01 
8.325400e-02 
1.863647e-01 
1.273733e-01 
2.020240e-01 
3.489459e-01 
2.001665e-01 
3.117975e-02 
4.159272e-01 
6.127563e-02 
2.016743e-01 
8.161222e-02 
1.592161e-01 
2.201427e-01 
1.472750e-01 
7.268644e-02 
3.608848e-01 
9.161858e-02 
2.212443e-01 
1.976864e-01 
1.061409e-01 
8.292482e-02 
4.484581e-01 
6.304231e-02 
1.698197e-01 
2.431343e-01 
5.048332e-02 
3.781747e-01 
2.547422e-01 
7.330573e-02 
2.299687e-01 
9.056821e-02 
2.206437e-01 
2.301955e-01 
5.273343e-02 
3.777997e-01 
1.698336e-01 
7.000331e-02 
2.865864e-01 
3.084797e-02 
1.804394e-01 
1.342406e-01 
3.151072e-02 
5.402438e-01 
6.368402e-02 
1.379388e-01 
4.543384e-01 
7.429933e-02 
8.359165e-02 
2.568694e-01 
2.089183e-02 
3.524452e-01 
1.407740e-01 
8.425194e-02 
3.472852e-01 
6.304318e-02 
1.393957e-01 
1.376559e-01 
2.056532e-02 
5.383390e-01 
8.491464e-02 
1.861234e-01 
4.138089e-01 
2.122888e-02 
7.609937e-02 
2.321870e-01 
2.122888e-02 
2.246378e-01 
1.435536e-01 
1.054808e-01 
1.763939e-01 
3.714879e-02 
2.623697e-01 
1.589025e-01 
3.151153e-02 
3.671922e-01 
1.519205e-01 
6.893002e-02 
2.829402e-01 
4.152097e-02 
1.482704e-01 
1.273698e-01 
3.184331e-02 
2.893596e-01 
1.900900e-01 
1.298269e-01 
2.822680e-01 
3.681810e-02 
8.491290e-02 
1.444578e-01 
1.853268e-01 
8.141037e-02 
1.910599e-01 
7.365762e-02 
5.240779e-02 
7.799194e-02 
2.708421e-01 
1.301013e-01 
1.745923e-01 
1.698275e-01 
1.407794e-01 
9.552994e-02 
8.967949e-02 
1.109009e-01 
2.276125e-01 
1.115667e-01 
7.776593e-02 
1.369899e-01 
2.942078e-01 
1.354139e-01 
2.137183e-01 
1.671768e-01 
2.081984e-01 
1.675085e-01 
2.109146e-01 
1.572532e-01 
1.122599e-01 
2.405359e-01 
1.592166e-01 
1.430380e-01 
3.373214e-01 
1.571494e-01 
9.552734e-02 
1.078042e-01 
1.890666e-01 
3.129136e-01 
2.318535e-01 
7.303144e-02 
2.337094e-01 
1.449128e-01 
1.478873e-01 
1.354455e-01 
1.555653e-01 
5.677683e-02 
3.026187e-01 
5.307132e-02 
2.229032e-01 
2.007856e-01 
6.707206e-02 
4.719865e-01 
2.496307e-01 
3.147746e-01 
2.069396e-01 
1.022449e-01 
2.895493e-01 
1.554677e-01 
2.033412e-01 
1.061426e-01 
1.738922e-01 
3.685508e-01 
1.772116e-01 
5.068262e-02 
3.927229e-01 
1.568941e-01 
2.328489e-01 
2.122888e-01 
2.960846e-01 
1.157617e-01 
3.403630e-01 
7.748854e-02 
1.698184e-01 
1.837620e-01 
3.184158e-02 
2.156219e-01 
1.674043e-01 
2.838514e-01 
1.910529e-01 
7.301330e-02 
1.876192e-01 
2.405415e-01 
2.759710e-01 
2.094726e-01 
1.616022e-01 
1.949818e-01 
2.527515e-01 
1.910573e-01 
2.653549e-01 
1.363293e-01 
3.699673e-01 
2.204713e-01 
2.856028e-01 
3.091563e-01 
1.178205e-01 
1.588848e-01 
1.592166e-01 
1.263762e-01 
1.408461e-01 
1.379877e-01 
4.106684e-01 
2.863364e-01 
1.076895e-01 
1.849571e-01 
1.371507e-01 
1.472691e-01 
6.196501e-02 
1.777912e-01 
1.557692e-01 
8.013810e-02 
2.827933e-01 
1.859727e-01 
9.111957e-02 
1.558988e-01 
2.602944e-01 
2.396520e-01 
8.036336e-02 
1.939109e-01 
2.530850e-01 
7.264217e-02 
2.335176e-01 
1.363095e-01 
2.122888e-01 
2.283036e-01 
1.572233e-01 
1.236244e-01 
2.798604e-01 
1.590109e-01 
3.452440e-01 
1.553765e-01 
1.337751e-01 
1.610772e-01 
1.766949e-01 
1.353788e-01 
1.785675e-01 
1.698422e-01 
