4.362051e-01 
4.953089e-02 
7.525896e-02 
1.250000e-02 
2.742313e-01 
5.092911e-01 
3.124949e-01 
1.949130e-01 
1.143466e-01 
5.672461e-01 
3.624959e-01 
7.499898e-02 
1.226547e-01 
7.203229e-01 
5.625000e-02 
2.480464e-02 
1.999954e-01 
6.212236e-01 
3.380669e-02 
8.354887e-02 
1.222562e-01 
3.563618e-01 
2.440124e-01 
6.210621e-02 
8.058765e-02 
4.960928e-01 
1.805154e-01 
1.321003e-02 
4.374949e-02 
3.712851e-01 
2.421856e-02 
6.874719e-02 
3.011337e-02 
6.250000e-02 
7.421652e-02 
1.874990e-01 
1.113258e-01 
4.948974e-01 
9.843610e-02 
1.165102e-01 
2.150507e-01 
7.421856e-02 
7.499693e-02 
1.125000e-01 
8.922020e-02 
2.434999e-01 
2.214224e-02 
2.624928e-01 
2.487614e-01 
1.105423e-01 
4.960832e-02 
7.201219e-02 
7.009769e-02 
4.191331e-01 
6.250000e-02 
0 
9.540457e-02 
2.630394e-01 
1.175965e-01 
2.246093e-01 
8.749283e-02 
2.006133e-01 
6.210723e-02 
2.500000e-02 
1.624939e-01 
7.420551e-02 
3.750000e-02 
1.250000e-02 
2.180516e-01 
4.124939e-01 
8.749693e-02 
3.749795e-02 
5.000000e-02 
1.710880e-01 
1.128066e-01 
1.895811e-02 
7.624827e-02 
1.605464e-01 
1.210832e-02 
1.918056e-02 
2.125000e-01 
1.874908e-01 
2.009769e-02 
0 
1.750000e-01 
5.252659e-01 
3.750000e-02 
7.258184e-02 
6.210928e-02 
3.183578e-01 
6.132785e-02 
1.738488e-01 
0 
1.211330e-01 
7.499898e-02 
2.476467e-01 
2.500000e-02 
1.374918e-01 
3.749795e-02 
3.750000e-02 
3.750000e-02 
3.964835e-01 
1.618739e-02 
1.395346e-01 
1.249898e-02 
1.499887e-01 
1.995089e-02 
8.244437e-03 
4.672457e-02 
5.110448e-01 
2.500000e-02 
8.444375e-02 
0 
3.246031e-01 
1.110660e-01 
2.499795e-02 
3.635057e-02 
2.999918e-01 
3.770444e-02 
2.438630e-01 
5.000000e-02 
1.909293e-01 
2.195124e-02 
1.250000e-01 
2.500000e-02 
1.499939e-01 
0 
7.500000e-02 
8.749795e-02 
9.684541e-02 
8.527657e-02 
0 
2.499898e-02 
3.250000e-01 
2.583136e-02 
3.750000e-02 
6.093687e-02 
2.000000e-01 
7.269384e-02 
7.734948e-02 
1.112238e-01 
2.130590e-01 
5.458655e-02 
1.727031e-01 
0 
1.315474e-01 
3.519588e-02 
1.250000e-02 
1.249898e-02 
1.401577e-01 
9.686965e-03 
4.385222e-02 
1.000000e-01 
1.457021e-01 
1.514109e-01 
3.749744e-02 
5.000000e-02 
1.718722e-01 
0 
2.318040e-02 
8.554641e-02 
2.500000e-02 
2.000000e-01 
2.499898e-02 
5.000000e-02 
2.499980e-01 
9.156089e-02 
7.172615e-02 
6.561112e-02 
0 
1.855444e-01 
0 
2.460928e-02 
6.139579e-02 
2.460928e-02 
0 
6.132785e-02 
1.117165e-01 
1.392512e-01 
6.249744e-03 
3.749693e-02 
1.219407e-01 
1.250000e-02 
4.882785e-02 
4.999795e-02 
1.250000e-02 
1.210928e-02 
7.499795e-02 
8.750000e-02 
1.499407e-01 
2.421856e-02 
2.421664e-02 
1.250000e-02 
6.249898e-02 
7.502605e-02 
3.749898e-02 
3.749795e-02 
1.707062e-01 
7.313303e-02 
9.999898e-02 
4.772263e-02 
2.421856e-02 
4.701219e-02 
7.500000e-02 
3.710832e-02 
6.250000e-02 
3.690462e-02 
0 
4.960928e-02 
3.632785e-02 
1.722650e-01 
0 
0 
6.250000e-02 
1.201686e-01 
2.460928e-02 
2.500000e-02 
1.211839e-01 
5.000000e-02 
1.355424e-01 
0 
1.250000e-02 
2.792811e-02 
1.215115e-01 
1.210928e-02 
3.749898e-02 
0 
3.639681e-02 
0 
1.341997e-01 
6.567596e-03 
9.863952e-02 
0 
1.050186e-01 
0 
1.921825e-01 
0 
3.468492e-02 
2.460928e-02 
5.616293e-02 
2.500000e-02 
3.750000e-02 
8.750000e-02 
1.113948e-01 
4.999591e-02 
4.061214e-02 
3.749795e-02 
1.999887e-01 
3.749795e-02 
7.265569e-02 
1.076352e-02 
3.632785e-02 
2.206780e-02 
2.500000e-02 
6.249744e-03 
9.770204e-02 
9.872051e-02 
3.264400e-01 
1.497558e-01 
3.750000e-02 
1.469690e-01 
3.531418e-01 
0 
8.749898e-02 
8.069431e-02 
1.568046e-01 
8.750000e-02 
1.250000e-02 
6.067733e-02 
5.160135e-01 
0 
1.624980e-01 
2.250577e-02 
2.563519e-02 
7.500000e-02 
1.000000e-01 
5.000000e-02 
1.000000e-01 
1.249898e-02 
3.749898e-02 
3.750000e-02 
2.290765e-01 
3.547256e-02 
5.000000e-02 
1.499980e-01 
2.620005e-01 
3.671856e-02 
6.250000e-02 
4.889681e-02 
1.484371e-01 
5.000000e-02 
1.250000e-02 
3.749795e-02 
2.499959e-01 
8.346808e-02 
8.710519e-02 
3.750000e-02 
3.749898e-02 
2.421856e-02 
1.885360e-01 
4.921856e-02 
5.925114e-02 
6.877477e-02 
0 
5.083136e-02 
5.472188e-02 
1.250000e-02 
0 
4.843713e-02 
0 
0 
2.500000e-02 
3.750000e-02 
1.078989e-01 
7.500000e-02 
4.772675e-02 
1.250000e-02 
6.093713e-02 
2.500000e-02 
0 
5.546780e-02 
3.607112e-02 
1.726557e-01 
4.882689e-02 
5.000000e-02 
4.889579e-02 
3.468758e-02 
7.499949e-02 
2.421856e-02 
2.130669e-02 
2.269691e-02 
6.250000e-02 
9.960519e-02 
7.297327e-02 
0 
2.499898e-02 
1.250000e-02 
1.250000e-02 
5.000000e-02 
9.999591e-02 
1.215265e-01 
6.132682e-02 
3.402856e-02 
8.593713e-02 
1.722188e-02 
5.000000e-02 
5.000000e-02 
4.695065e-02 
4.882785e-02 
1.234351e-01 
2.499898e-02 
2.316392e-01 
8.835960e-02 
7.500000e-02 
2.500000e-02 
7.421856e-02 
0 
3.674225e-02 
6.093713e-02 
6.250000e-02 
1.291677e-02 
4.843713e-02 
