1.885243e-01 
2.521882e-01 
1.496417e-01 
2.257071e-01 
5.920020e-01 
2.451381e-01 
2.499823e-01 
2.140923e-01 
2.855493e-01 
2.793220e-01 
2.005438e-01 
3.028587e-01 
2.511017e-01 
2.258778e-01 
1.385256e-01 
1.415813e-01 
4.052387e-01 
2.153603e-01 
9.074056e-02 
3.358096e-01 
3.999932e-01 
1.463533e-01 
7.459589e-02 
1.892128e-01 
4.333333e-01 
3.616136e-01 
1.826906e-01 
2.497375e-01 
3.749168e-01 
2.487201e-01 
2.333292e-01 
4.140455e-01 
2.150972e-01 
2.016989e-01 
3.387479e-01 
1.640592e-01 
3.166667e-01 
2.000000e-01 
3.666598e-01 
4.760276e-01 
1.413211e-01 
2.656273e-01 
3.350004e-01 
2.189997e-01 
2.666626e-01 
2.802914e-01 
2.311723e-01 
4.666503e-01 
1.856219e-01 
3.244159e-01 
2.272064e-01 
2.822860e-01 
3.630200e-01 
3.595545e-01 
2.500000e-01 
2.468743e-01 
4.256624e-01 
1.661444e-01 
1.805324e-01 
1.948410e-01 
2.302008e-01 
3.827974e-01 
1.102797e-01 
3.130161e-01 
2.025394e-01 
9.166223e-02 
1.953065e-01 
8.177046e-02 
1.399715e-01 
3.247403e-01 
1.666667e-01 
3.720727e-01 
4.396688e-01 
1.375643e-01 
1.554315e-01 
2.666585e-01 
2.816476e-01 
3.196500e-01 
8.578122e-02 
4.191181e-01 
2.268080e-01 
7.839962e-02 
1.392222e-01 
1.499986e-01 
2.511114e-01 
2.291657e-01 
1.688865e-01 
1.313127e-01 
4.833251e-01 
1.455872e-01 
2.067417e-01 
1.432785e-01 
1.653899e-01 
1.145828e-01 
2.999972e-01 
3.109028e-01 
3.541519e-01 
3.870820e-01 
1.790384e-01 
3.333333e-02 
4.166612e-01 
2.479162e-01 
1.543878e-01 
4.166639e-01 
2.333306e-01 
2.614382e-01 
2.932782e-01 
2.691482e-01 
5.541199e-01 
1.502726e-01 
3.333333e-01 
5.166667e-01 
3.622525e-01 
1.502726e-01 
2.359034e-01 
6.614298e-02 
5.745078e-01 
3.447822e-01 
1.979134e-01 
4.104593e-01 
2.909441e-01 
2.876824e-01 
2.268129e-01 
1.489581e-01 
4.627043e-01 
2.833197e-01 
2.807285e-01 
4.404624e-01 
3.999891e-01 
2.489581e-01 
1.973952e-01 
2.151038e-01 
4.666667e-01 
1.933267e-01 
2.395470e-01 
3.298610e-01 
4.341270e-01 
2.121620e-01 
2.448356e-01 
1.317705e-01 
5.500000e-01 
3.276028e-01 
3.174799e-01 
3.691167e-01 
3.666667e-01 
3.073994e-01 
1.656234e-01 
1.666626e-01 
3.111787e-01 
1.771364e-01 
2.733493e-01 
3.828042e-01 
2.897036e-01 
3.351848e-01 
2.526745e-01 
1.997434e-01 
2.035707e-01 
2.292288e-01 
1.017684e-01 
3.274481e-01 
3.335370e-01 
1.296838e-01 
3.963424e-01 
1.999945e-01 
2.107084e-01 
4.235446e-01 
3.166626e-01 
2.079727e-01 
2.989581e-01 
2.166667e-01 
2.011085e-01 
2.166667e-01 
1.999904e-01 
4.087612e-01 
1.413687e-01 
3.616671e-01 
4.755557e-01 
2.432250e-01 
2.913490e-01 
1.480133e-01 
2.770818e-01 
3.222127e-01 
1.765766e-01 
3.875278e-01 
3.399382e-01 
3.094996e-01 
3.373113e-01 
1.636645e-01 
1.813072e-01 
3.000000e-01 
2.499973e-01 
3.651038e-01 
4.967643e-01 
1.833279e-01 
2.776780e-01 
2.156179e-01 
2.817691e-01 
4.166612e-01 
1.194346e-01 
5.291561e-01 
3.999877e-01 
3.246665e-01 
3.533260e-01 
2.295834e-01 
1.000000e-01 
4.575612e-01 
1.500443e-01 
1.666626e-01 
3.400375e-01 
1.916656e-01 
2.159418e-01 
2.261759e-01 
1.812468e-01 
3.999864e-01 
1.158658e-01 
3.677544e-01 
3.166585e-01 
2.499973e-01 
3.791619e-01 
1.656234e-01 
2.502041e-01 
3.221443e-01 
3.314490e-01 
2.653505e-01 
3.482979e-01 
2.499891e-01 
2.655509e-01 
2.484289e-01 
2.907904e-01 
1.625937e-01 
3.999850e-01 
1.666626e-01 
3.978341e-01 
2.647393e-01 
3.059842e-01 
1.552502e-01 
3.933980e-01 
2.404089e-01 
4.366621e-01 
2.963492e-01 
3.666667e-01 
1.817705e-01 
3.555418e-01 
1.669774e-01 
3.534284e-01 
8.229142e-02 
3.741058e-01 
1.656248e-01 
5.309518e-01 
1.696724e-01 
3.422735e-01 
3.007202e-01 
3.175665e-01 
1.747825e-01 
2.064731e-01 
4.172710e-01 
3.302625e-01 
2.141387e-01 
2.666639e-01 
3.666571e-01 
3.811242e-01 
3.140551e-01 
3.084832e-01 
3.433855e-01 
3.433539e-01 
3.776028e-01 
2.179578e-01 
5.853527e-02 
5.135409e-01 
3.645692e-01 
3.489581e-01 
3.122532e-01 
4.149492e-01 
6.260165e-02 
2.728247e-01 
2.074209e-01 
1.926416e-01 
3.333333e-01 
2.145828e-01 
3.067707e-01 
3.538870e-01 
2.968743e-01 
2.656273e-01 
2.590148e-01 
4.344433e-01 
2.416798e-01 
2.849895e-01 
3.824932e-01 
4.563702e-01 
2.764077e-01 
1.741210e-01 
7.105244e-02 
3.166667e-01 
3.833333e-01 
4.374403e-01 
3.656126e-01 
3.802823e-01 
2.356457e-01 
3.184007e-01 
1.385847e-01 
1.666667e-01 
2.453046e-01 
3.519351e-01 
3.346317e-01 
3.484333e-01 
3.786379e-01 
3.682981e-01 
2.494778e-01 
2.035938e-01 
1.614813e-01 
2.666557e-01 
3.694415e-01 
2.630200e-01 
2.833306e-01 
2.000000e-01 
3.145828e-01 
4.333279e-01 
1.776332e-01 
1.833333e-01 
3.157185e-01 
3.361091e-01 
4.286256e-01 
3.468743e-01 
3.973911e-01 
3.934988e-01 
1.499891e-01 
3.984371e-01 
1.731937e-01 
2.121163e-01 
4.177410e-01 
2.009157e-01 
2.479162e-01 
3.635286e-01 
1.999973e-01 
3.302008e-01 
2.600686e-01 
2.720187e-01 
2.611773e-01 
3.801914e-01 
3.058313e-01 
3.754573e-01 
2.130749e-01 
3.762266e-01 
2.880590e-01 
4.396961e-01 
2.812400e-01 
3.125322e-01 
1.833333e-01 
3.000000e-01 
3.230684e-01 
3.089501e-01 
2.382869e-01 
3.771078e-01 
3.330208e-01 
5.114339e-01 
3.489485e-01 
4.833224e-01 
2.919012e-01 
2.955872e-01 
2.623967e-01 
4.463533e-01 
3.194958e-01 
