3.947359e-01 
3.447159e-01 
4.480349e-01 
4.171351e-01 
2.285667e-01 
4.326782e-01 
4.910312e-01 
2.435709e-01 
3.364114e-01 
4.046248e-01 
2.957074e-01 
3.619634e-01 
3.203503e-01 
3.894608e-01 
6.036138e-01 
3.552598e-01 
3.409810e-01 
3.470585e-01 
4.114192e-01 
4.008889e-01 
2.485707e-01 
4.075385e-01 
4.357366e-01 
4.020183e-01 
2.755253e-01 
2.783000e-01 
4.786860e-01 
3.798175e-01 
3.891959e-01 
3.519814e-01 
3.039154e-01 
4.273132e-01 
4.035639e-01 
3.980245e-01 
3.591348e-01 
3.599953e-01 
2.571349e-01 
3.213033e-01 
2.901307e-01 
4.283915e-01 
4.824677e-01 
3.387041e-01 
2.936789e-01 
3.599822e-01 
3.283828e-01 
3.212489e-01 
3.017297e-01 
2.514286e-01 
3.771316e-01 
4.210710e-01 
3.648099e-01 
2.399920e-01 
1.528568e-01 
3.114260e-01 
2.046690e-01 
4.421359e-01 
3.657091e-01 
3.411899e-01 
2.285714e-01 
3.028571e-01 
2.876777e-01 
3.506402e-01 
5.804459e-01 
3.815929e-01 
3.156194e-01 
4.948630e-01 
3.277069e-01 
3.647818e-01 
3.274991e-01 
3.089016e-01 
3.330347e-01 
4.308130e-01 
4.645593e-01 
5.028440e-01 
4.799967e-01 
3.107614e-01 
2.965990e-01 
3.458747e-01 
4.384177e-01 
3.391972e-01 
2.936236e-01 
5.138438e-01 
3.028501e-01 
3.396440e-01 
2.989895e-01 
2.813079e-01 
3.794565e-01 
3.542792e-01 
3.069757e-01 
3.257143e-01 
3.288442e-01 
3.050042e-01 
2.312721e-01 
2.457110e-01 
3.750439e-01 
3.406621e-01 
3.584964e-01 
4.036810e-01 
4.217299e-01 
2.906471e-01 
3.525828e-01 
2.935654e-01 
3.750356e-01 
2.744105e-01 
3.378823e-01 
2.980997e-01 
3.606660e-01 
3.314216e-01 
2.803384e-01 
3.124877e-01 
3.028534e-01 
2.971354e-01 
4.685714e-01 
2.673134e-01 
2.342834e-01 
3.185711e-01 
2.690495e-01 
3.257073e-01 
4.015242e-01 
2.514239e-01 
2.615766e-01 
3.657077e-01 
3.069521e-01 
3.228580e-01 
3.085621e-01 
3.236858e-01 
3.314127e-01 
4.285658e-01 
2.787497e-01 
3.396240e-01 
4.430369e-01 
2.919673e-01 
2.941660e-01 
3.794275e-01 
2.860616e-01 
3.714286e-01 
3.255497e-01 
2.953567e-01 
4.944855e-01 
3.014090e-01 
2.637561e-01 
2.985915e-01 
3.223159e-01 
3.028571e-01 
4.140959e-01 
4.069822e-01 
4.501920e-01 
2.951781e-01 
2.611292e-01 
2.628571e-01 
3.008788e-01 
3.085653e-01 
3.825165e-01 
3.828511e-01 
3.618090e-01 
2.917837e-01 
3.314286e-01 
3.107090e-01 
4.685714e-01 
3.428650e-01 
3.542782e-01 
2.764324e-01 
3.233876e-01 
4.457129e-01 
2.898522e-01 
3.461347e-01 
3.085714e-01 
2.887442e-01 
3.885686e-01 
3.158432e-01 
4.128533e-01 
4.831128e-01 
4.399902e-01 
4.057059e-01 
4.385686e-01 
4.011582e-01 
3.498337e-01 
3.382132e-01 
3.817090e-01 
4.857143e-01 
2.758844e-01 
3.100538e-01 
3.359331e-01 
3.428487e-01 
3.371429e-01 
3.657143e-01 
3.673205e-01 
5.086727e-01 
2.753237e-01 
3.257143e-01 
3.611364e-01 
4.682046e-01 
2.628511e-01 
3.934439e-01 
4.476749e-01 
3.585641e-01 
3.346649e-01 
3.771340e-01 
3.603398e-01 
2.737622e-01 
3.835359e-01 
3.371429e-01 
3.999925e-01 
4.972110e-01 
3.085593e-01 
3.028548e-01 
3.923538e-01 
3.369620e-01 
2.685714e-01 
3.000571e-01 
4.103569e-01 
5.027088e-01 
4.269540e-01 
3.642751e-01 
3.623704e-01 
2.147881e-01 
3.885621e-01 
3.446461e-01 
3.277040e-01 
3.840176e-01 
4.470566e-01 
3.199939e-01 
2.874947e-01 
3.315722e-01 
3.040995e-01 
3.932633e-01 
3.215200e-01 
3.185636e-01 
2.867763e-01 
2.880279e-01 
3.283733e-01 
4.008917e-01 
3.370083e-01 
2.941361e-01 
3.754014e-01 
3.773159e-01 
4.053357e-01 
3.756767e-01 
3.355307e-01 
3.737638e-01 
2.238210e-01 
3.351781e-01 
3.082976e-01 
4.464274e-01 
4.774863e-01 
3.066067e-01 
3.028506e-01 
3.064273e-01 
3.573124e-01 
2.867727e-01 
3.829594e-01 
3.599897e-01 
3.948326e-01 
3.829070e-01 
3.911855e-01 
2.914230e-01 
3.878732e-01 
3.312587e-01 
4.767770e-01 
3.599897e-01 
1.559655e-01 
3.739760e-01 
3.298950e-01 
3.012454e-01 
3.028553e-01 
3.828683e-01 
3.605616e-01 
3.499966e-01 
3.292009e-01 
3.514223e-01 
5.039491e-01 
2.433923e-01 
2.787450e-01 
3.623195e-01 
3.558011e-01 
2.880257e-01 
3.516710e-01 
2.821226e-01 
3.926478e-01 
3.074895e-01 
2.553478e-01 
2.672654e-01 
4.262434e-01 
3.730297e-01 
3.298900e-01 
2.532714e-01 
3.511651e-01 
3.392359e-01 
3.326326e-01 
3.428534e-01 
2.571429e-01 
3.420130e-01 
3.322933e-01 
4.178588e-01 
4.768118e-01 
3.371400e-01 
2.571340e-01 
4.073120e-01 
3.459184e-01 
4.043476e-01 
4.314241e-01 
3.657091e-01 
4.538229e-01 
4.123291e-01 
4.914056e-01 
4.082070e-01 
3.828394e-01 
3.769931e-01 
3.438342e-01 
3.351851e-01 
3.757136e-01 
4.570345e-01 
2.914244e-01 
2.659218e-01 
3.353567e-01 
2.714279e-01 
2.514216e-01 
2.896107e-01 
3.725625e-01 
3.273205e-01 
2.994232e-01 
3.200000e-01 
3.232271e-01 
3.171626e-01 
3.177646e-01 
2.597821e-01 
4.017062e-01 
3.371429e-01 
3.131141e-01 
3.542824e-01 
4.202070e-01 
2.324378e-01 
2.555353e-01 
3.428520e-01 
3.464855e-01 
3.385418e-01 
3.617294e-01 
3.758926e-01 
2.228515e-01 
2.961119e-01 
3.257119e-01 
4.342909e-01 
5.930596e-01 
4.162065e-01 
3.724403e-01 
3.331693e-01 
3.379641e-01 
3.485714e-01 
2.697246e-01 
3.300703e-01 
4.112112e-01 
3.277704e-01 
2.374056e-01 
2.892853e-01 
3.342789e-01 
3.801719e-01 
3.085747e-01 
3.090031e-01 
3.208411e-01 
4.444640e-01 
3.028464e-01 
3.710700e-01 
