1.633000e-01 
3.061000e-01 
8.160000e-02 
7.347000e-01 
4.898000e-01 
2.449000e-01 
1.429000e-01 
1.633000e-01 
4.080000e-02 
8.160000e-02 
4.080000e-02 
5.918000e-01 
4.694000e-01 
2.245000e-01 
4.080000e-02 
6.531000e-01 
2.857000e-01 
1.429000e-01 
4.080000e-02 
4.490000e-01 
3.469000e-01 
2.245000e-01 
4.080000e-02 
5.102000e-01 
3.673000e-01 
2.857000e-01 
4.080000e-02 
3.265000e-01 
4.694000e-01 
3.469000e-01 
1.429000e-01 
3.673000e-01 
5.102000e-01 
2.245000e-01 
2.857000e-01 
1.837000e-01 
1.224000e-01 
1.020000e-01 
1.837000e-01 
4.898000e-01 
3.673000e-01 
1.837000e-01 
7.551000e-01 
2.857000e-01 
0 
1.224000e-01 
2.040000e-02 
5.102000e-01 
2.245000e-01 
5.714000e-01 
7.347000e-01 
3.673000e-01 
1.429000e-01 
4.080000e-02 
3.673000e-01 
2.449000e-01 
6.939000e-01 
2.653000e-01 
8.160000e-02 
1.429000e-01 
1.224000e-01 
4.082000e-01 
6.120000e-02 
5.714000e-01 
3.265000e-01 
6.120000e-02 
3.469000e-01 
2.245000e-01 
3.673000e-01 
6.120000e-02 
8.160000e-02 
4.490000e-01 
3.673000e-01 
1.429000e-01 
6.327000e-01 
5.306000e-01 
1.224000e-01 
4.080000e-02 
4.080000e-02 
3.673000e-01 
1.224000e-01 
0 
5.306000e-01 
5.714000e-01 
1.633000e-01 
4.080000e-02 
8.160000e-02 
2.857000e-01 
2.857000e-01 
2.449000e-01 
0 
2.245000e-01 
6.122000e-01 
7.755000e-01 
1.020000e-01 
2.245000e-01 
2.245000e-01 
5.306000e-01 
4.694000e-01 
1.837000e-01 
6.531000e-01 
1.837000e-01 
6.120000e-02 
4.898000e-01 
2.245000e-01 
6.122000e-01 
4.694000e-01 
2.449000e-01 
5.510000e-01 
3.265000e-01 
2.040000e-02 
4.898000e-01 
3.673000e-01 
3.878000e-01 
1.837000e-01 
5.714000e-01 
4.082000e-01 
4.694000e-01 
0 
6.327000e-01 
4.286000e-01 
5.510000e-01 
4.694000e-01 
3.673000e-01 
6.327000e-01 
2.040000e-02 
4.080000e-02 
4.898000e-01 
1.224000e-01 
4.490000e-01 
6.122000e-01 
2.041000e-01 
8.571000e-01 
2.653000e-01 
1.633000e-01 
3.673000e-01 
1.633000e-01 
3.878000e-01 
6.327000e-01 
2.041000e-01 
4.898000e-01 
3.878000e-01 
6.120000e-02 
3.673000e-01 
5.510000e-01 
3.265000e-01 
3.673000e-01 
3.673000e-01 
4.694000e-01 
2.857000e-01 
0 
7.347000e-01 
4.082000e-01 
2.041000e-01 
4.286000e-01 
1.633000e-01 
3.469000e-01 
2.245000e-01 
8.160000e-02 
2.041000e-01 
2.245000e-01 
1.837000e-01 
5.102000e-01 
2.653000e-01 
4.490000e-01 
6.939000e-01 
2.040000e-02 
6.939000e-01 
3.469000e-01 
2.449000e-01 
3.265000e-01 
3.061000e-01 
4.082000e-01 
4.898000e-01 
4.080000e-02 
1.633000e-01 
2.653000e-01 
4.080000e-02 
5.918000e-01 
6.531000e-01 
3.061000e-01 
4.082000e-01 
2.449000e-01 
5.510000e-01 
1.020000e-01 
1.429000e-01 
4.286000e-01 
8.160000e-02 
6.327000e-01 
5.102000e-01 
2.857000e-01 
4.080000e-02 
3.061000e-01 
0 
7.347000e-01 
4.286000e-01 
2.653000e-01 
3.878000e-01 
8.160000e-02 
5.918000e-01 
5.102000e-01 
1.224000e-01 
4.490000e-01 
1.020000e-01 
5.918000e-01 
3.469000e-01 
4.080000e-02 
3.878000e-01 
3.061000e-01 
1.633000e-01 
7.347000e-01 
4.694000e-01 
5.102000e-01 
3.265000e-01 
4.080000e-02 
7.551000e-01 
2.245000e-01 
8.160000e-02 
7.551000e-01 
2.857000e-01 
2.245000e-01 
4.898000e-01 
4.286000e-01 
5.510000e-01 
1.837000e-01 
4.694000e-01 
2.857000e-01 
4.694000e-01 
2.857000e-01 
4.694000e-01 
4.082000e-01 
4.286000e-01 
3.673000e-01 
2.857000e-01 
1.224000e-01 
5.714000e-01 
2.245000e-01 
2.653000e-01 
2.041000e-01 
6.735000e-01 
2.449000e-01 
3.265000e-01 
4.490000e-01 
2.857000e-01 
4.082000e-01 
3.265000e-01 
5.918000e-01 
1.837000e-01 
6.327000e-01 
5.714000e-01 
2.653000e-01 
5.102000e-01 
5.510000e-01 
1.633000e-01 
0 
4.490000e-01 
2.245000e-01 
3.469000e-01 
1.429000e-01 
2.041000e-01 
4.286000e-01 
1.837000e-01 
8.160000e-02 
4.082000e-01 
1.429000e-01 
4.286000e-01 
4.082000e-01 
3.061000e-01 
2.041000e-01 
6.120000e-02 
1.837000e-01 
3.878000e-01 
2.041000e-01 
1.837000e-01 
5.510000e-01 
3.265000e-01 
4.898000e-01 
4.490000e-01 
8.160000e-02 
3.061000e-01 
2.245000e-01 
3.061000e-01 
1.633000e-01 
2.449000e-01 
5.918000e-01 
2.245000e-01 
8.160000e-02 
2.041000e-01 
4.490000e-01 
2.449000e-01 
3.878000e-01 
2.449000e-01 
3.878000e-01 
2.857000e-01 
1.429000e-01 
5.714000e-01 
7.143000e-01 
2.040000e-02 
5.102000e-01 
3.469000e-01 
3.265000e-01 
3.673000e-01 
2.857000e-01 
3.061000e-01 
4.286000e-01 
4.490000e-01 
4.694000e-01 
4.080000e-02 
3.265000e-01 
3.469000e-01 
2.449000e-01 
3.469000e-01 
4.898000e-01 
1.837000e-01 
5.714000e-01 
2.449000e-01 
2.857000e-01 
2.653000e-01 
3.878000e-01 
1.633000e-01 
4.080000e-02 
4.082000e-01 
3.469000e-01 
1.224000e-01 
5.714000e-01 
2.449000e-01 
3.061000e-01 
2.653000e-01 
2.449000e-01 
2.245000e-01 
3.673000e-01 
2.653000e-01 
2.653000e-01 
2.653000e-01 
5.102000e-01 
2.449000e-01 
6.120000e-02 
8.160000e-02 
5.510000e-01 
2.041000e-01 
3.469000e-01 
1.633000e-01 
4.490000e-01 
3.469000e-01 
6.120000e-02 
4.082000e-01 
3.061000e-01 
1.837000e-01 
1.429000e-01 
2.245000e-01 
4.694000e-01 
3.673000e-01 
6.120000e-02 
2.449000e-01 
2.857000e-01 
3.265000e-01 
1.837000e-01 
6.122000e-01 
2.857000e-01 
2.653000e-01 
2.857000e-01 
3.265000e-01 
