1.316000e-01 
0 
3.158000e-01 
1.316000e-01 
1.579000e-01 
2.630000e-02 
1.053000e-01 
7.890000e-02 
0 
2.632000e-01 
1.053000e-01 
2.630000e-02 
5.260000e-02 
1.316000e-01 
1.053000e-01 
1.053000e-01 
0 
1.053000e-01 
1.053000e-01 
5.260000e-02 
0 
5.260000e-02 
7.890000e-02 
7.890000e-02 
0 
5.260000e-02 
2.630000e-02 
0 
0 
0 
2.630000e-02 
1.316000e-01 
1.842000e-01 
1.053000e-01 
2.630000e-02 
1.053000e-01 
1.053000e-01 
3.421000e-01 
1.053000e-01 
0 
5.260000e-02 
1.842000e-01 
5.260000e-02 
2.105000e-01 
0 
1.579000e-01 
5.260000e-02 
0 
2.630000e-02 
1.053000e-01 
5.260000e-02 
2.630000e-02 
2.630000e-02 
2.105000e-01 
5.260000e-02 
3.158000e-01 
2.368000e-01 
0 
7.890000e-02 
0 
5.260000e-02 
0 
2.368000e-01 
1.579000e-01 
7.890000e-02 
2.368000e-01 
5.260000e-02 
7.890000e-02 
0 
5.260000e-02 
3.947000e-01 
2.630000e-02 
0 
1.316000e-01 
7.890000e-02 
0 
0 
2.630000e-02 
1.316000e-01 
2.630000e-02 
2.630000e-02 
1.842000e-01 
1.579000e-01 
7.890000e-02 
2.630000e-02 
2.368000e-01 
4.737000e-01 
1.842000e-01 
7.890000e-02 
0 
0 
7.105000e-01 
5.260000e-02 
1.053000e-01 
7.890000e-02 
2.105000e-01 
1.316000e-01 
1.842000e-01 
2.895000e-01 
5.260000e-02 
5.260000e-02 
5.260000e-02 
1.053000e-01 
2.630000e-02 
2.630000e-02 
2.630000e-02 
1.316000e-01 
4.737000e-01 
2.632000e-01 
2.632000e-01 
2.630000e-02 
5.260000e-02 
5.260000e-02 
0 
5.260000e-02 
0 
2.630000e-02 
5.260000e-02 
0 
0 
2.630000e-02 
7.890000e-02 
1.053000e-01 
5.260000e-02 
2.630000e-02 
0 
0 
0 
7.890000e-02 
2.630000e-02 
2.630000e-02 
1.316000e-01 
1.053000e-01 
1.316000e-01 
0 
7.890000e-02 
1.579000e-01 
5.260000e-02 
1.053000e-01 
2.632000e-01 
1.316000e-01 
5.260000e-02 
0 
2.630000e-02 
0 
1.053000e-01 
7.890000e-02 
0 
2.630000e-02 
2.630000e-02 
5.260000e-02 
0 
0 
5.260000e-02 
1.316000e-01 
5.260000e-02 
7.890000e-02 
0 
3.421000e-01 
0 
4.474000e-01 
0 
1.053000e-01 
6.316000e-01 
2.630000e-02 
1.842000e-01 
3.421000e-01 
2.630000e-02 
7.890000e-02 
2.895000e-01 
6.316000e-01 
4.737000e-01 
2.630000e-02 
5.260000e-02 
6.053000e-01 
2.630000e-02 
0 
0 
1.316000e-01 
2.632000e-01 
3.158000e-01 
8.421000e-01 
1 
1.053000e-01 
3.158000e-01 
1.053000e-01 
1.579000e-01 
7.890000e-02 
0 
2.630000e-02 
3.947000e-01 
1.579000e-01 
1.842000e-01 
2.630000e-02 
2.630000e-02 
7.890000e-02 
1.316000e-01 
5.260000e-02 
8.421000e-01 
2.630000e-02 
7.890000e-02 
3.421000e-01 
3.421000e-01 
5.260000e-02 
5.260000e-02 
0 
2.895000e-01 
2.630000e-02 
0 
6.579000e-01 
0 
3.421000e-01 
5.526000e-01 
1.579000e-01 
5.263000e-01 
1.316000e-01 
0 
1.053000e-01 
2.105000e-01 
2.105000e-01 
0 
5.260000e-02 
7.890000e-02 
2.630000e-02 
1.579000e-01 
1.316000e-01 
1.316000e-01 
5.260000e-02 
0 
0 
2.630000e-02 
3.421000e-01 
0 
1.842000e-01 
2.895000e-01 
5.260000e-02 
1.579000e-01 
2.630000e-02 
0 
7.890000e-02 
2.630000e-02 
7.890000e-02 
2.105000e-01 
1.053000e-01 
0 
1.316000e-01 
1.053000e-01 
1.316000e-01 
0 
7.890000e-02 
0 
2.630000e-02 
0 
0 
7.890000e-02 
0 
0 
5.260000e-02 
2.368000e-01 
1.053000e-01 
1.053000e-01 
0 
7.890000e-02 
2.630000e-02 
5.260000e-02 
5.260000e-02 
2.630000e-02 
0 
0 
2.630000e-02 
4.474000e-01 
5.260000e-02 
2.630000e-02 
0 
0 
7.890000e-02 
0 
0 
7.890000e-02 
5.260000e-02 
0 
2.630000e-02 
7.890000e-02 
1.842000e-01 
0 
0 
2.105000e-01 
2.630000e-02 
5.260000e-02 
7.890000e-02 
5.260000e-02 
0 
0 
0 
3.947000e-01 
2.630000e-02 
0 
6.316000e-01 
3.947000e-01 
1.053000e-01 
5.260000e-02 
0 
2.630000e-02 
0 
0 
2.630000e-02 
1.842000e-01 
2.105000e-01 
2.630000e-02 
2.630000e-02 
2.630000e-02 
5.260000e-02 
0 
0 
0 
0 
2.630000e-02 
2.630000e-02 
0 
2.630000e-02 
2.630000e-02 
0 
0 
2.630000e-02 
5.260000e-02 
2.105000e-01 
1.053000e-01 
2.630000e-02 
0 
5.260000e-02 
0 
0 
2.630000e-02 
1.316000e-01 
1.053000e-01 
5.260000e-02 
1.579000e-01 
2.630000e-02 
1.053000e-01 
7.890000e-02 
2.630000e-02 
0 
5.260000e-02 
7.890000e-02 
1.053000e-01 
2.630000e-02 
0 
0 
0 
2.630000e-02 
0 
2.630000e-02 
7.890000e-02 
0 
2.630000e-02 
0 
1.579000e-01 
0 
0 
2.630000e-02 
2.630000e-02 
0 
