0 
2.360000e-02 
5.660000e-02 
7.080000e-02 
5.660000e-02 
1.887000e-01 
2.358000e-01 
0 
2.360000e-02 
0 
0 
0 
2.360000e-02 
3.962000e-01 
5.660000e-02 
5.660000e-02 
7.080000e-02 
1.179000e-01 
1.887000e-01 
7.550000e-02 
3.770000e-02 
4.151000e-01 
3.770000e-02 
9.430000e-02 
1.132000e-01 
1.887000e-01 
2.358000e-01 
2.360000e-02 
2.358000e-01 
3.019000e-01 
5.660000e-02 
0 
2.360000e-02 
1.415000e-01 
7.550000e-02 
1.887000e-01 
2.360000e-02 
0 
0 
7.080000e-02 
9.430000e-02 
7.550000e-02 
7.550000e-02 
3.208000e-01 
3.962000e-01 
0 
3.770000e-02 
1.415000e-01 
3.770000e-02 
1.132000e-01 
5.660000e-02 
2.075000e-01 
3.774000e-01 
5.660000e-02 
1.890000e-02 
4.245000e-01 
7.080000e-02 
1.890000e-02 
1.890000e-02 
4.720000e-02 
1.890000e-02 
7.080000e-02 
1.887000e-01 
9.430000e-02 
9.430000e-02 
1.321000e-01 
3.770000e-02 
9.430000e-02 
1.132000e-01 
0 
7.550000e-02 
0 
1.698000e-01 
1.132000e-01 
7.550000e-02 
3.770000e-02 
9.430000e-02 
2.123000e-01 
1.509000e-01 
3.770000e-02 
4.720000e-02 
0 
0 
1.890000e-02 
1.698000e-01 
3.208000e-01 
1.321000e-01 
1.415000e-01 
7.550000e-02 
1.887000e-01 
0 
0 
0 
9.430000e-02 
9.430000e-02 
5.660000e-02 
1.321000e-01 
1.321000e-01 
9.430000e-02 
7.550000e-02 
0 
3.538000e-01 
1.132000e-01 
1.415000e-01 
1.509000e-01 
0 
3.770000e-02 
1.887000e-01 
9.430000e-02 
5.660000e-01 
1.132000e-01 
2.453000e-01 
7.080000e-02 
2.830000e-01 
7.550000e-02 
9.430000e-02 
9.430000e-02 
4.009000e-01 
0 
2.360000e-02 
2.075000e-01 
2.642000e-01 
2.360000e-02 
3.585000e-01 
3.770000e-02 
2.358000e-01 
1.509000e-01 
1.132000e-01 
0 
7.550000e-02 
3.770000e-02 
0 
3.770000e-02 
1.887000e-01 
9.430000e-02 
0 
7.080000e-02 
2.360000e-02 
3.770000e-02 
5.660000e-02 
1.179000e-01 
4.009000e-01 
2.123000e-01 
5.660000e-02 
1.890000e-02 
9.430000e-02 
0 
3.770000e-02 
9.430000e-02 
3.019000e-01 
1.887000e-01 
1.890000e-02 
7.550000e-02 
1.321000e-01 
1.887000e-01 
4.720000e-02 
0 
2.264000e-01 
1.890000e-02 
3.770000e-02 
0 
7.550000e-02 
5.660000e-02 
0 
2.075000e-01 
7.550000e-02 
2.360000e-02 
3.770000e-02 
5.660000e-02 
1.698000e-01 
2.453000e-01 
2.360000e-02 
3.774000e-01 
3.770000e-02 
1.132000e-01 
1.698000e-01 
0 
0 
0 
1.890000e-02 
1.651000e-01 
1.132000e-01 
2.123000e-01 
1.887000e-01 
0 
0 
1.321000e-01 
0 
2.360000e-02 
1.509000e-01 
1.509000e-01 
1.651000e-01 
1.890000e-02 
1.179000e-01 
1.890000e-02 
7.080000e-02 
5.660000e-02 
1.890000e-02 
7.550000e-02 
5.660000e-02 
3.770000e-02 
1.132000e-01 
3.770000e-02 
0 
1.890000e-02 
9.430000e-02 
7.080000e-02 
0 
3.770000e-02 
7.080000e-02 
3.770000e-02 
3.770000e-02 
2.075000e-01 
1.509000e-01 
9.430000e-02 
1.890000e-02 
4.720000e-02 
7.080000e-02 
3.770000e-02 
7.080000e-02 
5.660000e-02 
7.550000e-02 
3.770000e-02 
3.302000e-01 
9.430000e-02 
3.774000e-01 
5.660000e-02 
1.321000e-01 
9.430000e-02 
2.360000e-02 
4.720000e-02 
3.962000e-01 
4.720000e-02 
1.179000e-01 
9.430000e-02 
1.321000e-01 
1.415000e-01 
1.887000e-01 
5.660000e-02 
4.720000e-02 
1.698000e-01 
4.720000e-02 
3.770000e-02 
2.594000e-01 
7.550000e-02 
0 
3.770000e-02 
4.720000e-02 
9.430000e-02 
1.132000e-01 
3.770000e-02 
0 
5.660000e-02 
0 
3.770000e-02 
5.660000e-02 
2.360000e-02 
1.321000e-01 
0 
1.132000e-01 
5.660000e-02 
1.698000e-01 
1.887000e-01 
1.698000e-01 
1.132000e-01 
1.890000e-02 
1.179000e-01 
1.179000e-01 
1.698000e-01 
2.830000e-01 
2.594000e-01 
1.321000e-01 
4.720000e-02 
0 
1.890000e-02 
1.321000e-01 
2.453000e-01 
9.430000e-02 
1.415000e-01 
2.360000e-02 
5.660000e-02 
1.651000e-01 
7.550000e-02 
1.890000e-02 
7.550000e-02 
2.358000e-01 
1.890000e-02 
3.770000e-02 
5.660000e-02 
1.890000e-02 
7.550000e-02 
2.264000e-01 
1.132000e-01 
1.698000e-01 
7.550000e-02 
5.660000e-02 
1.890000e-02 
7.550000e-02 
1.179000e-01 
1.415000e-01 
1.321000e-01 
1.698000e-01 
1.890000e-02 
3.770000e-02 
3.770000e-02 
7.080000e-02 
0 
2.360000e-02 
7.080000e-02 
2.123000e-01 
3.770000e-02 
1.890000e-02 
3.770000e-02 
4.720000e-02 
4.720000e-02 
9.430000e-02 
7.550000e-02 
1.890000e-02 
2.360000e-02 
0 
7.550000e-02 
5.660000e-02 
0 
0 
5.660000e-02 
2.360000e-02 
5.660000e-02 
1.890000e-02 
2.360000e-02 
0 
0 
1.651000e-01 
5.660000e-02 
0 
1.890000e-02 
7.080000e-02 
4.720000e-02 
0 
5.660000e-02 
1.890000e-02 
1.132000e-01 
0 
9.430000e-02 
2.360000e-02 
3.019000e-01 
0 
5.660000e-02 
1.321000e-01 
1.415000e-01 
1.132000e-01 
3.770000e-02 
1.179000e-01 
3.770000e-02 
7.550000e-02 
1.698000e-01 
2.358000e-01 
7.550000e-02 
5.660000e-02 
3.770000e-02 
7.080000e-02 
2.360000e-02 
1.321000e-01 
