4.533000e-01 
2.267000e-01 
2.800000e-01 
5.200000e-01 
5.067000e-01 
4.133000e-01 
2.400000e-01 
3.333000e-01 
3.333000e-01 
2.800000e-01 
3.467000e-01 
6.533000e-01 
6.000000e-01 
2.000000e-01 
4.800000e-01 
4.667000e-01 
3.867000e-01 
2.000000e-01 
1.733000e-01 
6.000000e-01 
5.600000e-01 
3.067000e-01 
4.400000e-01 
4.533000e-01 
5.467000e-01 
3.067000e-01 
1.600000e-01 
6.133000e-01 
5.333000e-01 
4.133000e-01 
2.400000e-01 
6.400000e-01 
6.267000e-01 
5.467000e-01 
8.267000e-01 
1.600000e-01 
2.267000e-01 
4.800000e-01 
5.333000e-01 
5.200000e-01 
5.867000e-01 
4.533000e-01 
6.133000e-01 
4.000000e-01 
1.867000e-01 
5.867000e-01 
2.533000e-01 
5.200000e-01 
7.467000e-01 
6.400000e-01 
7.600000e-01 
2.667000e-01 
2.933000e-01 
4.533000e-01 
7.467000e-01 
6.667000e-01 
5.867000e-01 
2.133000e-01 
2.133000e-01 
2.667000e-01 
3.733000e-01 
7.467000e-01 
2.800000e-01 
6.000000e-01 
4.800000e-01 
3.067000e-01 
6.800000e-01 
4.133000e-01 
2.800000e-01 
2.800000e-01 
1.467000e-01 
5.067000e-01 
3.467000e-01 
1.733000e-01 
6.000000e-01 
5.067000e-01 
3.067000e-01 
2.800000e-01 
5.200000e-01 
5.200000e-01 
6.667000e-01 
4.267000e-01 
5.733000e-01 
5.867000e-01 
3.600000e-01 
8.000000e-02 
4.133000e-01 
3.733000e-01 
6.267000e-01 
2.133000e-01 
3.600000e-01 
4.267000e-01 
6.533000e-01 
4.133000e-01 
9.330000e-02 
4.800000e-01 
4.667000e-01 
4.133000e-01 
6.400000e-01 
4.933000e-01 
6.267000e-01 
4.800000e-01 
2.400000e-01 
4.400000e-01 
4.133000e-01 
4.667000e-01 
8.267000e-01 
4.800000e-01 
3.867000e-01 
3.467000e-01 
3.067000e-01 
6.400000e-01 
5.600000e-01 
4.933000e-01 
5.600000e-01 
4.667000e-01 
8.000000e-01 
1.467000e-01 
2.933000e-01 
5.600000e-01 
5.067000e-01 
6.400000e-01 
4.667000e-01 
5.600000e-01 
2.267000e-01 
5.867000e-01 
1.200000e-01 
7.733000e-01 
4.933000e-01 
2.400000e-01 
5.467000e-01 
5.600000e-01 
6.267000e-01 
3.867000e-01 
3.067000e-01 
6.267000e-01 
4.667000e-01 
3.467000e-01 
4.933000e-01 
4.133000e-01 
5.467000e-01 
5.200000e-01 
6.670000e-02 
4.533000e-01 
5.467000e-01 
4.000000e-01 
4.000000e-01 
5.733000e-01 
5.467000e-01 
3.600000e-01 
1.867000e-01 
5.067000e-01 
5.867000e-01 
4.933000e-01 
6.400000e-01 
5.600000e-01 
6.667000e-01 
4.800000e-01 
2.533000e-01 
5.467000e-01 
7.067000e-01 
3.333000e-01 
5.600000e-01 
5.600000e-01 
3.867000e-01 
4.400000e-01 
4.933000e-01 
8.667000e-01 
4.800000e-01 
1.600000e-01 
5.733000e-01 
7.067000e-01 
3.867000e-01 
3.600000e-01 
3.867000e-01 
7.200000e-01 
4.800000e-01 
4.267000e-01 
6.400000e-01 
6.400000e-01 
3.600000e-01 
5.333000e-01 
1.733000e-01 
3.600000e-01 
4.800000e-01 
2.533000e-01 
6.000000e-01 
3.733000e-01 
3.467000e-01 
4.800000e-01 
4.267000e-01 
2.400000e-01 
8.000000e-01 
2.133000e-01 
5.467000e-01 
6.267000e-01 
4.800000e-01 
4.800000e-01 
2.800000e-01 
6.000000e-01 
7.200000e-01 
3.200000e-01 
6.400000e-01 
6.000000e-01 
4.667000e-01 
7.600000e-01 
1.867000e-01 
7.867000e-01 
6.267000e-01 
3.200000e-01 
7.067000e-01 
7.200000e-01 
3.733000e-01 
4.267000e-01 
3.600000e-01 
6.133000e-01 
9.200000e-01 
2.667000e-01 
5.867000e-01 
7.067000e-01 
5.200000e-01 
6.267000e-01 
4.933000e-01 
5.867000e-01 
5.067000e-01 
5.333000e-01 
6.000000e-01 
5.200000e-01 
3.067000e-01 
6.667000e-01 
7.200000e-01 
3.733000e-01 
6.000000e-01 
4.400000e-01 
6.533000e-01 
5.200000e-01 
3.333000e-01 
6.133000e-01 
4.267000e-01 
4.533000e-01 
4.800000e-01 
5.067000e-01 
7.467000e-01 
6.400000e-01 
5.733000e-01 
3.867000e-01 
4.267000e-01 
4.000000e-01 
6.400000e-01 
5.333000e-01 
3.867000e-01 
6.800000e-01 
5.733000e-01 
5.333000e-01 
2.133000e-01 
5.067000e-01 
3.867000e-01 
6.000000e-01 
2.933000e-01 
6.400000e-01 
6.533000e-01 
3.600000e-01 
2.133000e-01 
4.000000e-01 
6.000000e-01 
1.733000e-01 
6.933000e-01 
5.600000e-01 
5.333000e-01 
1.600000e-01 
4.000000e-01 
3.733000e-01 
5.733000e-01 
2.000000e-01 
4.800000e-01 
5.467000e-01 
5.600000e-01 
4.000000e-01 
2.667000e-01 
3.600000e-01 
5.333000e-01 
6.667000e-01 
1.200000e-01 
6.533000e-01 
1 
5.733000e-01 
6.670000e-02 
3.200000e-01 
4.667000e-01 
2.400000e-01 
2.933000e-01 
4.800000e-01 
2.800000e-01 
2.133000e-01 
1.200000e-01 
8.000000e-01 
7.600000e-01 
3.467000e-01 
5.333000e-01 
6.133000e-01 
4.667000e-01 
3.467000e-01 
3.467000e-01 
4.400000e-01 
6.533000e-01 
7.333000e-01 
5.067000e-01 
3.200000e-01 
5.867000e-01 
5.067000e-01 
3.467000e-01 
2.533000e-01 
5.200000e-01 
5.733000e-01 
3.600000e-01 
2.667000e-01 
5.333000e-01 
3.600000e-01 
1.867000e-01 
2.133000e-01 
2.667000e-01 
6.267000e-01 
3.600000e-01 
3.733000e-01 
5.600000e-01 
4.267000e-01 
4.000000e-01 
3.333000e-01 
3.467000e-01 
4.800000e-01 
4.933000e-01 
6.533000e-01 
2.933000e-01 
4.800000e-01 
4.667000e-01 
4.800000e-01 
4.400000e-01 
5.333000e-01 
7.733000e-01 
4.533000e-01 
5.600000e-01 
7.200000e-01 
5.467000e-01 
3.333000e-01 
5.200000e-01 
6.533000e-01 
5.200000e-01 
4.000000e-01 
3.067000e-01 
5.067000e-01 
3.467000e-01 
2.800000e-01 
5.200000e-01 
5.200000e-01 
4.800000e-01 
4.933000e-01 
3.467000e-01 
4.267000e-01 
5.733000e-01 
5.333000e-01 
4.933000e-01 
3.333000e-01 
