9.717000e-01 
3.113000e-01 
4.151000e-01 
4.720000e-02 
1.509000e-01 
4.151000e-01 
5.943000e-01 
6.509000e-01 
5.849000e-01 
7.358000e-01 
3.679000e-01 
5.660000e-02 
1.604000e-01 
3.962000e-01 
3.962000e-01 
2.075000e-01 
2.075000e-01 
5.094000e-01 
2.264000e-01 
2.264000e-01 
2.925000e-01 
5.566000e-01 
1.887000e-01 
4.720000e-02 
6.600000e-02 
2.264000e-01 
2.642000e-01 
9.430000e-02 
6.600000e-02 
3.679000e-01 
3.585000e-01 
2.170000e-01 
7.550000e-02 
2.547000e-01 
2.642000e-01 
3.585000e-01 
7.547000e-01 
9.151000e-01 
2.264000e-01 
1.321000e-01 
9.430000e-02 
9.400000e-03 
7.550000e-02 
1.698000e-01 
6.604000e-01 
6.887000e-01 
4.528000e-01 
2.547000e-01 
5.660000e-02 
2.830000e-02 
5.660000e-02 
1.981000e-01 
5.566000e-01 
6.792000e-01 
1.132000e-01 
1.321000e-01 
3.302000e-01 
4.434000e-01 
6.792000e-01 
7.736000e-01 
1.698000e-01 
2.830000e-02 
3.396000e-01 
2.264000e-01 
1.981000e-01 
2.358000e-01 
1.792000e-01 
2.170000e-01 
4.151000e-01 
7.075000e-01 
1.887000e-01 
7.550000e-02 
2.642000e-01 
7.550000e-02 
1.038000e-01 
9.430000e-02 
2.547000e-01 
6.226000e-01 
1.887000e-01 
4.057000e-01 
5.472000e-01 
1.226000e-01 
0 
9.430000e-02 
1.415000e-01 
5.472000e-01 
1.226000e-01 
4.528000e-01 
6.604000e-01 
7.547000e-01 
7.264000e-01 
1.981000e-01 
3.770000e-02 
1.890000e-02 
1.509000e-01 
1.981000e-01 
8.490000e-02 
1.038000e-01 
2.547000e-01 
9.430000e-02 
1.698000e-01 
2.547000e-01 
1.792000e-01 
1.698000e-01 
3.770000e-02 
8.490000e-02 
7.550000e-02 
7.550000e-02 
1.415000e-01 
2.830000e-01 
2.358000e-01 
1.698000e-01 
1.415000e-01 
1.887000e-01 
1.226000e-01 
2.830000e-02 
6.600000e-02 
1.792000e-01 
1.604000e-01 
4.720000e-02 
9.400000e-03 
8.490000e-02 
1.509000e-01 
1.321000e-01 
1.604000e-01 
2.736000e-01 
1.981000e-01 
2.170000e-01 
1.132000e-01 
1.509000e-01 
3.770000e-02 
8.490000e-02 
8.490000e-02 
2.830000e-01 
9.430000e-02 
1.226000e-01 
3.770000e-02 
5.660000e-02 
6.600000e-02 
1.321000e-01 
1.698000e-01 
3.396000e-01 
1.792000e-01 
1.698000e-01 
1.226000e-01 
1.132000e-01 
1.604000e-01 
5.660000e-02 
9.430000e-02 
2.547000e-01 
1.132000e-01 
3.396000e-01 
8.490000e-02 
8.490000e-02 
8.490000e-02 
5.660000e-02 
9.430000e-02 
2.925000e-01 
3.113000e-01 
3.679000e-01 
4.434000e-01 
2.736000e-01 
1.792000e-01 
1.509000e-01 
1.038000e-01 
2.358000e-01 
1.132000e-01 
5.660000e-02 
1.509000e-01 
2.925000e-01 
2.075000e-01 
1.792000e-01 
1.038000e-01 
1.887000e-01 
1.981000e-01 
3.491000e-01 
3.396000e-01 
1.415000e-01 
5.660000e-02 
8.490000e-02 
1.604000e-01 
2.830000e-01 
2.925000e-01 
3.113000e-01 
5.094000e-01 
2.358000e-01 
1.981000e-01 
1.226000e-01 
5.660000e-02 
2.830000e-02 
2.453000e-01 
2.170000e-01 
4.811000e-01 
1.038000e-01 
1.604000e-01 
1.038000e-01 
8.490000e-02 
1.604000e-01 
5.660000e-02 
8.490000e-02 
1.226000e-01 
2.642000e-01 
1.698000e-01 
7.550000e-02 
5.660000e-02 
1.415000e-01 
1.792000e-01 
8.490000e-02 
1.321000e-01 
1.132000e-01 
1.132000e-01 
4.720000e-02 
1.604000e-01 
2.264000e-01 
1.038000e-01 
3.770000e-02 
2.358000e-01 
1.321000e-01 
1.038000e-01 
1.038000e-01 
6.600000e-02 
1.132000e-01 
1.226000e-01 
1.321000e-01 
7.550000e-02 
3.019000e-01 
9.430000e-02 
1.321000e-01 
6.600000e-02 
1.038000e-01 
9.430000e-02 
1.132000e-01 
7.550000e-02 
1.132000e-01 
9.430000e-02 
1.226000e-01 
1.132000e-01 
2.358000e-01 
1.226000e-01 
1.604000e-01 
4.720000e-02 
6.600000e-02 
1.604000e-01 
2.547000e-01 
8.490000e-02 
5.660000e-02 
3.770000e-02 
9.430000e-02 
1.415000e-01 
2.547000e-01 
1.038000e-01 
1.132000e-01 
9.430000e-02 
1.792000e-01 
1.981000e-01 
4.720000e-02 
3.770000e-02 
6.600000e-02 
1.981000e-01 
1.604000e-01 
3.868000e-01 
3.302000e-01 
3.774000e-01 
2.830000e-01 
8.490000e-02 
4.720000e-02 
7.550000e-02 
4.720000e-02 
1.887000e-01 
3.868000e-01 
1.604000e-01 
4.245000e-01 
5.189000e-01 
1.226000e-01 
2.830000e-02 
7.550000e-02 
6.600000e-02 
1.604000e-01 
1.321000e-01 
1.038000e-01 
6.600000e-02 
1.698000e-01 
1.226000e-01 
1.415000e-01 
2.075000e-01 
2.642000e-01 
2.453000e-01 
1.604000e-01 
1.890000e-02 
4.720000e-02 
8.490000e-02 
1.132000e-01 
1.132000e-01 
3.396000e-01 
1.038000e-01 
1.415000e-01 
2.075000e-01 
1.792000e-01 
1.132000e-01 
9.430000e-02 
7.550000e-02 
1.698000e-01 
9.430000e-02 
2.075000e-01 
9.430000e-02 
1.132000e-01 
8.490000e-02 
5.660000e-02 
6.600000e-02 
1.038000e-01 
1.132000e-01 
9.430000e-02 
8.490000e-02 
9.430000e-02 
1.038000e-01 
1.226000e-01 
1.321000e-01 
7.550000e-02 
5.660000e-02 
1.887000e-01 
1.415000e-01 
1.792000e-01 
6.600000e-02 
5.660000e-02 
1.132000e-01 
3.770000e-02 
1.132000e-01 
1.509000e-01 
7.550000e-02 
2.453000e-01 
6.600000e-02 
1.604000e-01 
7.550000e-02 
6.600000e-02 
1.415000e-01 
1.698000e-01 
1.038000e-01 
1.038000e-01 
8.490000e-02 
1.226000e-01 
1.132000e-01 
1.604000e-01 
1.321000e-01 
1.887000e-01 
1.698000e-01 
1.132000e-01 
5.660000e-02 
1.038000e-01 
1.321000e-01 
1.698000e-01 
1.226000e-01 
1.698000e-01 
1.415000e-01 
9.430000e-02 
1.604000e-01 
1.604000e-01 
3.770000e-02 
3.770000e-02 
6.600000e-02 
9.430000e-02 
7.550000e-02 
1.698000e-01 
