4.861000e-01 
1 
8.194000e-01 
7.639000e-01 
7.500000e-01 
7.917000e-01 
7.083000e-01 
6.111000e-01 
2.222000e-01 
3.194000e-01 
9.028000e-01 
8.056000e-01 
6.944000e-01 
7.083000e-01 
8.750000e-01 
5.833000e-01 
4.444000e-01 
8.194000e-01 
6.806000e-01 
6.944000e-01 
3.889000e-01 
6.389000e-01 
9.167000e-01 
7.500000e-01 
4.444000e-01 
6.528000e-01 
7.500000e-01 
5.833000e-01 
6.667000e-01 
4.861000e-01 
4.028000e-01 
5.278000e-01 
5.972000e-01 
5.972000e-01 
7.500000e-01 
3.333000e-01 
3.056000e-01 
5.556000e-01 
2.778000e-01 
2.917000e-01 
4.167000e-01 
6.528000e-01 
6.528000e-01 
2.083000e-01 
3.194000e-01 
3.472000e-01 
3.333000e-01 
2.917000e-01 
3.750000e-01 
6.389000e-01 
5.000000e-01 
5.000000e-01 
2.778000e-01 
3.056000e-01 
5.972000e-01 
6.806000e-01 
5.833000e-01 
3.472000e-01 
1.389000e-01 
2.500000e-01 
4.722000e-01 
6.667000e-01 
6.667000e-01 
4.306000e-01 
6.528000e-01 
6.806000e-01 
8.611000e-01 
5.556000e-01 
4.583000e-01 
5.139000e-01 
5.833000e-01 
2.778000e-01 
2.361000e-01 
5.833000e-01 
5.694000e-01 
2.778000e-01 
9.720000e-02 
3.611000e-01 
3.333000e-01 
9.720000e-02 
3.611000e-01 
5.139000e-01 
8.056000e-01 
4.583000e-01 
3.889000e-01 
4.722000e-01 
5.694000e-01 
4.306000e-01 
2.639000e-01 
1.250000e-01 
4.167000e-01 
5.000000e-01 
4.722000e-01 
4.444000e-01 
4.583000e-01 
3.889000e-01 
4.028000e-01 
6.944000e-01 
6.667000e-01 
5.694000e-01 
3.889000e-01 
5.556000e-01 
3.194000e-01 
3.194000e-01 
3.750000e-01 
7.500000e-01 
5.139000e-01 
5.556000e-01 
4.583000e-01 
4.722000e-01 
5.000000e-01 
2.917000e-01 
2.500000e-01 
3.333000e-01 
5.833000e-01 
5.278000e-01 
5.000000e-01 
3.333000e-01 
6.944000e-01 
3.472000e-01 
3.194000e-01 
5.278000e-01 
5.556000e-01 
6.389000e-01 
4.861000e-01 
4.861000e-01 
3.056000e-01 
9.720000e-02 
4.167000e-01 
3.611000e-01 
6.250000e-01 
5.417000e-01 
4.861000e-01 
3.611000e-01 
4.028000e-01 
2.083000e-01 
4.444000e-01 
4.444000e-01 
5.417000e-01 
3.889000e-01 
3.611000e-01 
3.611000e-01 
4.861000e-01 
6.667000e-01 
3.611000e-01 
5.833000e-01 
5.556000e-01 
5.417000e-01 
4.722000e-01 
3.333000e-01 
4.306000e-01 
2.639000e-01 
3.611000e-01 
5.556000e-01 
6.389000e-01 
5.972000e-01 
4.444000e-01 
5.417000e-01 
5.278000e-01 
3.750000e-01 
5.139000e-01 
5.833000e-01 
5.417000e-01 
4.444000e-01 
6.528000e-01 
5.139000e-01 
3.611000e-01 
4.028000e-01 
3.056000e-01 
2.083000e-01 
5.278000e-01 
3.056000e-01 
3.611000e-01 
3.194000e-01 
3.611000e-01 
1.944000e-01 
1.944000e-01 
4.306000e-01 
5.972000e-01 
4.722000e-01 
3.472000e-01 
4.444000e-01 
4.444000e-01 
3.889000e-01 
3.056000e-01 
2.639000e-01 
3.889000e-01 
5.833000e-01 
3.611000e-01 
5.833000e-01 
3.056000e-01 
4.167000e-01 
2.083000e-01 
2.917000e-01 
2.639000e-01 
5.556000e-01 
5.694000e-01 
5.000000e-01 
4.583000e-01 
2.917000e-01 
2.222000e-01 
1.944000e-01 
3.056000e-01 
4.583000e-01 
3.333000e-01 
2.778000e-01 
3.611000e-01 
3.750000e-01 
2.222000e-01 
4.028000e-01 
4.722000e-01 
3.750000e-01 
4.028000e-01 
2.778000e-01 
3.472000e-01 
3.056000e-01 
1.806000e-01 
1.528000e-01 
2.778000e-01 
2.917000e-01 
3.611000e-01 
1.528000e-01 
3.472000e-01 
5.000000e-01 
3.194000e-01 
5.000000e-01 
2.778000e-01 
3.333000e-01 
4.028000e-01 
4.028000e-01 
4.306000e-01 
4.583000e-01 
3.194000e-01 
3.194000e-01 
3.333000e-01 
4.306000e-01 
2.917000e-01 
2.222000e-01 
4.306000e-01 
3.056000e-01 
4.722000e-01 
3.611000e-01 
3.056000e-01 
3.194000e-01 
3.333000e-01 
3.194000e-01 
3.194000e-01 
5.417000e-01 
2.639000e-01 
4.028000e-01 
3.472000e-01 
2.917000e-01 
2.500000e-01 
3.611000e-01 
8.472000e-01 
6.667000e-01 
8.472000e-01 
7.917000e-01 
5.972000e-01 
7.778000e-01 
4.583000e-01 
5.694000e-01 
3.611000e-01 
3.333000e-01 
4.306000e-01 
5.694000e-01 
7.917000e-01 
7.083000e-01 
6.111000e-01 
5.833000e-01 
4.167000e-01 
3.333000e-01 
2.222000e-01 
4.028000e-01 
8.333000e-01 
6.944000e-01 
5.278000e-01 
6.944000e-01 
5.000000e-01 
5.694000e-01 
6.250000e-01 
5.972000e-01 
6.806000e-01 
5.972000e-01 
3.194000e-01 
2.639000e-01 
6.389000e-01 
2.917000e-01 
6.111000e-01 
7.222000e-01 
7.917000e-01 
5.000000e-01 
5.556000e-01 
5.417000e-01 
3.611000e-01 
1.667000e-01 
1.528000e-01 
4.861000e-01 
4.861000e-01 
4.444000e-01 
4.583000e-01 
4.444000e-01 
3.194000e-01 
2.361000e-01 
2.361000e-01 
2.083000e-01 
3.611000e-01 
5.833000e-01 
5.139000e-01 
4.028000e-01 
5.833000e-01 
5.139000e-01 
5.139000e-01 
3.889000e-01 
4.861000e-01 
7.083000e-01 
6.250000e-01 
5.417000e-01 
6.528000e-01 
6.111000e-01 
4.583000e-01 
4.444000e-01 
3.333000e-01 
3.611000e-01 
5.833000e-01 
6.389000e-01 
6.250000e-01 
4.167000e-01 
4.167000e-01 
5.278000e-01 
4.306000e-01 
5.278000e-01 
3.333000e-01 
3.194000e-01 
2.639000e-01 
4.167000e-01 
3.056000e-01 
6.389000e-01 
3.750000e-01 
6.806000e-01 
5.556000e-01 
3.472000e-01 
1.389000e-01 
2.222000e-01 
2.500000e-01 
2.917000e-01 
7.222000e-01 
7.083000e-01 
5.417000e-01 
5.972000e-01 
3.333000e-01 
4.861000e-01 
5.833000e-01 
5.139000e-01 
1.944000e-01 
3.472000e-01 
5.278000e-01 
6.528000e-01 
6.806000e-01 
7.222000e-01 
5.139000e-01 
3.472000e-01 
