8.750000e-02 
5.000000e-01 
2.625000e-01 
5.250000e-01 
4.250000e-01 
1.625000e-01 
4.875000e-01 
1.875000e-01 
4.875000e-01 
3.500000e-01 
4.875000e-01 
5.500000e-01 
3.250000e-01 
1.750000e-01 
1.875000e-01 
3.625000e-01 
4.500000e-01 
2.875000e-01 
2.375000e-01 
3.125000e-01 
2.125000e-01 
2.375000e-01 
1.750000e-01 
2.750000e-01 
4.125000e-01 
1.000000e-01 
6.250000e-02 
2.750000e-01 
1.250000e-01 
6.125000e-01 
4.625000e-01 
6.875000e-01 
2.125000e-01 
3.375000e-01 
4.750000e-01 
3.625000e-01 
6.250000e-02 
3.000000e-01 
2.250000e-01 
5.500000e-01 
2.875000e-01 
4.250000e-01 
2.250000e-01 
4.125000e-01 
3.500000e-01 
4.750000e-01 
3.500000e-01 
1.625000e-01 
3.500000e-01 
5.375000e-01 
2.625000e-01 
3.375000e-01 
2.375000e-01 
5.500000e-01 
3.500000e-01 
2.500000e-01 
3.875000e-01 
1.750000e-01 
3.625000e-01 
1.625000e-01 
4.875000e-01 
3.125000e-01 
1.625000e-01 
2.000000e-01 
3.000000e-01 
3.500000e-01 
1.250000e-01 
2.125000e-01 
4.000000e-01 
2.500000e-01 
4.375000e-01 
3.500000e-01 
4.750000e-01 
2.625000e-01 
1.750000e-01 
5.000000e-01 
2.750000e-01 
1.750000e-01 
4.750000e-01 
4.000000e-01 
5.125000e-01 
1.375000e-01 
3.375000e-01 
2.500000e-01 
4.500000e-01 
3.750000e-01 
4.250000e-01 
5.125000e-01 
4.250000e-01 
5.250000e-01 
1.125000e-01 
3.750000e-01 
3.625000e-01 
4.375000e-01 
3.625000e-01 
4.875000e-01 
4.125000e-01 
3.625000e-01 
6.625000e-01 
4.500000e-01 
1.375000e-01 
2.875000e-01 
3.375000e-01 
4.500000e-01 
3.125000e-01 
1.500000e-01 
3.875000e-01 
5.375000e-01 
3.875000e-01 
6.750000e-01 
5.125000e-01 
4.000000e-01 
4.250000e-01 
1.250000e-01 
3.250000e-01 
2.625000e-01 
3.750000e-01 
3.625000e-01 
3.375000e-01 
4.625000e-01 
5.250000e-01 
3.625000e-01 
1.750000e-01 
6.625000e-01 
4.750000e-01 
5.875000e-01 
2.750000e-01 
4.000000e-01 
2.875000e-01 
8.750000e-02 
3.500000e-01 
6.875000e-01 
1.125000e-01 
3.500000e-01 
3.750000e-01 
2.500000e-01 
5.000000e-01 
2.875000e-01 
1.750000e-01 
3.500000e-01 
4.875000e-01 
4.000000e-01 
1.000000e-01 
4.125000e-01 
1.125000e-01 
2.250000e-01 
3.500000e-01 
6.500000e-01 
5.250000e-01 
2.000000e-01 
2.250000e-01 
5.625000e-01 
2.125000e-01 
1.875000e-01 
2.625000e-01 
3.125000e-01 
7.250000e-01 
4.500000e-01 
5.125000e-01 
7.000000e-01 
2.375000e-01 
2.875000e-01 
2.875000e-01 
3.875000e-01 
8.750000e-02 
4.625000e-01 
5.000000e-01 
3.000000e-01 
1.375000e-01 
3.875000e-01 
2.125000e-01 
4.375000e-01 
5.500000e-01 
4.875000e-01 
5.500000e-01 
4.125000e-01 
2.375000e-01 
2.500000e-01 
4.000000e-01 
2.750000e-01 
4.750000e-01 
8.750000e-02 
3.125000e-01 
4.875000e-01 
3.750000e-01 
4.250000e-01 
2.000000e-01 
4.500000e-01 
3.750000e-01 
4.375000e-01 
2.375000e-01 
4.375000e-01 
4.625000e-01 
3.750000e-01 
1.500000e-01 
3.750000e-01 
5.125000e-01 
3.500000e-01 
4.875000e-01 
1.625000e-01 
2.625000e-01 
2.750000e-01 
2.375000e-01 
5.750000e-01 
4.250000e-01 
2.250000e-01 
8.750000e-01 
3.625000e-01 
5.375000e-01 
3.000000e-01 
2.750000e-01 
6.375000e-01 
4.000000e-01 
2.000000e-01 
5.500000e-01 
4.750000e-01 
3.500000e-01 
2.375000e-01 
4.375000e-01 
3.750000e-01 
4.375000e-01 
7.500000e-02 
1.000000e-01 
4.000000e-01 
3.375000e-01 
2.625000e-01 
7.375000e-01 
2.000000e-01 
3.000000e-01 
4.625000e-01 
2.500000e-01 
3.500000e-01 
4.500000e-01 
2.875000e-01 
5.750000e-01 
3.375000e-01 
6.500000e-01 
3.625000e-01 
3.000000e-01 
2.375000e-01 
4.000000e-01 
4.250000e-01 
2.500000e-01 
3.375000e-01 
1.000000e-01 
3.750000e-01 
1.875000e-01 
2.250000e-01 
2.875000e-01 
7.250000e-01 
4.000000e-01 
3.625000e-01 
3.750000e-02 
2.750000e-01 
2.750000e-01 
4.000000e-01 
4.250000e-01 
1.750000e-01 
3.125000e-01 
1.375000e-01 
2.500000e-01 
2.750000e-01 
3.125000e-01 
1 
0 
2.250000e-01 
7.500000e-02 
3.750000e-01 
4.750000e-01 
7.500000e-02 
9.125000e-01 
2.875000e-01 
3.625000e-01 
3.750000e-01 
3.750000e-02 
5.000000e-01 
4.250000e-01 
3.125000e-01 
1.875000e-01 
4.500000e-01 
3.375000e-01 
4.375000e-01 
2.500000e-01 
4.125000e-01 
3.125000e-01 
2.500000e-01 
3.375000e-01 
3.750000e-01 
3.125000e-01 
6.250000e-02 
3.750000e-01 
5.875000e-01 
3.125000e-01 
1.000000e-01 
3.625000e-01 
6.750000e-01 
1.000000e-01 
3.000000e-01 
2.625000e-01 
6.125000e-01 
3.000000e-01 
2.000000e-01 
2.125000e-01 
3.000000e-01 
3.875000e-01 
5.375000e-01 
3.500000e-01 
1.375000e-01 
5.750000e-01 
1.625000e-01 
3.375000e-01 
3.125000e-01 
8.250000e-01 
8.750000e-02 
3.000000e-01 
4.000000e-01 
5.250000e-01 
4.750000e-01 
3.250000e-01 
4.875000e-01 
5.750000e-01 
3.875000e-01 
4.500000e-01 
5.375000e-01 
3.375000e-01 
2.750000e-01 
3.750000e-02 
3.875000e-01 
4.500000e-01 
4.875000e-01 
3.375000e-01 
4.750000e-01 
6.125000e-01 
7.125000e-01 
1.000000e-01 
5.000000e-01 
3.375000e-01 
5.125000e-01 
3.875000e-01 
3.875000e-01 
4.125000e-01 
3.125000e-01 
7.500000e-02 
3.000000e-01 
3.375000e-01 
5.000000e-02 
2.125000e-01 
3.250000e-01 
4.250000e-01 
3.750000e-01 
4.375000e-01 
6.000000e-01 
2.750000e-01 
5.250000e-01 
3.875000e-01 
6.625000e-01 
2.375000e-01 
2.625000e-01 
3.625000e-01 
1.375000e-01 
3.250000e-01 
1.750000e-01 
