3.770000e-01 
6.557000e-01 
3.607000e-01 
2.295000e-01 
3.770000e-01 
2.623000e-01 
2.787000e-01 
2.131000e-01 
1.148000e-01 
3.770000e-01 
7.049000e-01 
3.115000e-01 
1.148000e-01 
5.246000e-01 
1.311000e-01 
4.098000e-01 
4.262000e-01 
4.754000e-01 
3.934000e-01 
3.770000e-01 
5.738000e-01 
1.475000e-01 
4.426000e-01 
3.934000e-01 
2.295000e-01 
6.557000e-01 
2.951000e-01 
3.279000e-01 
5.082000e-01 
3.934000e-01 
5.246000e-01 
5.246000e-01 
5.410000e-01 
4.262000e-01 
5.410000e-01 
5.902000e-01 
3.280000e-02 
4.262000e-01 
1.803000e-01 
2.459000e-01 
8.361000e-01 
4.754000e-01 
6.721000e-01 
5.738000e-01 
1.475000e-01 
1.803000e-01 
3.607000e-01 
6.230000e-01 
4.590000e-01 
3.443000e-01 
3.934000e-01 
4.754000e-01 
4.262000e-01 
3.279000e-01 
8.361000e-01 
7.377000e-01 
3.115000e-01 
5.082000e-01 
2.951000e-01 
2.295000e-01 
7.377000e-01 
2.131000e-01 
6.557000e-01 
8.852000e-01 
5.246000e-01 
4.754000e-01 
6.230000e-01 
2.459000e-01 
5.410000e-01 
3.934000e-01 
4.098000e-01 
4.262000e-01 
6.393000e-01 
6.885000e-01 
3.115000e-01 
4.754000e-01 
8.689000e-01 
2.459000e-01 
4.590000e-01 
5.246000e-01 
5.246000e-01 
1.803000e-01 
1.639000e-01 
3.934000e-01 
3.115000e-01 
3.115000e-01 
3.279000e-01 
1.639000e-01 
4.918000e-01 
6.230000e-01 
1.148000e-01 
2.459000e-01 
9.840000e-02 
5.410000e-01 
3.443000e-01 
2.951000e-01 
5.574000e-01 
5.246000e-01 
7.049000e-01 
4.426000e-01 
5.574000e-01 
2.295000e-01 
8.200000e-02 
2.295000e-01 
6.066000e-01 
4.754000e-01 
4.262000e-01 
1.639000e-01 
4.918000e-01 
4.918000e-01 
2.951000e-01 
2.295000e-01 
5.574000e-01 
3.770000e-01 
4.918000e-01 
4.426000e-01 
4.918000e-01 
3.934000e-01 
1.475000e-01 
1.311000e-01 
4.426000e-01 
4.262000e-01 
6.230000e-01 
8.200000e-02 
3.770000e-01 
2.131000e-01 
6.230000e-01 
1.311000e-01 
4.426000e-01 
2.131000e-01 
4.098000e-01 
4.426000e-01 
4.590000e-01 
5.246000e-01 
4.754000e-01 
1.311000e-01 
5.574000e-01 
2.951000e-01 
5.902000e-01 
2.787000e-01 
3.279000e-01 
4.262000e-01 
6.721000e-01 
6.393000e-01 
3.770000e-01 
2.295000e-01 
6.557000e-01 
6.560000e-02 
1.967000e-01 
2.623000e-01 
7.377000e-01 
1.475000e-01 
6.230000e-01 
1.639000e-01 
5.246000e-01 
4.098000e-01 
2.623000e-01 
6.066000e-01 
3.115000e-01 
3.443000e-01 
3.279000e-01 
5.410000e-01 
4.098000e-01 
2.951000e-01 
3.115000e-01 
2.131000e-01 
6.557000e-01 
1.803000e-01 
3.607000e-01 
7.705000e-01 
1.803000e-01 
5.738000e-01 
1.803000e-01 
2.459000e-01 
5.574000e-01 
2.295000e-01 
5.574000e-01 
4.262000e-01 
0 
8.200000e-02 
1.967000e-01 
3.279000e-01 
2.459000e-01 
2.951000e-01 
4.098000e-01 
6.393000e-01 
2.459000e-01 
6.066000e-01 
2.623000e-01 
1.148000e-01 
5.410000e-01 
2.623000e-01 
1.967000e-01 
1.311000e-01 
8.200000e-02 
3.607000e-01 
4.262000e-01 
4.098000e-01 
6.066000e-01 
4.590000e-01 
6.230000e-01 
7.541000e-01 
4.918000e-01 
2.951000e-01 
6.560000e-02 
4.590000e-01 
4.262000e-01 
2.295000e-01 
2.787000e-01 
5.246000e-01 
3.770000e-01 
3.443000e-01 
5.410000e-01 
6.393000e-01 
4.754000e-01 
3.770000e-01 
3.934000e-01 
1 
3.607000e-01 
9.836000e-01 
3.770000e-01 
5.082000e-01 
2.787000e-01 
9.840000e-02 
4.262000e-01 
2.951000e-01 
9.180000e-01 
3.443000e-01 
3.443000e-01 
3.115000e-01 
4.098000e-01 
8.197000e-01 
6.557000e-01 
3.934000e-01 
7.049000e-01 
3.280000e-02 
4.426000e-01 
8.200000e-02 
6.066000e-01 
1.475000e-01 
7.213000e-01 
1.639000e-01 
7.869000e-01 
2.623000e-01 
2.459000e-01 
2.131000e-01 
3.934000e-01 
2.951000e-01 
3.770000e-01 
4.590000e-01 
7.541000e-01 
9.840000e-02 
5.082000e-01 
9.840000e-02 
2.131000e-01 
5.246000e-01 
2.459000e-01 
2.131000e-01 
2.459000e-01 
1.148000e-01 
2.295000e-01 
4.590000e-01 
1.148000e-01 
1.148000e-01 
3.279000e-01 
4.262000e-01 
5.574000e-01 
2.787000e-01 
7.377000e-01 
4.426000e-01 
4.262000e-01 
2.131000e-01 
1.639000e-01 
3.443000e-01 
2.623000e-01 
6.557000e-01 
1.475000e-01 
6.560000e-02 
4.920000e-02 
2.623000e-01 
3.770000e-01 
2.623000e-01 
3.443000e-01 
0 
1.967000e-01 
6.393000e-01 
2.623000e-01 
2.623000e-01 
2.623000e-01 
4.590000e-01 
4.098000e-01 
1.475000e-01 
2.623000e-01 
3.770000e-01 
5.246000e-01 
3.115000e-01 
5.902000e-01 
8.361000e-01 
2.787000e-01 
3.279000e-01 
4.920000e-02 
3.607000e-01 
5.574000e-01 
3.770000e-01 
7.541000e-01 
9.840000e-02 
6.557000e-01 
7.705000e-01 
4.918000e-01 
2.623000e-01 
5.246000e-01 
3.934000e-01 
4.262000e-01 
4.590000e-01 
4.754000e-01 
2.295000e-01 
4.098000e-01 
4.918000e-01 
3.443000e-01 
4.918000e-01 
5.246000e-01 
1.639000e-01 
4.262000e-01 
1.803000e-01 
4.262000e-01 
7.541000e-01 
4.918000e-01 
1.311000e-01 
3.443000e-01 
1.803000e-01 
3.770000e-01 
1.803000e-01 
2.623000e-01 
2.295000e-01 
3.934000e-01 
5.738000e-01 
5.574000e-01 
5.574000e-01 
4.098000e-01 
4.262000e-01 
4.098000e-01 
2.623000e-01 
3.934000e-01 
4.918000e-01 
6.557000e-01 
3.280000e-02 
3.279000e-01 
4.426000e-01 
1.475000e-01 
1.639000e-01 
9.016000e-01 
1.967000e-01 
6.066000e-01 
1.475000e-01 
6.230000e-01 
3.607000e-01 
4.754000e-01 
2.951000e-01 
2.951000e-01 
8.200000e-02 
3.770000e-01 
2.623000e-01 
