5.000000e-01 
1.591000e-01 
5.227000e-01 
7.045000e-01 
6.818000e-01 
6.364000e-01 
6.364000e-01 
2.273000e-01 
1.364000e-01 
9.090000e-02 
2.500000e-01 
4.545000e-01 
5.227000e-01 
3.636000e-01 
2.727000e-01 
5.227000e-01 
5.000000e-01 
1.136000e-01 
1.364000e-01 
2.273000e-01 
4.091000e-01 
1.364000e-01 
3.864000e-01 
2.500000e-01 
3.636000e-01 
0 
2.045000e-01 
2.727000e-01 
5.682000e-01 
1.136000e-01 
2.727000e-01 
4.318000e-01 
4.545000e-01 
1 
7.955000e-01 
6.136000e-01 
2.270000e-02 
0 
3.182000e-01 
4.545000e-01 
4.550000e-02 
5.000000e-01 
3.864000e-01 
4.550000e-02 
4.550000e-02 
2.270000e-02 
2.045000e-01 
3.636000e-01 
2.045000e-01 
5.455000e-01 
2.727000e-01 
5.682000e-01 
2.270000e-02 
0 
2.500000e-01 
7.500000e-01 
5.682000e-01 
6.136000e-01 
6.820000e-02 
4.550000e-02 
1.136000e-01 
4.318000e-01 
2.500000e-01 
3.182000e-01 
7.045000e-01 
1.136000e-01 
1.818000e-01 
5.909000e-01 
1.818000e-01 
1.136000e-01 
2.273000e-01 
3.409000e-01 
1.818000e-01 
2.500000e-01 
1.591000e-01 
3.636000e-01 
4.091000e-01 
2.270000e-02 
1.591000e-01 
3.182000e-01 
1.364000e-01 
2.500000e-01 
4.545000e-01 
4.773000e-01 
4.545000e-01 
4.550000e-02 
1.818000e-01 
3.864000e-01 
5.909000e-01 
2.270000e-02 
6.820000e-02 
9.090000e-02 
5.455000e-01 
4.545000e-01 
2.500000e-01 
4.091000e-01 
4.318000e-01 
4.318000e-01 
2.045000e-01 
6.591000e-01 
3.409000e-01 
1.136000e-01 
2.500000e-01 
2.500000e-01 
2.045000e-01 
5.227000e-01 
1.818000e-01 
7.273000e-01 
5.000000e-01 
9.090000e-02 
2.273000e-01 
2.273000e-01 
2.045000e-01 
5.455000e-01 
2.955000e-01 
6.818000e-01 
2.045000e-01 
1.364000e-01 
5.000000e-01 
9.090000e-02 
2.500000e-01 
7.727000e-01 
4.545000e-01 
5.682000e-01 
2.500000e-01 
1.591000e-01 
2.727000e-01 
9.090000e-02 
9.090000e-02 
5.455000e-01 
2.500000e-01 
7.955000e-01 
1.818000e-01 
6.820000e-02 
4.773000e-01 
9.090000e-02 
9.090000e-02 
4.545000e-01 
2.727000e-01 
7.727000e-01 
3.636000e-01 
0 
1.591000e-01 
2.045000e-01 
3.182000e-01 
3.636000e-01 
3.636000e-01 
6.591000e-01 
2.500000e-01 
1.591000e-01 
2.273000e-01 
1.818000e-01 
2.273000e-01 
6.364000e-01 
1.136000e-01 
5.000000e-01 
2.500000e-01 
1.364000e-01 
1.818000e-01 
4.773000e-01 
4.773000e-01 
3.409000e-01 
3.409000e-01 
2.727000e-01 
5.227000e-01 
4.773000e-01 
3.636000e-01 
3.864000e-01 
3.182000e-01 
1.591000e-01 
6.136000e-01 
3.409000e-01 
6.818000e-01 
5.909000e-01 
3.864000e-01 
2.500000e-01 
2.955000e-01 
3.409000e-01 
2.500000e-01 
2.273000e-01 
4.318000e-01 
2.955000e-01 
2.273000e-01 
2.955000e-01 
2.727000e-01 
2.045000e-01 
4.545000e-01 
3.864000e-01 
5.455000e-01 
4.318000e-01 
1.591000e-01 
3.636000e-01 
2.500000e-01 
5.909000e-01 
2.273000e-01 
2.500000e-01 
6.591000e-01 
2.955000e-01 
2.955000e-01 
2.727000e-01 
2.727000e-01 
4.550000e-02 
2.955000e-01 
2.500000e-01 
4.545000e-01 
2.045000e-01 
2.955000e-01 
4.545000e-01 
2.500000e-01 
1.136000e-01 
1.364000e-01 
2.500000e-01 
8.636000e-01 
3.182000e-01 
9.090000e-02 
1.364000e-01 
2.273000e-01 
3.182000e-01 
2.727000e-01 
3.182000e-01 
4.773000e-01 
2.727000e-01 
3.182000e-01 
6.818000e-01 
4.545000e-01 
5.000000e-01 
2.500000e-01 
6.818000e-01 
2.045000e-01 
5.000000e-01 
3.182000e-01 
8.182000e-01 
2.045000e-01 
6.136000e-01 
3.409000e-01 
6.818000e-01 
2.045000e-01 
3.636000e-01 
2.955000e-01 
4.773000e-01 
1.364000e-01 
6.818000e-01 
2.955000e-01 
6.136000e-01 
9.090000e-02 
4.545000e-01 
3.182000e-01 
4.318000e-01 
4.545000e-01 
7.955000e-01 
2.727000e-01 
5.909000e-01 
1.591000e-01 
4.773000e-01 
5.227000e-01 
1.818000e-01 
3.636000e-01 
2.955000e-01 
9.090000e-02 
6.818000e-01 
3.636000e-01 
6.820000e-02 
2.727000e-01 
1.818000e-01 
2.273000e-01 
6.818000e-01 
2.273000e-01 
2.727000e-01 
3.864000e-01 
9.090000e-02 
1.136000e-01 
3.182000e-01 
2.727000e-01 
4.091000e-01 
3.864000e-01 
2.045000e-01 
1.364000e-01 
2.045000e-01 
1.136000e-01 
1.818000e-01 
2.955000e-01 
2.045000e-01 
9.090000e-02 
5.227000e-01 
1.818000e-01 
9.090000e-02 
1.591000e-01 
2.045000e-01 
1.364000e-01 
5.455000e-01 
2.273000e-01 
2.955000e-01 
1.591000e-01 
1.591000e-01 
1.591000e-01 
2.727000e-01 
2.500000e-01 
2.045000e-01 
1.818000e-01 
2.045000e-01 
3.182000e-01 
1.364000e-01 
2.270000e-02 
3.182000e-01 
1.364000e-01 
7.500000e-01 
1.591000e-01 
6.818000e-01 
1.591000e-01 
9.090000e-02 
1.136000e-01 
5.455000e-01 
9.090000e-02 
1.818000e-01 
4.550000e-02 
4.773000e-01 
1.136000e-01 
2.500000e-01 
1.136000e-01 
1.136000e-01 
1.136000e-01 
1.591000e-01 
1.136000e-01 
5.455000e-01 
1.136000e-01 
6.364000e-01 
1.136000e-01 
1.364000e-01 
2.500000e-01 
2.273000e-01 
4.550000e-02 
2.500000e-01 
2.270000e-02 
4.091000e-01 
1.591000e-01 
5.682000e-01 
2.727000e-01 
5.000000e-01 
2.727000e-01 
5.227000e-01 
3.182000e-01 
3.636000e-01 
9.090000e-02 
7.273000e-01 
1.818000e-01 
6.364000e-01 
1.136000e-01 
1.591000e-01 
1.818000e-01 
1.591000e-01 
2.270000e-02 
7.273000e-01 
2.955000e-01 
7.045000e-01 
3.864000e-01 
5.227000e-01 
1.364000e-01 
5.455000e-01 
2.955000e-01 
3.409000e-01 
1.136000e-01 
5.909000e-01 
