4.550000e-02 
4.550000e-02 
6.820000e-02 
2.270000e-02 
7.950000e-02 
1.477000e-01 
6.820000e-02 
1.023000e-01 
4.550000e-02 
2.270000e-02 
1.140000e-02 
1.140000e-02 
4.550000e-02 
1.250000e-01 
1.932000e-01 
1.023000e-01 
2.270000e-02 
1.140000e-02 
9.090000e-02 
6.820000e-02 
2.270000e-02 
6.820000e-02 
7.950000e-02 
6.820000e-02 
3.410000e-02 
5.680000e-02 
2.270000e-02 
3.410000e-02 
5.680000e-02 
2.270000e-02 
3.068000e-01 
7.950000e-02 
2.614000e-01 
9.090000e-02 
1.136000e-01 
1.140000e-02 
5.680000e-02 
1.591000e-01 
2.159000e-01 
1.591000e-01 
4.550000e-02 
5.680000e-02 
9.090000e-02 
6.820000e-02 
2.270000e-02 
1.136000e-01 
2.273000e-01 
3.410000e-02 
4.550000e-02 
4.550000e-02 
4.550000e-02 
4.550000e-02 
3.410000e-02 
1.818000e-01 
4.205000e-01 
1.591000e-01 
4.550000e-02 
1.023000e-01 
1.140000e-02 
4.550000e-02 
1.818000e-01 
1.818000e-01 
4.205000e-01 
1.023000e-01 
1.140000e-02 
3.068000e-01 
6.820000e-02 
5.680000e-02 
0 
6.820000e-02 
4.545000e-01 
3.068000e-01 
1.477000e-01 
1.364000e-01 
7.950000e-02 
7.950000e-02 
1.140000e-02 
3.410000e-02 
3.068000e-01 
1.250000e-01 
4.550000e-02 
6.820000e-02 
3.410000e-02 
6.820000e-02 
3.410000e-02 
1.136000e-01 
2.614000e-01 
9.090000e-02 
1.140000e-02 
1.140000e-02 
3.410000e-02 
2.386000e-01 
1.818000e-01 
3.410000e-02 
2.955000e-01 
7.950000e-02 
4.659000e-01 
3.410000e-02 
3.409000e-01 
1.140000e-02 
1.023000e-01 
1.250000e-01 
2.045000e-01 
3.410000e-02 
2.614000e-01 
2.159000e-01 
6.477000e-01 
7.950000e-02 
0 
1.818000e-01 
2.727000e-01 
6.820000e-02 
6.932000e-01 
1.136000e-01 
4.550000e-02 
0 
1.140000e-02 
1.591000e-01 
1.364000e-01 
1.250000e-01 
8.864000e-01 
6.820000e-02 
2.727000e-01 
1.140000e-02 
1.140000e-02 
9.090000e-02 
2.273000e-01 
3.410000e-02 
2.159000e-01 
1.591000e-01 
2.614000e-01 
3.410000e-02 
2.270000e-02 
2.159000e-01 
2.159000e-01 
2.273000e-01 
3.864000e-01 
7.950000e-02 
4.545000e-01 
2.270000e-02 
2.270000e-02 
9.090000e-02 
1.818000e-01 
1.705000e-01 
9.659000e-01 
5.680000e-02 
6.820000e-02 
2.270000e-02 
2.270000e-02 
4.550000e-02 
2.386000e-01 
1.136000e-01 
3.636000e-01 
1.591000e-01 
1.591000e-01 
1.140000e-02 
0 
7.950000e-02 
6.250000e-01 
9.090000e-02 
1.023000e-01 
3.750000e-01 
4.550000e-02 
5.568000e-01 
1.591000e-01 
3.410000e-02 
1.818000e-01 
1.932000e-01 
2.386000e-01 
5.909000e-01 
1.136000e-01 
5.114000e-01 
6.820000e-02 
4.550000e-02 
5.568000e-01 
7.950000e-02 
1.136000e-01 
6.820000e-02 
9.090000e-02 
1 
1.477000e-01 
4.550000e-02 
5.909000e-01 
6.820000e-02 
1.023000e-01 
4.886000e-01 
1.140000e-02 
2.614000e-01 
1.705000e-01 
6.820000e-02 
8.182000e-01 
2.270000e-02 
1.136000e-01 
3.523000e-01 
5.680000e-02 
2.841000e-01 
6.820000e-02 
2.500000e-01 
1.705000e-01 
2.159000e-01 
2.727000e-01 
4.886000e-01 
3.410000e-02 
3.864000e-01 
1.477000e-01 
4.550000e-02 
1.364000e-01 
2.045000e-01 
2.500000e-01 
1.477000e-01 
7.950000e-02 
8.636000e-01 
5.680000e-02 
3.410000e-02 
2.500000e-01 
9.090000e-02 
1.250000e-01 
2.841000e-01 
6.820000e-02 
5.000000e-01 
6.820000e-02 
1.136000e-01 
4.659000e-01 
1.140000e-02 
3.295000e-01 
4.550000e-02 
2.500000e-01 
6.820000e-02 
1.477000e-01 
9.090000e-02 
6.818000e-01 
4.550000e-02 
5.000000e-01 
1.250000e-01 
2.500000e-01 
9.090000e-02 
2.273000e-01 
4.550000e-02 
1.477000e-01 
2.159000e-01 
2.841000e-01 
1.023000e-01 
5.341000e-01 
9.090000e-02 
2.841000e-01 
9.090000e-02 
2.727000e-01 
1.705000e-01 
5.341000e-01 
1.140000e-02 
2.045000e-01 
9.090000e-02 
3.636000e-01 
4.550000e-02 
2.270000e-02 
3.410000e-02 
1.932000e-01 
6.820000e-02 
3.068000e-01 
1.140000e-02 
0 
5.680000e-02 
2.614000e-01 
3.410000e-02 
7.950000e-02 
3.410000e-02 
7.950000e-02 
0 
3.410000e-02 
1.932000e-01 
6.818000e-01 
6.820000e-02 
1.477000e-01 
2.270000e-02 
0 
3.636000e-01 
1.136000e-01 
1.818000e-01 
1.140000e-02 
2.270000e-02 
3.068000e-01 
5.680000e-02 
1.023000e-01 
1.140000e-02 
2.270000e-02 
0 
1.477000e-01 
1.477000e-01 
7.950000e-02 
1.140000e-02 
2.270000e-02 
1.140000e-02 
1.136000e-01 
7.950000e-02 
2.273000e-01 
1.250000e-01 
1.818000e-01 
1.140000e-02 
1.140000e-02 
3.750000e-01 
1.477000e-01 
5.680000e-02 
1.932000e-01 
1.591000e-01 
2.841000e-01 
6.820000e-02 
7.950000e-02 
0 
1.136000e-01 
1.136000e-01 
2.270000e-02 
4.550000e-02 
2.841000e-01 
1.250000e-01 
4.550000e-02 
0 
0 
3.410000e-02 
0 
2.270000e-02 
2.045000e-01 
1.250000e-01 
3.068000e-01 
1.932000e-01 
1.023000e-01 
1.140000e-02 
1.140000e-02 
7.950000e-02 
2.386000e-01 
1.136000e-01 
1.364000e-01 
6.820000e-02 
2.500000e-01 
1.477000e-01 
8.409000e-01 
5.680000e-02 
1.140000e-02 
2.270000e-02 
1.364000e-01 
1.140000e-02 
2.386000e-01 
1.705000e-01 
6.705000e-01 
2.270000e-02 
3.295000e-01 
7.950000e-02 
0 
0 
1.932000e-01 
1.477000e-01 
6.023000e-01 
0 
9.090000e-02 
0 
3.977000e-01 
1.140000e-02 
1.140000e-02 
1.140000e-02 
2.045000e-01 
9.090000e-02 
5.227000e-01 
2.270000e-02 
