1 
9.880000e-02 
3.086000e-01 
5.802000e-01 
5.432000e-01 
3.488000e-01 
2.346000e-01 
1.605000e-01 
1.358000e-01 
7.284000e-01 
7.778000e-01 
6.636000e-01 
6.296000e-01 
5.679000e-01 
1.728000e-01 
1.265000e-01 
4.568000e-01 
3.086000e-01 
1.852000e-01 
2.469000e-01 
8.640000e-02 
1.975000e-01 
1.451000e-01 
1.975000e-01 
3.580000e-01 
5.062000e-01 
4.198000e-01 
3.333000e-01 
1.636000e-01 
3.333000e-01 
7.410000e-02 
3.086000e-01 
4.198000e-01 
6.420000e-01 
1.173000e-01 
1.852000e-01 
1.080000e-01 
2.099000e-01 
3.086000e-01 
3.951000e-01 
7.006000e-01 
4.074000e-01 
2.191000e-01 
2.593000e-01 
1.852000e-01 
3.457000e-01 
4.940000e-02 
5.432000e-01 
6.420000e-01 
5.802000e-01 
4.074000e-01 
3.457000e-01 
1.358000e-01 
2.469000e-01 
5.802000e-01 
2.222000e-01 
1.852000e-01 
4.198000e-01 
6.170000e-02 
6.049000e-01 
2.840000e-01 
3.951000e-01 
0 
2.469000e-01 
5.525000e-01 
5.062000e-01 
1.728000e-01 
5.309000e-01 
1.728000e-01 
9.880000e-02 
3.951000e-01 
2.963000e-01 
5.802000e-01 
2.346000e-01 
3.951000e-01 
3.704000e-01 
1.080000e-01 
5.432000e-01 
5.250000e-02 
1.111000e-01 
3.333000e-01 
4.568000e-01 
2.963000e-01 
6.296000e-01 
2.346000e-01 
1.605000e-01 
5.802000e-01 
2.963000e-01 
1.852000e-01 
9.880000e-02 
4.444000e-01 
2.346000e-01 
1.481000e-01 
4.321000e-01 
1.358000e-01 
2.469000e-01 
3.700000e-02 
2.840000e-01 
2.470000e-02 
2.747000e-01 
3.700000e-02 
3.210000e-01 
4.940000e-02 
2.593000e-01 
1.636000e-01 
6.170000e-02 
8.950000e-02 
1.914000e-01 
2.346000e-01 
2.222000e-01 
2.099000e-01 
1.914000e-01 
4.940000e-02 
3.951000e-01 
1.605000e-01 
2.747000e-01 
1.358000e-01 
3.951000e-01 
4.320000e-02 
2.840000e-01 
8.640000e-02 
3.951000e-01 
1.358000e-01 
1.605000e-01 
1.481000e-01 
2.346000e-01 
1.605000e-01 
1.358000e-01 
4.940000e-02 
2.191000e-01 
2.562000e-01 
4.198000e-01 
1.111000e-01 
5.432000e-01 
1.975000e-01 
2.099000e-01 
1.728000e-01 
1.235000e-01 
1.265000e-01 
2.840000e-01 
8.640000e-02 
1.852000e-01 
1.111000e-01 
2.963000e-01 
2.593000e-01 
2.377000e-01 
1.111000e-01 
2.099000e-01 
2.716000e-01 
2.222000e-01 
2.222000e-01 
3.488000e-01 
2.963000e-01 
3.457000e-01 
1.728000e-01 
2.346000e-01 
2.840000e-01 
4.074000e-01 
7.410000e-02 
1.111000e-01 
2.222000e-01 
7.410000e-02 
1.543000e-01 
2.469000e-01 
3.025000e-01 
8.640000e-02 
4.320000e-02 
1.975000e-01 
1.358000e-01 
2.840000e-01 
2.346000e-01 
3.951000e-01 
2.593000e-01 
3.457000e-01 
1.728000e-01 
1.111000e-01 
2.716000e-01 
1.821000e-01 
1.728000e-01 
3.704000e-01 
2.562000e-01 
1.080000e-01 
2.593000e-01 
6.170000e-02 
3.333000e-01 
1.728000e-01 
3.086000e-01 
1.358000e-01 
2.222000e-01 
2.222000e-01 
2.222000e-01 
3.457000e-01 
3.827000e-01 
3.333000e-01 
2.840000e-01 
3.117000e-01 
1.852000e-01 
1.605000e-01 
5.309000e-01 
1.358000e-01 
2.562000e-01 
4.444000e-01 
2.469000e-01 
3.858000e-01 
4.444000e-01 
5.556000e-01 
4.815000e-01 
2.346000e-01 
5.062000e-01 
3.086000e-01 
2.654000e-01 
1.358000e-01 
1.111000e-01 
3.333000e-01 
3.025000e-01 
2.469000e-01 
3.086000e-01 
2.932000e-01 
3.333000e-01 
5.802000e-01 
3.457000e-01 
1.265000e-01 
1.080000e-01 
9.880000e-02 
2.593000e-01 
4.043000e-01 
1.975000e-01 
2.006000e-01 
1.111000e-01 
9.880000e-02 
6.170000e-02 
1.975000e-01 
1.173000e-01 
2.840000e-01 
1.605000e-01 
4.198000e-01 
2.469000e-01 
2.963000e-01 
2.346000e-01 
1.852000e-01 
2.469000e-01 
1.728000e-01 
1.451000e-01 
4.198000e-01 
1.975000e-01 
2.840000e-01 
3.025000e-01 
3.827000e-01 
6.049000e-01 
4.228000e-01 
3.951000e-01 
2.716000e-01 
2.593000e-01 
4.074000e-01 
1.728000e-01 
2.222000e-01 
1.852000e-01 
2.099000e-01 
1.235000e-01 
1.235000e-01 
1.230000e-02 
1.235000e-01 
3.400000e-02 
9.880000e-02 
7.410000e-02 
3.704000e-01 
6.296000e-01 
2.346000e-01 
1.235000e-01 
4.043000e-01 
1.235000e-01 
2.222000e-01 
4.320000e-02 
1.852000e-01 
2.006000e-01 
2.716000e-01 
1.821000e-01 
1.975000e-01 
1.728000e-01 
5.679000e-01 
2.222000e-01 
2.469000e-01 
1.728000e-01 
1.852000e-01 
8.640000e-02 
3.210000e-01 
4.506000e-01 
1.852000e-01 
9.880000e-02 
2.963000e-01 
5.309000e-01 
1.852000e-01 
1.605000e-01 
3.580000e-01 
2.346000e-01 
2.593000e-01 
1.728000e-01 
3.951000e-01 
4.444000e-01 
3.302000e-01 
3.210000e-01 
2.963000e-01 
5.062000e-01 
3.827000e-01 
2.840000e-01 
1.451000e-01 
4.198000e-01 
4.444000e-01 
2.469000e-01 
5.062000e-01 
3.951000e-01 
1.975000e-01 
1.975000e-01 
1.235000e-01 
1.451000e-01 
1.358000e-01 
2.222000e-01 
2.222000e-01 
2.716000e-01 
3.580000e-01 
3.704000e-01 
7.410000e-02 
1.728000e-01 
2.099000e-01 
1.111000e-01 
4.815000e-01 
3.086000e-01 
3.457000e-01 
2.099000e-01 
4.568000e-01 
3.302000e-01 
4.938000e-01 
9.880000e-02 
2.593000e-01 
1.728000e-01 
2.222000e-01 
1.605000e-01 
5.432000e-01 
1.358000e-01 
5.802000e-01 
1.975000e-01 
3.827000e-01 
9.880000e-02 
2.963000e-01 
4.198000e-01 
1.605000e-01 
3.333000e-01 
1.852000e-01 
2.716000e-01 
1.481000e-01 
2.840000e-01 
1.358000e-01 
2.470000e-02 
1.852000e-01 
1.852000e-01 
3.700000e-02 
2.840000e-01 
2.840000e-01 
1.821000e-01 
3.395000e-01 
1.728000e-01 
1.728000e-01 
