2.308000e-01 
1.692000e-01 
2.615000e-01 
2.923000e-01 
3.538000e-01 
4.462000e-01 
4.620000e-02 
1.077000e-01 
1.846000e-01 
2.923000e-01 
2.462000e-01 
4.154000e-01 
2.154000e-01 
1.846000e-01 
6.150000e-02 
3.538000e-01 
2.154000e-01 
6.150000e-02 
1.077000e-01 
1.538000e-01 
7.690000e-02 
4.923000e-01 
3.846000e-01 
7.690000e-02 
9.230000e-02 
2.769000e-01 
4.923000e-01 
0 
1.077000e-01 
3.077000e-01 
2.000000e-01 
3.080000e-02 
5.385000e-01 
1.385000e-01 
1.077000e-01 
3.080000e-02 
4.620000e-02 
4.620000e-02 
1.231000e-01 
4.620000e-02 
6.308000e-01 
1.846000e-01 
1.077000e-01 
2.308000e-01 
4.620000e-02 
2.923000e-01 
1.846000e-01 
1.846000e-01 
6.615000e-01 
1.231000e-01 
2.769000e-01 
1.846000e-01 
7.690000e-02 
3.077000e-01 
3.846000e-01 
6.615000e-01 
1.077000e-01 
9.230000e-02 
6.150000e-02 
4.620000e-02 
4.769000e-01 
4.620000e-02 
3.080000e-02 
4.620000e-02 
1.846000e-01 
3.692000e-01 
1.540000e-02 
6.150000e-02 
3.080000e-02 
3.080000e-02 
2.923000e-01 
1.385000e-01 
2.462000e-01 
3.231000e-01 
6.150000e-02 
7.690000e-02 
1.540000e-02 
1.846000e-01 
1.077000e-01 
6.150000e-02 
2.462000e-01 
1.692000e-01 
2.000000e-01 
1.385000e-01 
1.385000e-01 
1.538000e-01 
5.385000e-01 
2.154000e-01 
9.230000e-02 
1.231000e-01 
4.462000e-01 
3.077000e-01 
7.690000e-02 
7.690000e-02 
1.385000e-01 
0 
3.385000e-01 
1.846000e-01 
2.154000e-01 
2.769000e-01 
3.080000e-02 
9.230000e-02 
4.620000e-02 
0 
2.000000e-01 
4.000000e-01 
3.231000e-01 
5.231000e-01 
1.540000e-02 
7.690000e-02 
6.150000e-02 
1.540000e-02 
4.615000e-01 
2.000000e-01 
3.846000e-01 
3.385000e-01 
7.690000e-02 
1.077000e-01 
2.154000e-01 
0 
2.000000e-01 
1.540000e-02 
6.150000e-02 
1.231000e-01 
3.080000e-02 
9.230000e-02 
7.690000e-02 
4.620000e-02 
2.462000e-01 
2.462000e-01 
1.231000e-01 
5.077000e-01 
6.150000e-02 
1.540000e-02 
6.769000e-01 
0 
3.231000e-01 
1.846000e-01 
1.231000e-01 
3.077000e-01 
2.000000e-01 
1.231000e-01 
1.692000e-01 
0 
2.923000e-01 
9.230000e-02 
2.923000e-01 
2.615000e-01 
7.690000e-02 
2.000000e-01 
3.231000e-01 
1.540000e-02 
4.154000e-01 
2.462000e-01 
2.308000e-01 
2.769000e-01 
4.620000e-02 
6.150000e-02 
4.615000e-01 
4.620000e-02 
9.230000e-02 
4.308000e-01 
4.620000e-02 
4.000000e-01 
1.538000e-01 
1.692000e-01 
1.692000e-01 
0 
0 
4.769000e-01 
3.080000e-02 
2.769000e-01 
9.230000e-02 
2.154000e-01 
2.308000e-01 
3.538000e-01 
7.690000e-02 
2.923000e-01 
1.540000e-02 
1.538000e-01 
2.769000e-01 
3.080000e-02 
5.538000e-01 
4.620000e-02 
1.385000e-01 
2.154000e-01 
9.230000e-02 
2.462000e-01 
1.692000e-01 
0 
4.462000e-01 
7.690000e-02 
7.690000e-02 
4.154000e-01 
7.690000e-02 
3.077000e-01 
2.308000e-01 
3.080000e-02 
3.077000e-01 
6.150000e-02 
0 
6.615000e-01 
7.690000e-02 
2.000000e-01 
3.231000e-01 
1.231000e-01 
9.230000e-02 
2.769000e-01 
9.230000e-02 
3.077000e-01 
4.620000e-02 
9.230000e-02 
3.538000e-01 
9.230000e-02 
3.846000e-01 
1.538000e-01 
3.080000e-02 
2.462000e-01 
3.080000e-02 
4.154000e-01 
6.000000e-01 
7.690000e-02 
3.385000e-01 
1.540000e-02 
1.692000e-01 
0 
6.615000e-01 
4.620000e-02 
1.231000e-01 
1.540000e-02 
7.690000e-02 
6.150000e-02 
2.000000e-01 
2.769000e-01 
4.000000e-01 
1.538000e-01 
3.077000e-01 
3.080000e-02 
3.692000e-01 
9.230000e-02 
1.692000e-01 
2.615000e-01 
6.150000e-02 
4.620000e-02 
3.692000e-01 
1.385000e-01 
1.385000e-01 
1.540000e-02 
2.308000e-01 
3.385000e-01 
2.923000e-01 
7.690000e-02 
1.077000e-01 
4.620000e-02 
3.231000e-01 
2.154000e-01 
5.385000e-01 
7.690000e-02 
3.692000e-01 
5.846000e-01 
0 
4.620000e-02 
1.231000e-01 
1.540000e-02 
4.462000e-01 
6.615000e-01 
2.923000e-01 
7.690000e-02 
3.080000e-02 
1.077000e-01 
9.230000e-02 
3.080000e-02 
9.230000e-02 
5.231000e-01 
5.846000e-01 
4.308000e-01 
3.080000e-02 
1.540000e-02 
1.077000e-01 
2.154000e-01 
2.308000e-01 
7.690000e-02 
5.385000e-01 
2.769000e-01 
0 
0 
1.846000e-01 
3.080000e-02 
4.308000e-01 
1 
1.692000e-01 
1.692000e-01 
7.690000e-02 
9.230000e-02 
3.692000e-01 
1.540000e-02 
7.690000e-02 
8.154000e-01 
5.692000e-01 
2.769000e-01 
3.077000e-01 
4.620000e-02 
1.846000e-01 
2.462000e-01 
1.538000e-01 
1.077000e-01 
4.000000e-01 
4.462000e-01 
1.231000e-01 
7.690000e-02 
1.692000e-01 
7.231000e-01 
4.620000e-02 
3.080000e-02 
1.846000e-01 
3.077000e-01 
7.690000e-02 
3.692000e-01 
2.000000e-01 
4.000000e-01 
9.230000e-02 
9.230000e-02 
9.230000e-02 
1.077000e-01 
6.150000e-02 
3.846000e-01 
1.846000e-01 
1.538000e-01 
1.077000e-01 
3.080000e-02 
2.000000e-01 
6.150000e-02 
1.077000e-01 
1.540000e-02 
2.000000e-01 
6.150000e-02 
3.692000e-01 
6.150000e-02 
3.231000e-01 
3.077000e-01 
7.690000e-02 
1.540000e-02 
2.769000e-01 
9.230000e-02 
7.690000e-02 
1.692000e-01 
1.846000e-01 
3.231000e-01 
1.538000e-01 
0 
1.231000e-01 
3.080000e-02 
6.150000e-02 
2.154000e-01 
2.154000e-01 
1.540000e-02 
3.538000e-01 
4.154000e-01 
2.769000e-01 
2.308000e-01 
3.692000e-01 
1.540000e-02 
