4.421000e-01 
3.868000e-01 
6.632000e-01 
2.421000e-01 
3.579000e-01 
5.684000e-01 
7.684000e-01 
4.789000e-01 
3.579000e-01 
6.105000e-01 
8.526000e-01 
6.105000e-01 
5.447000e-01 
6.316000e-01 
4.947000e-01 
1.474000e-01 
2.211000e-01 
4.211000e-01 
3.789000e-01 
1.368000e-01 
3.474000e-01 
6.211000e-01 
3.053000e-01 
3.684000e-01 
1.474000e-01 
5.974000e-01 
2.421000e-01 
3.895000e-01 
6.211000e-01 
7.421000e-01 
4.395000e-01 
1.500000e-01 
1.474000e-01 
6.421000e-01 
4.316000e-01 
3.895000e-01 
2.947000e-01 
9.579000e-01 
3.263000e-01 
5.263000e-01 
3.158000e-01 
4.316000e-01 
1.368000e-01 
5.053000e-01 
5.053000e-01 
5.158000e-01 
2.026000e-01 
3.158000e-01 
3.342000e-01 
3.342000e-01 
3.263000e-01 
2.632000e-01 
3.895000e-01 
9.474000e-01 
2.684000e-01 
3.684000e-01 
4.737000e-01 
3.211000e-01 
1.368000e-01 
6.316000e-01 
6.105000e-01 
3.474000e-01 
5.474000e-01 
1.053000e-01 
1.368000e-01 
1.158000e-01 
3.579000e-01 
1.474000e-01 
1.158000e-01 
5.684000e-01 
2.737000e-01 
4.000000e-01 
4.526000e-01 
2.421000e-01 
2.842000e-01 
2.526000e-01 
2.421000e-01 
1.895000e-01 
3.263000e-01 
7.370000e-02 
4.105000e-01 
3.368000e-01 
3.474000e-01 
1.053000e-01 
8.420000e-02 
7.158000e-01 
2.842000e-01 
2.105000e-01 
1.474000e-01 
1.895000e-01 
3.684000e-01 
3.579000e-01 
1.053000e-01 
2.421000e-01 
3.263000e-01 
3.895000e-01 
1.105000e-01 
4.000000e-01 
1.789000e-01 
1.053000e-01 
3.368000e-01 
2.842000e-01 
1.579000e-01 
2.211000e-01 
1.789000e-01 
1.895000e-01 
2.105000e-01 
3.263000e-01 
4.211000e-01 
6.000000e-01 
1.895000e-01 
6.105000e-01 
1.579000e-01 
5.053000e-01 
1.237000e-01 
6.320000e-02 
4.789000e-01 
6.421000e-01 
1.895000e-01 
4.789000e-01 
1.368000e-01 
4.211000e-01 
2.737000e-01 
3.160000e-02 
5.053000e-01 
3.342000e-01 
2.421000e-01 
3.789000e-01 
1.895000e-01 
2.842000e-01 
2.526000e-01 
1.895000e-01 
4.789000e-01 
4.737000e-01 
2.211000e-01 
4.921000e-01 
2.158000e-01 
4.211000e-01 
2.947000e-01 
2.316000e-01 
4.263000e-01 
4.000000e-01 
4.105000e-01 
4.105000e-01 
9.470000e-02 
4.263000e-01 
8.420000e-02 
6.320000e-02 
2.211000e-01 
5.579000e-01 
1.474000e-01 
3.684000e-01 
9.470000e-02 
3.895000e-01 
8.420000e-02 
1.368000e-01 
1.895000e-01 
4.842000e-01 
1.684000e-01 
1.053000e-01 
1.763000e-01 
1.053000e-01 
2.737000e-01 
3.579000e-01 
3.160000e-02 
5.474000e-01 
1.579000e-01 
2.000000e-01 
5.474000e-01 
1.579000e-01 
2.947000e-01 
2.105000e-01 
1.789000e-01 
3.158000e-01 
1.368000e-01 
1.105000e-01 
2.632000e-01 
1.105000e-01 
4.737000e-01 
2.026000e-01 
1.263000e-01 
4.000000e-01 
1.500000e-01 
9.470000e-02 
3.474000e-01 
7.370000e-02 
4.000000e-01 
1.632000e-01 
8.420000e-02 
4.632000e-01 
3.579000e-01 
1.368000e-01 
2.947000e-01 
1.368000e-01 
4.737000e-01 
2.553000e-01 
1.237000e-01 
3.474000e-01 
1.500000e-01 
7.370000e-02 
4.789000e-01 
5.260000e-02 
4.132000e-01 
8.420000e-02 
1.105000e-01 
4.000000e-01 
1.579000e-01 
1.237000e-01 
3.474000e-01 
1.895000e-01 
5.579000e-01 
1.789000e-01 
1.895000e-01 
4.000000e-01 
1.263000e-01 
1.158000e-01 
2.316000e-01 
2.842000e-01 
3.684000e-01 
7.370000e-02 
9.740000e-02 
3.342000e-01 
1.263000e-01 
2.947000e-01 
2.026000e-01 
4.211000e-01 
2.026000e-01 
3.263000e-01 
1.789000e-01 
2.316000e-01 
1.263000e-01 
5.053000e-01 
1.053000e-01 
3.579000e-01 
1.684000e-01 
1.895000e-01 
2.211000e-01 
2.316000e-01 
2.000000e-01 
2.816000e-01 
2.947000e-01 
2.737000e-01 
1.368000e-01 
3.684000e-01 
1.053000e-01 
2.737000e-01 
4.210000e-02 
2.211000e-01 
1.158000e-01 
3.789000e-01 
9.740000e-02 
2.553000e-01 
1.579000e-01 
2.421000e-01 
2.526000e-01 
3.605000e-01 
4.526000e-01 
3.158000e-01 
1.763000e-01 
1.474000e-01 
3.579000e-01 
3.474000e-01 
2.632000e-01 
3.158000e-01 
1.789000e-01 
2.842000e-01 
2.842000e-01 
2.105000e-01 
5.053000e-01 
5.684000e-01 
1.895000e-01 
1.789000e-01 
1.684000e-01 
9.470000e-02 
3.079000e-01 
2.947000e-01 
1.263000e-01 
3.895000e-01 
1.368000e-01 
2.421000e-01 
2.632000e-01 
3.895000e-01 
1.895000e-01 
2.000000e-01 
4.658000e-01 
4.658000e-01 
8.420000e-02 
3.263000e-01 
3.474000e-01 
2.632000e-01 
3.789000e-01 
3.158000e-01 
4.658000e-01 
5.711000e-01 
1.684000e-01 
1.895000e-01 
4.316000e-01 
2.211000e-01 
1.158000e-01 
1.579000e-01 
1.474000e-01 
3.474000e-01 
9.740000e-02 
3.053000e-01 
1.474000e-01 
2.421000e-01 
1.053000e-01 
1.500000e-01 
2.737000e-01 
1.474000e-01 
1.474000e-01 
2.105000e-01 
2.211000e-01 
2.211000e-01 
1.158000e-01 
2.105000e-01 
2.553000e-01 
2.211000e-01 
2.316000e-01 
3.579000e-01 
2.526000e-01 
2.526000e-01 
5.260000e-02 
2.842000e-01 
1.105000e-01 
1.579000e-01 
1.895000e-01 
3.895000e-01 
1.684000e-01 
2.526000e-01 
2.211000e-01 
2.421000e-01 
1.789000e-01 
2.632000e-01 
5.790000e-02 
4.000000e-01 
1.053000e-01 
1.053000e-01 
1.263000e-01 
2.947000e-01 
1.632000e-01 
3.053000e-01 
1.895000e-01 
2.526000e-01 
9.740000e-02 
1.105000e-01 
3.263000e-01 
2.947000e-01 
1.263000e-01 
4.211000e-01 
2.000000e-01 
2.211000e-01 
6.320000e-02 
6.320000e-02 
2.526000e-01 
3.263000e-01 
1.579000e-01 
1.579000e-01 
1.789000e-01 
2.816000e-01 
1.789000e-01 
3.263000e-01 
