2.283000e-01 
2.283000e-01 
2.609000e-01 
2.826000e-01 
1.848000e-01 
7.610000e-02 
2.609000e-01 
1.196000e-01 
3.260000e-02 
8.700000e-02 
1.630000e-01 
3.696000e-01 
3.696000e-01 
2.391000e-01 
1.848000e-01 
1.304000e-01 
3.260000e-02 
1.739000e-01 
5.430000e-02 
3.261000e-01 
5.430000e-02 
6.520000e-02 
4.350000e-02 
4.022000e-01 
1.739000e-01 
1.957000e-01 
9.780000e-02 
4.348000e-01 
1.087000e-01 
5.430000e-02 
6.520000e-02 
1.090000e-02 
4.350000e-02 
1.413000e-01 
1.087000e-01 
1.630000e-01 
6.520000e-02 
7.610000e-02 
2.717000e-01 
1.522000e-01 
4.350000e-02 
1.957000e-01 
2.826000e-01 
5.435000e-01 
4.350000e-02 
2.609000e-01 
7.610000e-02 
8.700000e-02 
6.520000e-02 
3.804000e-01 
3.913000e-01 
9.780000e-02 
7.610000e-02 
2.609000e-01 
0 
2.500000e-01 
2.500000e-01 
3.478000e-01 
4.350000e-02 
1.087000e-01 
2.391000e-01 
2.500000e-01 
1.196000e-01 
7.610000e-02 
0 
1.848000e-01 
1.739000e-01 
6.520000e-02 
9.780000e-02 
9.780000e-02 
3.913000e-01 
3.370000e-01 
4.350000e-02 
5.430000e-02 
3.043000e-01 
7.500000e-01 
6.520000e-02 
3.260000e-02 
1.522000e-01 
2.174000e-01 
0 
9.780000e-02 
2.935000e-01 
4.783000e-01 
1.196000e-01 
6.520000e-02 
1.957000e-01 
2.283000e-01 
3.370000e-01 
1.848000e-01 
1.087000e-01 
1.413000e-01 
6.520000e-02 
6.520000e-02 
5.430000e-02 
1.848000e-01 
6.520000e-02 
1.304000e-01 
1.196000e-01 
2.826000e-01 
5.430000e-02 
1.848000e-01 
4.350000e-02 
5.430000e-02 
7.610000e-02 
3.152000e-01 
3.478000e-01 
1.522000e-01 
4.350000e-02 
5.000000e-01 
9.780000e-02 
6.520000e-02 
9.780000e-02 
1.413000e-01 
1.630000e-01 
2.391000e-01 
1.304000e-01 
8.700000e-02 
1.090000e-02 
2.609000e-01 
8.700000e-02 
7.610000e-02 
4.350000e-02 
6.196000e-01 
1.196000e-01 
1.957000e-01 
3.260000e-02 
2.283000e-01 
0 
2.283000e-01 
1.848000e-01 
2.500000e-01 
7.610000e-02 
6.304000e-01 
2.170000e-02 
1.413000e-01 
2.170000e-02 
2.826000e-01 
3.913000e-01 
4.457000e-01 
7.610000e-02 
7.283000e-01 
2.170000e-02 
3.804000e-01 
2.065000e-01 
4.350000e-02 
1.413000e-01 
4.783000e-01 
5.430000e-02 
7.610000e-02 
5.430000e-02 
3.587000e-01 
1.413000e-01 
1.304000e-01 
3.152000e-01 
4.457000e-01 
6.520000e-02 
6.087000e-01 
1.087000e-01 
5.430000e-02 
7.610000e-02 
3.260000e-02 
1.196000e-01 
4.350000e-02 
4.350000e-02 
1.090000e-02 
1.630000e-01 
9.780000e-02 
2.283000e-01 
5.430000e-02 
5.430000e-02 
3.152000e-01 
3.370000e-01 
1.090000e-02 
4.239000e-01 
3.260000e-02 
3.260000e-02 
2.170000e-02 
2.717000e-01 
1.848000e-01 
7.610000e-02 
5.430000e-02 
1.413000e-01 
1.090000e-02 
1.848000e-01 
1.630000e-01 
2.170000e-02 
1.304000e-01 
8.700000e-02 
1.848000e-01 
6.413000e-01 
8.700000e-02 
2.283000e-01 
1.196000e-01 
9.780000e-02 
1.196000e-01 
1.090000e-02 
1.522000e-01 
3.260000e-02 
2.170000e-02 
8.478000e-01 
8.700000e-02 
0 
5.435000e-01 
4.565000e-01 
1.522000e-01 
4.565000e-01 
2.065000e-01 
2.391000e-01 
4.350000e-02 
1.087000e-01 
8.478000e-01 
7.610000e-02 
5.430000e-02 
5.000000e-01 
1.522000e-01 
6.739000e-01 
9.780000e-02 
6.520000e-02 
1 
1.413000e-01 
3.260000e-02 
5.430000e-02 
2.391000e-01 
0 
4.565000e-01 
1.090000e-02 
8.700000e-02 
0 
2.391000e-01 
6.520000e-02 
2.065000e-01 
5.430000e-02 
1.739000e-01 
1.196000e-01 
7.826000e-01 
8.700000e-02 
4.891000e-01 
7.610000e-02 
1.630000e-01 
4.350000e-02 
2.174000e-01 
1.739000e-01 
5.543000e-01 
9.780000e-02 
2.283000e-01 
9.780000e-02 
6.630000e-01 
1.630000e-01 
5.109000e-01 
1.090000e-02 
6.739000e-01 
2.391000e-01 
3.913000e-01 
7.610000e-02 
3.260000e-02 
1.413000e-01 
3.478000e-01 
7.610000e-02 
1.090000e-02 
4.350000e-02 
2.935000e-01 
8.700000e-02 
1.413000e-01 
3.260000e-02 
2.609000e-01 
3.587000e-01 
4.674000e-01 
2.170000e-02 
7.610000e-02 
8.700000e-02 
7.610000e-02 
6.520000e-02 
9.780000e-02 
5.430000e-02 
2.065000e-01 
2.717000e-01 
3.260000e-02 
3.260000e-02 
3.370000e-01 
1.522000e-01 
2.391000e-01 
9.780000e-02 
7.610000e-02 
2.174000e-01 
3.261000e-01 
6.520000e-02 
2.065000e-01 
8.700000e-02 
1.087000e-01 
4.348000e-01 
7.283000e-01 
2.170000e-02 
9.780000e-02 
5.430000e-02 
1.196000e-01 
7.283000e-01 
7.610000e-02 
2.170000e-02 
9.783000e-01 
3.261000e-01 
2.170000e-02 
4.350000e-02 
3.260000e-02 
1.739000e-01 
5.652000e-01 
5.430000e-02 
4.022000e-01 
2.065000e-01 
9.348000e-01 
2.170000e-02 
3.260000e-02 
3.152000e-01 
7.065000e-01 
2.170000e-02 
4.350000e-02 
2.609000e-01 
6.522000e-01 
5.430000e-02 
9.780000e-02 
2.283000e-01 
2.391000e-01 
1.848000e-01 
7.610000e-02 
3.152000e-01 
3.261000e-01 
2.065000e-01 
7.935000e-01 
8.700000e-02 
4.565000e-01 
4.565000e-01 
2.717000e-01 
2.170000e-02 
1.087000e-01 
3.370000e-01 
3.913000e-01 
2.170000e-02 
4.457000e-01 
1.739000e-01 
7.610000e-02 
4.457000e-01 
8.043000e-01 
5.430000e-02 
2.170000e-02 
1.196000e-01 
6.522000e-01 
1.739000e-01 
3.043000e-01 
1.087000e-01 
4.022000e-01 
7.610000e-02 
0 
2.170000e-02 
3.913000e-01 
4.350000e-02 
1.739000e-01 
3.260000e-02 
1.848000e-01 
8.700000e-02 
1.957000e-01 
6.520000e-02 
3.260000e-02 
