1.509000e-01 
2.830000e-01 
3.770000e-02 
2.264000e-01 
7.550000e-02 
9.430000e-02 
1.890000e-02 
1.509000e-01 
1.132000e-01 
2.075000e-01 
3.770000e-02 
1.321000e-01 
1.698000e-01 
5.660000e-02 
7.550000e-02 
3.585000e-01 
3.208000e-01 
1.887000e-01 
5.660000e-02 
4.151000e-01 
2.264000e-01 
1.132000e-01 
3.770000e-02 
2.642000e-01 
2.642000e-01 
2.075000e-01 
1.887000e-01 
3.208000e-01 
1.698000e-01 
7.550000e-02 
9.430000e-02 
5.660000e-02 
2.830000e-01 
1.887000e-01 
3.585000e-01 
3.774000e-01 
3.019000e-01 
5.472000e-01 
2.075000e-01 
2.075000e-01 
2.075000e-01 
0 
3.208000e-01 
4.151000e-01 
8.113000e-01 
3.019000e-01 
3.019000e-01 
1.132000e-01 
9.430000e-02 
1.887000e-01 
6.981000e-01 
6.226000e-01 
4.340000e-01 
1.321000e-01 
2.642000e-01 
7.550000e-02 
1.132000e-01 
3.019000e-01 
2.642000e-01 
5.283000e-01 
2.830000e-01 
2.642000e-01 
2.642000e-01 
1.887000e-01 
1.321000e-01 
1.321000e-01 
9.430000e-02 
4.528000e-01 
1.887000e-01 
3.962000e-01 
3.585000e-01 
3.774000e-01 
1.887000e-01 
9.430000e-02 
3.019000e-01 
5.472000e-01 
6.792000e-01 
2.075000e-01 
3.019000e-01 
3.962000e-01 
1.698000e-01 
1.132000e-01 
1.132000e-01 
3.774000e-01 
6.604000e-01 
1.321000e-01 
7.550000e-02 
7.550000e-02 
3.962000e-01 
3.019000e-01 
3.208000e-01 
1.509000e-01 
2.642000e-01 
1.887000e-01 
2.642000e-01 
3.585000e-01 
1.509000e-01 
7.550000e-02 
2.075000e-01 
4.340000e-01 
6.038000e-01 
1.887000e-01 
5.283000e-01 
5.472000e-01 
1.887000e-01 
7.550000e-02 
4.151000e-01 
5.094000e-01 
3.585000e-01 
4.717000e-01 
2.075000e-01 
5.283000e-01 
5.660000e-02 
1.132000e-01 
2.264000e-01 
5.472000e-01 
5.660000e-01 
5.283000e-01 
4.151000e-01 
3.774000e-01 
1.321000e-01 
1.509000e-01 
1.321000e-01 
2.453000e-01 
5.094000e-01 
2.264000e-01 
7.547000e-01 
3.585000e-01 
2.453000e-01 
2.642000e-01 
3.396000e-01 
6.981000e-01 
9.434000e-01 
1.698000e-01 
3.774000e-01 
3.208000e-01 
5.660000e-02 
9.430000e-02 
4.906000e-01 
4.151000e-01 
5.660000e-01 
3.962000e-01 
3.019000e-01 
3.019000e-01 
1.132000e-01 
9.430000e-02 
2.453000e-01 
3.774000e-01 
6.226000e-01 
2.830000e-01 
4.906000e-01 
3.962000e-01 
9.430000e-02 
1.509000e-01 
3.585000e-01 
4.717000e-01 
6.981000e-01 
3.208000e-01 
4.340000e-01 
4.151000e-01 
3.396000e-01 
1.887000e-01 
1.509000e-01 
2.830000e-01 
2.453000e-01 
4.151000e-01 
3.962000e-01 
3.774000e-01 
6.604000e-01 
3.396000e-01 
9.430000e-02 
3.962000e-01 
2.642000e-01 
3.396000e-01 
1.321000e-01 
5.472000e-01 
2.075000e-01 
3.962000e-01 
3.774000e-01 
7.547000e-01 
3.208000e-01 
2.075000e-01 
6.415000e-01 
1.887000e-01 
4.528000e-01 
3.585000e-01 
2.453000e-01 
4.151000e-01 
1.698000e-01 
6.415000e-01 
6.415000e-01 
3.774000e-01 
2.453000e-01 
3.962000e-01 
3.396000e-01 
3.585000e-01 
4.906000e-01 
4.151000e-01 
5.283000e-01 
2.830000e-01 
7.547000e-01 
5.283000e-01 
3.774000e-01 
1.887000e-01 
3.019000e-01 
3.208000e-01 
4.340000e-01 
6.981000e-01 
4.528000e-01 
1.887000e-01 
2.642000e-01 
6.226000e-01 
3.019000e-01 
1.698000e-01 
3.019000e-01 
3.962000e-01 
4.340000e-01 
6.604000e-01 
1.698000e-01 
4.340000e-01 
3.396000e-01 
3.585000e-01 
4.717000e-01 
2.642000e-01 
4.151000e-01 
4.717000e-01 
4.151000e-01 
1.887000e-01 
3.208000e-01 
3.208000e-01 
5.094000e-01 
4.528000e-01 
2.830000e-01 
2.642000e-01 
3.585000e-01 
4.717000e-01 
4.151000e-01 
3.962000e-01 
5.660000e-01 
3.208000e-01 
4.151000e-01 
2.642000e-01 
3.962000e-01 
2.642000e-01 
5.283000e-01 
2.642000e-01 
3.585000e-01 
5.283000e-01 
5.094000e-01 
3.208000e-01 
4.906000e-01 
2.642000e-01 
3.774000e-01 
4.717000e-01 
4.906000e-01 
1.887000e-01 
2.642000e-01 
2.453000e-01 
9.430000e-02 
3.585000e-01 
3.396000e-01 
5.849000e-01 
3.396000e-01 
4.528000e-01 
2.075000e-01 
2.830000e-01 
4.906000e-01 
8.868000e-01 
6.604000e-01 
3.962000e-01 
9.430000e-02 
1.509000e-01 
3.208000e-01 
8.113000e-01 
3.019000e-01 
2.264000e-01 
2.075000e-01 
2.830000e-01 
4.906000e-01 
2.453000e-01 
2.264000e-01 
7.550000e-02 
3.770000e-02 
2.453000e-01 
6.038000e-01 
3.962000e-01 
3.019000e-01 
2.830000e-01 
3.019000e-01 
2.075000e-01 
5.660000e-01 
5.472000e-01 
4.151000e-01 
9.430000e-02 
2.264000e-01 
2.830000e-01 
4.528000e-01 
4.906000e-01 
1.698000e-01 
5.660000e-01 
3.019000e-01 
1.509000e-01 
4.528000e-01 
2.642000e-01 
4.906000e-01 
4.906000e-01 
5.472000e-01 
4.717000e-01 
8.113000e-01 
3.208000e-01 
7.170000e-01 
2.453000e-01 
5.849000e-01 
5.283000e-01 
4.340000e-01 
4.717000e-01 
6.604000e-01 
4.340000e-01 
5.283000e-01 
3.208000e-01 
3.208000e-01 
4.340000e-01 
2.830000e-01 
2.264000e-01 
6.981000e-01 
5.472000e-01 
1 
3.208000e-01 
4.528000e-01 
2.075000e-01 
5.660000e-01 
4.906000e-01 
1.887000e-01 
2.830000e-01 
5.660000e-01 
2.642000e-01 
6.415000e-01 
4.340000e-01 
5.283000e-01 
3.774000e-01 
5.094000e-01 
5.849000e-01 
4.340000e-01 
3.962000e-01 
3.585000e-01 
4.717000e-01 
6.604000e-01 
3.774000e-01 
5.660000e-01 
6.038000e-01 
2.830000e-01 
2.264000e-01 
4.906000e-01 
3.208000e-01 
5.849000e-01 
3.585000e-01 
5.660000e-01 
2.264000e-01 
5.660000e-01 
4.151000e-01 
2.264000e-01 
1.509000e-01 
