3.241000e-01 
2.500000e-01 
1.296000e-01 
6.480000e-02 
4.722000e-01 
2.315000e-01 
2.407000e-01 
3.704000e-01 
2.500000e-01 
7.410000e-02 
9.260000e-02 
3.704000e-01 
2.315000e-01 
3.704000e-01 
3.796000e-01 
2.130000e-01 
2.130000e-01 
1.944000e-01 
3.519000e-01 
2.315000e-01 
4.259000e-01 
1.111000e-01 
1.019000e-01 
3.148000e-01 
2.037000e-01 
7.410000e-02 
1.852000e-01 
2.778000e-01 
3.611000e-01 
5.560000e-02 
2.685000e-01 
7.410000e-02 
1.944000e-01 
2.130000e-01 
3.333000e-01 
5.185000e-01 
0 
1.667000e-01 
2.593000e-01 
1.667000e-01 
2.963000e-01 
2.407000e-01 
2.407000e-01 
3.171000e-01 
1.296000e-01 
3.333000e-01 
1.898000e-01 
1.111000e-01 
1.574000e-01 
3.981000e-01 
8.330000e-02 
2.222000e-01 
1.667000e-01 
6.250000e-02 
5.090000e-02 
1.759000e-01 
2.407000e-01 
5.185000e-01 
3.333000e-01 
4.600000e-03 
1.852000e-01 
2.593000e-01 
2.315000e-01 
3.056000e-01 
1.667000e-01 
3.148000e-01 
5.560000e-02 
3.889000e-01 
2.037000e-01 
1.204000e-01 
2.130000e-01 
3.634000e-01 
1.759000e-01 
1.204000e-01 
1.852000e-01 
3.519000e-01 
4.259000e-01 
9.260000e-02 
9.260000e-02 
3.056000e-01 
3.056000e-01 
1.944000e-01 
2.407000e-01 
2.500000e-01 
2.037000e-01 
1.389000e-01 
1.667000e-01 
4.213000e-01 
5.556000e-01 
1.574000e-01 
3.148000e-01 
1.574000e-01 
2.824000e-01 
4.074000e-01 
2.963000e-01 
2.963000e-01 
1.574000e-01 
1.759000e-01 
2.315000e-01 
5.560000e-02 
3.403000e-01 
2.685000e-01 
1.944000e-01 
2.014000e-01 
2.593000e-01 
7.410000e-02 
2.500000e-01 
3.981000e-01 
2.593000e-01 
1.667000e-01 
9.260000e-02 
4.907000e-01 
2.593000e-01 
2.870000e-01 
3.519000e-01 
1.759000e-01 
4.907000e-01 
2.130000e-01 
2.245000e-01 
6.250000e-02 
1.019000e-01 
1.898000e-01 
3.148000e-01 
4.537000e-01 
3.056000e-01 
9.260000e-02 
2.593000e-01 
1.898000e-01 
3.148000e-01 
3.700000e-02 
3.889000e-01 
1.852000e-01 
4.167000e-01 
1.389000e-01 
2.780000e-02 
3.704000e-01 
4.444000e-01 
3.148000e-01 
3.426000e-01 
4.074000e-01 
2.222000e-01 
1.389000e-01 
5.560000e-02 
1.852000e-01 
3.148000e-01 
3.056000e-01 
2.778000e-01 
3.700000e-02 
9.260000e-02 
1.759000e-01 
5.560000e-02 
2.593000e-01 
3.426000e-01 
2.500000e-01 
1.111000e-01 
1.667000e-01 
2.778000e-01 
3.704000e-01 
3.056000e-01 
3.241000e-01 
1.667000e-01 
2.130000e-01 
2.407000e-01 
1.667000e-01 
1.319000e-01 
4.352000e-01 
4.352000e-01 
1.296000e-01 
2.315000e-01 
3.148000e-01 
2.963000e-01 
4.444000e-01 
2.963000e-01 
6.250000e-02 
2.130000e-01 
2.222000e-01 
2.222000e-01 
4.630000e-02 
3.333000e-01 
2.407000e-01 
3.519000e-01 
1.019000e-01 
3.796000e-01 
4.722000e-01 
2.593000e-01 
2.037000e-01 
3.148000e-01 
5.560000e-02 
6.480000e-02 
3.426000e-01 
3.704000e-01 
3.704000e-01 
1.111000e-01 
3.519000e-01 
2.870000e-01 
1.204000e-01 
2.963000e-01 
2.407000e-01 
1.759000e-01 
3.148000e-01 
1.111000e-01 
2.593000e-01 
1.574000e-01 
2.593000e-01 
2.222000e-01 
8.330000e-02 
1.667000e-01 
1.204000e-01 
3.981000e-01 
4.630000e-01 
4.352000e-01 
2.685000e-01 
4.259000e-01 
2.870000e-01 
4.630000e-01 
3.796000e-01 
3.333000e-01 
2.407000e-01 
3.704000e-01 
1.111000e-01 
2.037000e-01 
2.685000e-01 
2.593000e-01 
1.852000e-01 
2.014000e-01 
3.333000e-01 
2.407000e-01 
1.667000e-01 
2.407000e-01 
6.480000e-02 
2.315000e-01 
2.130000e-01 
3.704000e-01 
2.407000e-01 
2.870000e-01 
7.410000e-02 
2.130000e-01 
2.037000e-01 
3.241000e-01 
1.850000e-02 
2.037000e-01 
3.241000e-01 
2.014000e-01 
2.593000e-01 
3.148000e-01 
1.111000e-01 
1.481000e-01 
9.260000e-02 
1.319000e-01 
2.778000e-01 
9.260000e-02 
2.222000e-01 
2.315000e-01 
2.130000e-01 
1.481000e-01 
1.574000e-01 
5.370000e-01 
1.852000e-01 
3.333000e-01 
1.481000e-01 
3.056000e-01 
2.315000e-01 
3.333000e-01 
1.944000e-01 
3.241000e-01 
1.667000e-01 
9.260000e-02 
2.500000e-01 
1.667000e-01 
4.167000e-01 
3.704000e-01 
2.685000e-01 
4.167000e-01 
3.889000e-01 
2.870000e-01 
3.611000e-01 
2.593000e-01 
2.130000e-01 
1.944000e-01 
2.685000e-01 
1.204000e-01 
6.481000e-01 
1.852000e-01 
4.630000e-01 
2.963000e-01 
3.704000e-01 
2.037000e-01 
1.296000e-01 
1.944000e-01 
3.148000e-01 
4.630000e-01 
1.551000e-01 
1.944000e-01 
3.241000e-01 
2.130000e-01 
4.907000e-01 
1.852000e-01 
2.222000e-01 
2.407000e-01 
2.315000e-01 
2.407000e-01 
4.352000e-01 
3.704000e-01 
4.259000e-01 
2.685000e-01 
1.204000e-01 
3.241000e-01 
5.560000e-02 
1.759000e-01 
2.500000e-01 
3.704000e-01 
2.130000e-01 
2.870000e-01 
1.574000e-01 
2.407000e-01 
2.407000e-01 
3.426000e-01 
4.074000e-01 
2.593000e-01 
2.685000e-01 
2.315000e-01 
5.278000e-01 
3.796000e-01 
1.574000e-01 
1.852000e-01 
1.574000e-01 
1.389000e-01 
4.074000e-01 
1.481000e-01 
2.037000e-01 
2.870000e-01 
1.111000e-01 
7.410000e-02 
3.148000e-01 
1.019000e-01 
1.019000e-01 
6.480000e-02 
1.759000e-01 
1.481000e-01 
2.500000e-01 
5.648000e-01 
3.889000e-01 
3.519000e-01 
9.260000e-02 
1.204000e-01 
1.204000e-01 
3.148000e-01 
1.111000e-01 
2.037000e-01 
2.593000e-01 
3.889000e-01 
1.759000e-01 
1.389000e-01 
2.407000e-01 
2.037000e-01 
1.667000e-01 
1.296000e-01 
1.019000e-01 
2.407000e-01 
1.389000e-01 
2.870000e-01 
8.330000e-02 
