4.967000e-01 
4.640000e-02 
5.232000e-01 
4.768000e-01 
6.026000e-01 
6.424000e-01 
7.417000e-01 
5.430000e-01 
6.026000e-01 
8.212000e-01 
5.629000e-01 
5.166000e-01 
4.305000e-01 
8.742000e-01 
6.358000e-01 
5.364000e-01 
6.291000e-01 
8.344000e-01 
8.212000e-01 
4.503000e-01 
1.126000e-01 
4.371000e-01 
6.358000e-01 
4.040000e-01 
2.914000e-01 
5.894000e-01 
7.881000e-01 
4.040000e-01 
1.192000e-01 
4.040000e-01 
3.510000e-01 
3.113000e-01 
2.649000e-01 
4.238000e-01 
5.563000e-01 
2.649000e-01 
9.404000e-01 
7.550000e-01 
1.987000e-01 
2.781000e-01 
2.119000e-01 
3.841000e-01 
4.238000e-01 
1.854000e-01 
2.914000e-01 
2.649000e-01 
1.987000e-01 
2.185000e-01 
3.377000e-01 
2.914000e-01 
3.775000e-01 
3.444000e-01 
6.093000e-01 
4.967000e-01 
2.119000e-01 
2.517000e-01 
3.907000e-01 
4.636000e-01 
2.649000e-01 
5.828000e-01 
7.947000e-01 
3.311000e-01 
5.430000e-01 
4.834000e-01 
7.020000e-01 
4.901000e-01 
4.040000e-01 
2.848000e-01 
3.245000e-01 
6.887000e-01 
3.775000e-01 
1.589000e-01 
2.848000e-01 
4.768000e-01 
5.099000e-01 
2.715000e-01 
2.053000e-01 
5.099000e-01 
3.444000e-01 
5.960000e-02 
2.053000e-01 
3.974000e-01 
2.583000e-01 
2.450000e-01 
5.828000e-01 
7.417000e-01 
5.629000e-01 
4.834000e-01 
2.252000e-01 
4.640000e-02 
5.166000e-01 
3.709000e-01 
3.974000e-01 
4.238000e-01 
7.682000e-01 
4.901000e-01 
6.689000e-01 
6.424000e-01 
8.079000e-01 
5.166000e-01 
5.960000e-01 
5.232000e-01 
2.583000e-01 
3.311000e-01 
3.377000e-01 
7.483000e-01 
6.225000e-01 
3.907000e-01 
4.371000e-01 
4.636000e-01 
7.219000e-01 
2.517000e-01 
3.841000e-01 
4.702000e-01 
6.755000e-01 
3.841000e-01 
5.695000e-01 
5.762000e-01 
5.960000e-01 
5.563000e-01 
3.245000e-01 
4.702000e-01 
4.636000e-01 
3.775000e-01 
4.172000e-01 
4.967000e-01 
2.980000e-01 
2.252000e-01 
2.781000e-01 
4.503000e-01 
3.642000e-01 
4.172000e-01 
3.775000e-01 
4.570000e-01 
2.517000e-01 
3.179000e-01 
4.238000e-01 
6.424000e-01 
2.715000e-01 
3.576000e-01 
2.914000e-01 
1.987000e-01 
5.894000e-01 
3.245000e-01 
3.709000e-01 
2.583000e-01 
4.106000e-01 
4.172000e-01 
3.775000e-01 
4.305000e-01 
3.841000e-01 
2.781000e-01 
2.848000e-01 
4.371000e-01 
4.106000e-01 
3.775000e-01 
2.848000e-01 
2.119000e-01 
8.675000e-01 
7.881000e-01 
6.490000e-01 
8.808000e-01 
1 
4.570000e-01 
9.007000e-01 
8.477000e-01 
5.430000e-01 
7.748000e-01 
4.967000e-01 
8.278000e-01 
8.675000e-01 
4.172000e-01 
2.185000e-01 
5.099000e-01 
5.828000e-01 
1.854000e-01 
6.755000e-01 
8.079000e-01 
6.093000e-01 
4.834000e-01 
7.285000e-01 
6.755000e-01 
5.099000e-01 
6.755000e-01 
4.768000e-01 
2.517000e-01 
4.768000e-01 
6.291000e-01 
7.351000e-01 
8.344000e-01 
4.636000e-01 
2.848000e-01 
2.252000e-01 
2.450000e-01 
5.430000e-01 
3.841000e-01 
9.536000e-01 
6.026000e-01 
4.238000e-01 
4.570000e-01 
1.788000e-01 
2.185000e-01 
4.106000e-01 
4.768000e-01 
3.377000e-01 
4.371000e-01 
4.636000e-01 
1.854000e-01 
4.437000e-01 
5.232000e-01 
6.556000e-01 
1.722000e-01 
2.450000e-01 
7.417000e-01 
3.576000e-01 
1.987000e-01 
1.391000e-01 
1.589000e-01 
4.834000e-01 
3.576000e-01 
2.781000e-01 
5.099000e-01 
7.682000e-01 
6.689000e-01 
5.033000e-01 
3.974000e-01 
3.709000e-01 
4.305000e-01 
7.881000e-01 
6.556000e-01 
7.417000e-01 
4.768000e-01 
2.715000e-01 
3.046000e-01 
2.980000e-01 
2.384000e-01 
1.391000e-01 
3.510000e-01 
2.384000e-01 
4.106000e-01 
4.901000e-01 
5.364000e-01 
5.695000e-01 
4.106000e-01 
2.119000e-01 
2.649000e-01 
3.377000e-01 
3.907000e-01 
2.119000e-01 
2.053000e-01 
2.185000e-01 
2.119000e-01 
1.457000e-01 
2.715000e-01 
2.583000e-01 
3.907000e-01 
3.113000e-01 
4.371000e-01 
3.311000e-01 
3.113000e-01 
9.270000e-02 
8.610000e-02 
1.788000e-01 
3.970000e-02 
7.280000e-02 
4.636000e-01 
4.106000e-01 
2.450000e-01 
3.709000e-01 
2.649000e-01 
3.444000e-01 
1.126000e-01 
3.970000e-02 
9.930000e-02 
5.099000e-01 
5.364000e-01 
5.099000e-01 
6.093000e-01 
3.179000e-01 
2.450000e-01 
3.642000e-01 
4.172000e-01 
3.245000e-01 
3.444000e-01 
8.610000e-02 
1.126000e-01 
1.921000e-01 
8.610000e-02 
3.970000e-02 
3.907000e-01 
3.974000e-01 
4.172000e-01 
2.781000e-01 
1.656000e-01 
2.252000e-01 
9.930000e-02 
1.320000e-02 
1.589000e-01 
5.033000e-01 
2.119000e-01 
2.781000e-01 
3.974000e-01 
2.252000e-01 
1.656000e-01 
9.930000e-02 
1.060000e-01 
5.300000e-02 
2.252000e-01 
9.930000e-02 
1.722000e-01 
8.610000e-02 
1.391000e-01 
9.270000e-02 
1.126000e-01 
2.650000e-02 
1.258000e-01 
9.270000e-02 
7.950000e-02 
1.192000e-01 
2.119000e-01 
1.325000e-01 
9.270000e-02 
4.640000e-02 
1.060000e-01 
9.270000e-02 
1.656000e-01 
7.950000e-02 
1.126000e-01 
1.589000e-01 
1.854000e-01 
2.053000e-01 
3.444000e-01 
2.384000e-01 
2.914000e-01 
7.950000e-02 
5.960000e-02 
2.119000e-01 
1.656000e-01 
9.270000e-02 
2.384000e-01 
2.781000e-01 
1.589000e-01 
2.583000e-01 
1.457000e-01 
1.192000e-01 
9.930000e-02 
8.610000e-02 
2.318000e-01 
3.046000e-01 
2.583000e-01 
1.391000e-01 
6.620000e-02 
4.640000e-02 
1.258000e-01 
1.457000e-01 
1.325000e-01 
1.854000e-01 
3.576000e-01 
3.576000e-01 
3.113000e-01 
4.238000e-01 
2.318000e-01 
