4.468000e-01 
2.766000e-01 
3.617000e-01 
2.766000e-01 
7.660000e-01 
6.596000e-01 
3.191000e-01 
4.468000e-01 
6.809000e-01 
4.043000e-01 
1.702000e-01 
1.702000e-01 
5.106000e-01 
3.617000e-01 
2.979000e-01 
4.468000e-01 
8.723000e-01 
7.872000e-01 
3.191000e-01 
4.894000e-01 
9.362000e-01 
7.447000e-01 
1.064000e-01 
2.128000e-01 
4.894000e-01 
7.234000e-01 
1.489000e-01 
2.553000e-01 
6.596000e-01 
5.532000e-01 
2.553000e-01 
2.979000e-01 
3.830000e-01 
4.894000e-01 
4.681000e-01 
8.511000e-01 
4.681000e-01 
4.255000e-01 
4.255000e-01 
4.255000e-01 
1.489000e-01 
2.340000e-01 
3.191000e-01 
7.234000e-01 
5.106000e-01 
2.553000e-01 
4.894000e-01 
1.702000e-01 
4.043000e-01 
4.043000e-01 
5.532000e-01 
7.021000e-01 
5.106000e-01 
4.255000e-01 
2.979000e-01 
1.277000e-01 
4.043000e-01 
4.894000e-01 
2.553000e-01 
4.894000e-01 
4.681000e-01 
5.957000e-01 
4.681000e-01 
3.191000e-01 
8.298000e-01 
5.532000e-01 
1.277000e-01 
8.085000e-01 
7.660000e-01 
4.255000e-01 
1.489000e-01 
4.894000e-01 
5.106000e-01 
1.489000e-01 
2.553000e-01 
6.809000e-01 
5.745000e-01 
3.830000e-01 
3.191000e-01 
5.106000e-01 
7.447000e-01 
5.106000e-01 
3.191000e-01 
8.298000e-01 
8.511000e-01 
3.191000e-01 
2.553000e-01 
2.979000e-01 
6.596000e-01 
1 
5.106000e-01 
1.915000e-01 
5.106000e-01 
4.255000e-01 
3.830000e-01 
2.979000e-01 
5.957000e-01 
2.553000e-01 
3.617000e-01 
5.106000e-01 
5.532000e-01 
2.553000e-01 
4.894000e-01 
1.915000e-01 
2.340000e-01 
4.043000e-01 
2.340000e-01 
3.191000e-01 
4.894000e-01 
4.043000e-01 
3.617000e-01 
2.979000e-01 
5.957000e-01 
2.979000e-01 
5.319000e-01 
6.170000e-01 
6.383000e-01 
6.596000e-01 
5.745000e-01 
3.617000e-01 
2.979000e-01 
3.404000e-01 
5.106000e-01 
2.553000e-01 
2.979000e-01 
5.106000e-01 
4.255000e-01 
1.915000e-01 
4.468000e-01 
3.617000e-01 
2.128000e-01 
5.319000e-01 
1.702000e-01 
2.766000e-01 
4.468000e-01 
4.894000e-01 
2.128000e-01 
5.319000e-01 
2.340000e-01 
2.766000e-01 
4.681000e-01 
5.106000e-01 
2.766000e-01 
4.894000e-01 
4.043000e-01 
4.043000e-01 
3.404000e-01 
4.894000e-01 
2.766000e-01 
5.532000e-01 
3.404000e-01 
5.745000e-01 
2.766000e-01 
4.894000e-01 
3.830000e-01 
4.468000e-01 
2.979000e-01 
5.532000e-01 
3.191000e-01 
2.766000e-01 
7.021000e-01 
5.106000e-01 
3.830000e-01 
5.319000e-01 
3.617000e-01 
5.957000e-01 
4.255000e-01 
4.255000e-01 
4.681000e-01 
3.830000e-01 
1.915000e-01 
3.191000e-01 
4.681000e-01 
4.468000e-01 
3.191000e-01 
4.043000e-01 
5.745000e-01 
4.468000e-01 
3.617000e-01 
7.447000e-01 
2.128000e-01 
3.404000e-01 
2.766000e-01 
1.064000e-01 
4.894000e-01 
3.404000e-01 
4.468000e-01 
2.340000e-01 
4.043000e-01 
3.191000e-01 
2.128000e-01 
3.404000e-01 
4.043000e-01 
4.681000e-01 
3.617000e-01 
4.043000e-01 
3.830000e-01 
2.128000e-01 
3.404000e-01 
3.191000e-01 
5.106000e-01 
1.915000e-01 
2.340000e-01 
3.404000e-01 
4.255000e-01 
8.510000e-02 
3.617000e-01 
4.681000e-01 
3.830000e-01 
1.064000e-01 
2.979000e-01 
4.043000e-01 
2.979000e-01 
3.191000e-01 
3.191000e-01 
3.404000e-01 
3.191000e-01 
2.553000e-01 
2.979000e-01 
1.277000e-01 
2.979000e-01 
1.489000e-01 
2.553000e-01 
3.830000e-01 
1.277000e-01 
2.979000e-01 
3.404000e-01 
4.255000e-01 
2.979000e-01 
4.681000e-01 
1.702000e-01 
3.617000e-01 
1.064000e-01 
2.553000e-01 
2.340000e-01 
3.191000e-01 
2.979000e-01 
1.702000e-01 
2.979000e-01 
3.830000e-01 
2.766000e-01 
3.404000e-01 
4.260000e-02 
1.915000e-01 
2.340000e-01 
5.106000e-01 
4.260000e-02 
5.319000e-01 
2.340000e-01 
2.766000e-01 
2.340000e-01 
4.681000e-01 
2.979000e-01 
3.830000e-01 
5.319000e-01 
6.170000e-01 
4.468000e-01 
1.702000e-01 
2.128000e-01 
2.553000e-01 
5.957000e-01 
2.340000e-01 
1.915000e-01 
2.128000e-01 
3.830000e-01 
4.681000e-01 
3.830000e-01 
3.191000e-01 
2.128000e-01 
6.596000e-01 
2.979000e-01 
3.191000e-01 
6.170000e-01 
6.596000e-01 
3.830000e-01 
4.894000e-01 
4.894000e-01 
2.553000e-01 
5.532000e-01 
3.191000e-01 
3.617000e-01 
4.681000e-01 
1.702000e-01 
4.043000e-01 
1.915000e-01 
4.255000e-01 
2.340000e-01 
2.340000e-01 
2.766000e-01 
2.553000e-01 
2.766000e-01 
3.191000e-01 
4.255000e-01 
3.830000e-01 
3.191000e-01 
3.617000e-01 
4.255000e-01 
4.255000e-01 
3.617000e-01 
4.681000e-01 
2.766000e-01 
2.553000e-01 
3.404000e-01 
3.404000e-01 
3.404000e-01 
4.468000e-01 
3.404000e-01 
3.617000e-01 
3.830000e-01 
3.830000e-01 
1.702000e-01 
2.553000e-01 
2.340000e-01 
3.617000e-01 
4.260000e-02 
2.979000e-01 
2.979000e-01 
3.617000e-01 
2.128000e-01 
3.191000e-01 
3.404000e-01 
2.766000e-01 
4.468000e-01 
4.681000e-01 
2.766000e-01 
1.489000e-01 
2.766000e-01 
3.404000e-01 
2.553000e-01 
4.894000e-01 
2.553000e-01 
3.617000e-01 
1.489000e-01 
2.553000e-01 
3.191000e-01 
2.128000e-01 
2.766000e-01 
5.957000e-01 
3.617000e-01 
2.979000e-01 
4.043000e-01 
3.191000e-01 
2.766000e-01 
1.702000e-01 
1.915000e-01 
4.894000e-01 
2.128000e-01 
3.191000e-01 
2.979000e-01 
4.468000e-01 
1.702000e-01 
4.043000e-01 
5.106000e-01 
4.894000e-01 
1.489000e-01 
3.404000e-01 
3.191000e-01 
3.830000e-01 
3.617000e-01 
2.766000e-01 
2.128000e-01 
1.702000e-01 
