1.622000e-01 
3.600000e-02 
2.252000e-01 
1.261000e-01 
8.110000e-02 
3.964000e-01 
1.712000e-01 
6.310000e-02 
1.351000e-01 
3.784000e-01 
2.252000e-01 
1.171000e-01 
1.171000e-01 
2.700000e-02 
1.802000e-01 
3.423000e-01 
8.110000e-02 
4.324000e-01 
1.171000e-01 
9.910000e-02 
4.500000e-02 
2.523000e-01 
1.712000e-01 
1.351000e-01 
9.910000e-02 
1.982000e-01 
9.910000e-02 
1.441000e-01 
1.081000e-01 
1.351000e-01 
4.414000e-01 
1.351000e-01 
6.310000e-02 
1.622000e-01 
1.532000e-01 
5.946000e-01 
1 
1.802000e-01 
2.883000e-01 
8.110000e-02 
9.910000e-02 
1.441000e-01 
2.072000e-01 
6.847000e-01 
2.613000e-01 
9.000000e-03 
2.613000e-01 
5.410000e-02 
1.532000e-01 
1.802000e-01 
2.162000e-01 
6.396000e-01 
1.982000e-01 
7.210000e-02 
3.600000e-02 
9.910000e-02 
5.410000e-02 
4.505000e-01 
7.297000e-01 
3.600000e-02 
2.793000e-01 
1.261000e-01 
3.063000e-01 
3.600000e-02 
3.333000e-01 
3.063000e-01 
9.910000e-02 
3.333000e-01 
7.477000e-01 
4.505000e-01 
3.600000e-02 
9.910000e-02 
7.210000e-02 
6.310000e-02 
9.010000e-02 
1.712000e-01 
2.973000e-01 
1.171000e-01 
9.910000e-02 
1.712000e-01 
1.261000e-01 
3.784000e-01 
3.784000e-01 
2.072000e-01 
2.523000e-01 
1.532000e-01 
6.310000e-02 
7.210000e-02 
3.600000e-02 
8.649000e-01 
4.324000e-01 
6.310000e-02 
3.694000e-01 
7.210000e-02 
4.595000e-01 
8.110000e-02 
8.110000e-02 
2.342000e-01 
2.700000e-02 
9.009000e-01 
1.982000e-01 
5.225000e-01 
3.604000e-01 
2.342000e-01 
1.802000e-01 
2.342000e-01 
9.910000e-02 
4.414000e-01 
9.910000e-02 
5.135000e-01 
1.712000e-01 
3.600000e-02 
9.000000e-03 
1.802000e-01 
7.210000e-02 
7.568000e-01 
2.342000e-01 
5.315000e-01 
4.775000e-01 
8.110000e-02 
4.500000e-02 
8.110000e-02 
1.800000e-02 
5.225000e-01 
1.081000e-01 
3.694000e-01 
1.802000e-01 
5.410000e-02 
2.700000e-02 
2.883000e-01 
6.310000e-02 
6.306000e-01 
0 
5.045000e-01 
3.784000e-01 
1.081000e-01 
9.910000e-02 
1.892000e-01 
4.500000e-02 
5.495000e-01 
1.622000e-01 
3.964000e-01 
2.613000e-01 
4.500000e-02 
1.532000e-01 
8.110000e-02 
2.700000e-02 
7.568000e-01 
2.162000e-01 
4.685000e-01 
2.072000e-01 
3.600000e-02 
9.910000e-02 
1.261000e-01 
9.010000e-02 
3.243000e-01 
2.700000e-02 
4.775000e-01 
4.414000e-01 
4.955000e-01 
1.081000e-01 
9.369000e-01 
1.982000e-01 
2.072000e-01 
9.009000e-01 
5.410000e-02 
5.856000e-01 
3.153000e-01 
8.110000e-02 
3.243000e-01 
4.500000e-02 
6.310000e-02 
7.387000e-01 
5.410000e-02 
2.973000e-01 
4.324000e-01 
2.700000e-02 
8.649000e-01 
2.973000e-01 
2.342000e-01 
3.784000e-01 
9.910000e-02 
3.604000e-01 
6.310000e-02 
4.500000e-02 
6.847000e-01 
9.910000e-02 
1.532000e-01 
9.099000e-01 
8.110000e-02 
3.874000e-01 
1.800000e-02 
1.081000e-01 
5.856000e-01 
1.532000e-01 
1.892000e-01 
4.595000e-01 
3.600000e-02 
5.045000e-01 
1.982000e-01 
9.910000e-02 
4.144000e-01 
4.500000e-02 
5.410000e-02 
9.189000e-01 
1.532000e-01 
4.234000e-01 
3.514000e-01 
1.081000e-01 
5.676000e-01 
2.700000e-02 
9.010000e-02 
2.342000e-01 
3.600000e-02 
3.423000e-01 
1.351000e-01 
6.310000e-02 
3.243000e-01 
3.600000e-02 
1.622000e-01 
5.045000e-01 
2.700000e-02 
1.622000e-01 
3.423000e-01 
1.081000e-01 
3.604000e-01 
8.110000e-02 
3.964000e-01 
8.110000e-02 
7.477000e-01 
2.703000e-01 
3.604000e-01 
8.110000e-02 
3.243000e-01 
3.600000e-02 
7.027000e-01 
7.210000e-02 
4.595000e-01 
3.600000e-02 
6.486000e-01 
2.072000e-01 
4.685000e-01 
7.210000e-02 
2.523000e-01 
6.310000e-02 
4.054000e-01 
1.081000e-01 
5.586000e-01 
1.081000e-01 
2.252000e-01 
9.910000e-02 
3.784000e-01 
8.110000e-02 
5.135000e-01 
7.027000e-01 
1.802000e-01 
2.523000e-01 
2.432000e-01 
0 
1.800000e-02 
6.310000e-02 
3.243000e-01 
9.910000e-02 
4.500000e-02 
8.110000e-02 
2.793000e-01 
2.973000e-01 
6.126000e-01 
2.700000e-02 
4.500000e-02 
4.500000e-02 
4.500000e-02 
4.500000e-02 
7.658000e-01 
3.243000e-01 
2.883000e-01 
4.865000e-01 
5.410000e-02 
1.351000e-01 
1.800000e-02 
2.793000e-01 
1.712000e-01 
1.800000e-02 
1.081000e-01 
6.310000e-02 
2.883000e-01 
1.171000e-01 
4.500000e-02 
2.252000e-01 
1.351000e-01 
6.310000e-02 
5.315000e-01 
5.410000e-02 
5.410000e-02 
7.210000e-02 
4.500000e-02 
1.081000e-01 
2.342000e-01 
8.110000e-02 
1.532000e-01 
3.784000e-01 
1.800000e-02 
9.910000e-02 
8.110000e-02 
3.600000e-02 
2.973000e-01 
9.910000e-02 
3.153000e-01 
3.600000e-02 
3.514000e-01 
1.800000e-02 
3.600000e-02 
2.700000e-02 
2.793000e-01 
4.500000e-02 
4.500000e-02 
6.310000e-02 
3.874000e-01 
3.600000e-02 
1.261000e-01 
4.500000e-02 
3.600000e-02 
4.500000e-02 
1.261000e-01 
2.700000e-02 
4.414000e-01 
9.910000e-02 
4.775000e-01 
1.800000e-02 
2.700000e-02 
3.514000e-01 
3.243000e-01 
8.110000e-02 
2.700000e-02 
1.441000e-01 
1.712000e-01 
1.532000e-01 
7.568000e-01 
1.622000e-01 
5.225000e-01 
7.210000e-02 
4.685000e-01 
6.310000e-02 
2.700000e-02 
0 
4.414000e-01 
2.162000e-01 
6.577000e-01 
5.410000e-02 
9.000000e-03 
2.700000e-02 
8.110000e-02 
9.000000e-03 
8.468000e-01 
5.410000e-02 
4.865000e-01 
1.441000e-01 
8.559000e-01 
3.243000e-01 
4.685000e-01 
9.910000e-02 
6.310000e-02 
