2.712000e-01 
3.898000e-01 
2.712000e-01 
3.559000e-01 
4.237000e-01 
1.864000e-01 
3.729000e-01 
5.254000e-01 
2.373000e-01 
1.864000e-01 
4.237000e-01 
4.407000e-01 
2.881000e-01 
3.220000e-01 
3.898000e-01 
5.932000e-01 
4.237000e-01 
8.470000e-02 
2.881000e-01 
5.763000e-01 
3.898000e-01 
2.881000e-01 
4.068000e-01 
6.610000e-01 
2.034000e-01 
2.373000e-01 
4.068000e-01 
5.593000e-01 
4.068000e-01 
3.390000e-01 
4.915000e-01 
4.746000e-01 
1.525000e-01 
2.034000e-01 
3.220000e-01 
2.542000e-01 
2.712000e-01 
5.254000e-01 
5.593000e-01 
3.390000e-01 
2.203000e-01 
3.898000e-01 
5.254000e-01 
3.390000e-01 
3.220000e-01 
3.220000e-01 
5.593000e-01 
3.729000e-01 
1.525000e-01 
4.068000e-01 
2.373000e-01 
4.237000e-01 
1.695000e-01 
3.220000e-01 
2.203000e-01 
2.034000e-01 
4.576000e-01 
5.763000e-01 
2.881000e-01 
4.237000e-01 
5.254000e-01 
6.271000e-01 
3.559000e-01 
4.068000e-01 
3.390000e-01 
1.525000e-01 
3.220000e-01 
5.763000e-01 
5.080000e-02 
2.203000e-01 
2.881000e-01 
5.085000e-01 
2.373000e-01 
1.695000e-01 
2.373000e-01 
5.085000e-01 
2.712000e-01 
2.034000e-01 
4.915000e-01 
4.407000e-01 
3.051000e-01 
2.712000e-01 
5.085000e-01 
4.237000e-01 
2.373000e-01 
1.017000e-01 
1.864000e-01 
2.373000e-01 
5.424000e-01 
2.712000e-01 
0 
4.068000e-01 
3.051000e-01 
1.864000e-01 
3.898000e-01 
4.746000e-01 
5.424000e-01 
3.898000e-01 
4.407000e-01 
3.051000e-01 
3.220000e-01 
2.712000e-01 
3.729000e-01 
4.746000e-01 
2.712000e-01 
5.085000e-01 
3.051000e-01 
3.220000e-01 
5.424000e-01 
4.407000e-01 
3.220000e-01 
6.949000e-01 
5.593000e-01 
3.898000e-01 
5.932000e-01 
3.051000e-01 
4.915000e-01 
2.373000e-01 
5.254000e-01 
4.915000e-01 
4.407000e-01 
3.559000e-01 
5.593000e-01 
3.220000e-01 
4.068000e-01 
3.220000e-01 
5.085000e-01 
5.593000e-01 
5.085000e-01 
4.237000e-01 
5.932000e-01 
3.220000e-01 
4.576000e-01 
3.898000e-01 
4.915000e-01 
6.949000e-01 
4.576000e-01 
4.576000e-01 
4.576000e-01 
4.576000e-01 
4.237000e-01 
3.729000e-01 
2.881000e-01 
6.271000e-01 
2.034000e-01 
4.068000e-01 
5.593000e-01 
3.898000e-01 
4.746000e-01 
2.203000e-01 
4.237000e-01 
7.797000e-01 
5.085000e-01 
3.729000e-01 
3.390000e-01 
3.559000e-01 
5.085000e-01 
1.695000e-01 
2.881000e-01 
3.729000e-01 
5.932000e-01 
3.390000e-01 
3.051000e-01 
3.729000e-01 
3.051000e-01 
6.780000e-01 
2.881000e-01 
5.593000e-01 
4.237000e-01 
3.051000e-01 
4.915000e-01 
5.085000e-01 
3.220000e-01 
3.729000e-01 
5.085000e-01 
4.068000e-01 
3.898000e-01 
3.729000e-01 
5.763000e-01 
2.542000e-01 
3.559000e-01 
3.390000e-01 
2.203000e-01 
5.085000e-01 
5.593000e-01 
4.237000e-01 
5.085000e-01 
4.407000e-01 
1.356000e-01 
4.068000e-01 
3.559000e-01 
5.254000e-01 
7.797000e-01 
2.881000e-01 
3.220000e-01 
2.373000e-01 
3.390000e-01 
4.407000e-01 
4.237000e-01 
4.407000e-01 
3.559000e-01 
3.729000e-01 
4.915000e-01 
5.932000e-01 
3.898000e-01 
4.576000e-01 
3.559000e-01 
4.746000e-01 
5.085000e-01 
4.068000e-01 
4.237000e-01 
4.746000e-01 
2.203000e-01 
3.898000e-01 
1.864000e-01 
6.102000e-01 
6.441000e-01 
2.881000e-01 
3.729000e-01 
6.102000e-01 
3.051000e-01 
3.220000e-01 
6.441000e-01 
2.034000e-01 
4.576000e-01 
3.898000e-01 
4.576000e-01 
1.525000e-01 
5.593000e-01 
1.356000e-01 
3.729000e-01 
1.356000e-01 
4.576000e-01 
2.034000e-01 
6.610000e-01 
5.424000e-01 
4.068000e-01 
3.220000e-01 
3.898000e-01 
2.373000e-01 
3.390000e-01 
2.881000e-01 
3.729000e-01 
2.203000e-01 
3.390000e-01 
3.390000e-01 
5.932000e-01 
2.542000e-01 
4.237000e-01 
1.695000e-01 
5.254000e-01 
3.559000e-01 
5.763000e-01 
2.542000e-01 
3.729000e-01 
5.424000e-01 
7.288000e-01 
4.407000e-01 
6.102000e-01 
4.237000e-01 
5.763000e-01 
3.729000e-01 
4.915000e-01 
4.576000e-01 
5.593000e-01 
5.254000e-01 
4.746000e-01 
3.898000e-01 
6.102000e-01 
4.576000e-01 
3.729000e-01 
5.424000e-01 
6.102000e-01 
4.746000e-01 
7.288000e-01 
3.898000e-01 
3.390000e-01 
4.915000e-01 
4.576000e-01 
1 
6.610000e-01 
3.390000e-01 
5.085000e-01 
4.237000e-01 
4.915000e-01 
6.780000e-02 
4.746000e-01 
7.627000e-01 
5.763000e-01 
4.237000e-01 
4.068000e-01 
5.085000e-01 
5.085000e-01 
2.034000e-01 
2.712000e-01 
4.068000e-01 
4.746000e-01 
3.898000e-01 
2.881000e-01 
6.780000e-01 
4.576000e-01 
3.051000e-01 
4.068000e-01 
4.068000e-01 
4.746000e-01 
2.203000e-01 
4.576000e-01 
2.542000e-01 
4.407000e-01 
2.034000e-01 
5.085000e-01 
2.542000e-01 
4.237000e-01 
2.881000e-01 
5.424000e-01 
2.712000e-01 
5.254000e-01 
3.729000e-01 
4.746000e-01 
5.254000e-01 
5.763000e-01 
3.220000e-01 
6.271000e-01 
4.237000e-01 
4.746000e-01 
3.220000e-01 
5.763000e-01 
2.542000e-01 
5.085000e-01 
3.898000e-01 
5.254000e-01 
2.542000e-01 
5.763000e-01 
4.068000e-01 
4.915000e-01 
2.373000e-01 
2.712000e-01 
2.542000e-01 
3.729000e-01 
2.542000e-01 
4.915000e-01 
3.898000e-01 
7.119000e-01 
3.390000e-01 
3.898000e-01 
3.559000e-01 
3.729000e-01 
3.390000e-01 
4.746000e-01 
5.085000e-01 
6.271000e-01 
5.593000e-01 
5.254000e-01 
4.407000e-01 
4.915000e-01 
2.881000e-01 
5.424000e-01 
2.881000e-01 
4.068000e-01 
3.559000e-01 
5.763000e-01 
3.729000e-01 
