7.059000e-01 
2.353000e-01 
5.294000e-01 
6.275000e-01 
8.824000e-01 
6.863000e-01 
4.706000e-01 
7.255000e-01 
3.529000e-01 
4.510000e-01 
1 
7.059000e-01 
3.333000e-01 
3.529000e-01 
4.706000e-01 
6.471000e-01 
3.529000e-01 
4.118000e-01 
7.451000e-01 
6.667000e-01 
2.745000e-01 
1.961000e-01 
6.275000e-01 
4.902000e-01 
3.333000e-01 
5.882000e-01 
6.471000e-01 
1.569000e-01 
6.078000e-01 
2.549000e-01 
5.882000e-01 
5.490000e-01 
1.961000e-01 
8.431000e-01 
8.039000e-01 
8.627000e-01 
0 
3.725000e-01 
5.294000e-01 
4.510000e-01 
4.902000e-01 
8.431000e-01 
7.647000e-01 
2.157000e-01 
1.960000e-02 
2.549000e-01 
6.275000e-01 
3.529000e-01 
5.490000e-01 
7.843000e-01 
9.216000e-01 
4.902000e-01 
1.176000e-01 
2.549000e-01 
4.902000e-01 
6.275000e-01 
6.863000e-01 
4.118000e-01 
2.549000e-01 
1.961000e-01 
4.314000e-01 
4.118000e-01 
5.098000e-01 
3.137000e-01 
4.706000e-01 
5.490000e-01 
6.667000e-01 
4.902000e-01 
4.706000e-01 
3.725000e-01 
5.882000e-01 
5.098000e-01 
3.922000e-01 
3.333000e-01 
6.275000e-01 
5.490000e-01 
3.137000e-01 
4.902000e-01 
5.686000e-01 
5.294000e-01 
3.529000e-01 
6.863000e-01 
6.667000e-01 
7.451000e-01 
5.882000e-01 
5.490000e-01 
3.529000e-01 
8.627000e-01 
8.627000e-01 
4.314000e-01 
3.333000e-01 
3.333000e-01 
4.510000e-01 
6.667000e-01 
4.314000e-01 
3.529000e-01 
4.314000e-01 
2.549000e-01 
3.725000e-01 
8.039000e-01 
2.941000e-01 
2.941000e-01 
3.137000e-01 
1.176000e-01 
5.686000e-01 
5.098000e-01 
3.922000e-01 
8.039000e-01 
2.549000e-01 
3.137000e-01 
2.157000e-01 
2.941000e-01 
4.706000e-01 
4.706000e-01 
6.078000e-01 
5.098000e-01 
6.667000e-01 
5.490000e-01 
1.373000e-01 
2.353000e-01 
3.725000e-01 
6.078000e-01 
4.510000e-01 
6.275000e-01 
2.549000e-01 
8.039000e-01 
4.118000e-01 
1.961000e-01 
1.961000e-01 
3.922000e-01 
1.961000e-01 
8.627000e-01 
8.431000e-01 
3.922000e-01 
3.725000e-01 
1.373000e-01 
5.294000e-01 
8.235000e-01 
4.314000e-01 
6.863000e-01 
1.961000e-01 
3.529000e-01 
7.647000e-01 
3.529000e-01 
5.098000e-01 
3.529000e-01 
5.098000e-01 
9.020000e-01 
7.059000e-01 
1.765000e-01 
9.608000e-01 
2.353000e-01 
3.725000e-01 
4.510000e-01 
3.137000e-01 
7.843000e-01 
6.078000e-01 
1.569000e-01 
3.529000e-01 
3.529000e-01 
5.098000e-01 
5.098000e-01 
3.922000e-01 
4.706000e-01 
3.922000e-01 
3.137000e-01 
4.706000e-01 
4.706000e-01 
4.314000e-01 
4.706000e-01 
5.490000e-01 
5.098000e-01 
5.882000e-01 
6.275000e-01 
5.882000e-01 
2.549000e-01 
1.961000e-01 
7.843000e-01 
3.137000e-01 
5.686000e-01 
4.314000e-01 
6.078000e-01 
4.510000e-01 
5.490000e-01 
3.333000e-01 
4.118000e-01 
6.078000e-01 
3.922000e-01 
6.863000e-01 
5.686000e-01 
3.725000e-01 
5.098000e-01 
4.706000e-01 
6.667000e-01 
5.490000e-01 
3.922000e-01 
5.882000e-01 
4.118000e-01 
3.725000e-01 
4.118000e-01 
5.490000e-01 
6.078000e-01 
5.294000e-01 
4.510000e-01 
8.039000e-01 
4.706000e-01 
4.510000e-01 
3.529000e-01 
3.333000e-01 
6.078000e-01 
3.137000e-01 
5.882000e-01 
6.275000e-01 
4.706000e-01 
5.490000e-01 
5.098000e-01 
5.686000e-01 
5.294000e-01 
5.490000e-01 
2.745000e-01 
9.412000e-01 
4.314000e-01 
2.353000e-01 
3.529000e-01 
5.294000e-01 
3.922000e-01 
4.118000e-01 
4.510000e-01 
6.275000e-01 
5.294000e-01 
3.922000e-01 
6.863000e-01 
8.039000e-01 
6.471000e-01 
4.510000e-01 
6.667000e-01 
4.118000e-01 
6.471000e-01 
3.725000e-01 
3.529000e-01 
5.686000e-01 
7.059000e-01 
5.882000e-01 
5.686000e-01 
4.118000e-01 
8.235000e-01 
2.941000e-01 
7.647000e-01 
6.667000e-01 
5.294000e-01 
9.020000e-01 
6.078000e-01 
4.118000e-01 
4.510000e-01 
2.157000e-01 
1.961000e-01 
5.686000e-01 
5.098000e-01 
4.314000e-01 
6.275000e-01 
5.490000e-01 
7.059000e-01 
6.078000e-01 
5.880000e-02 
1.569000e-01 
8.039000e-01 
3.725000e-01 
4.510000e-01 
3.725000e-01 
4.706000e-01 
7.451000e-01 
5.294000e-01 
2.353000e-01 
8.235000e-01 
2.353000e-01 
3.922000e-01 
3.333000e-01 
2.157000e-01 
8.824000e-01 
1.373000e-01 
4.510000e-01 
2.745000e-01 
1.765000e-01 
7.255000e-01 
6.275000e-01 
7.840000e-02 
6.863000e-01 
3.922000e-01 
3.137000e-01 
7.451000e-01 
4.902000e-01 
5.686000e-01 
2.353000e-01 
1.373000e-01 
4.706000e-01 
3.725000e-01 
3.725000e-01 
6.471000e-01 
6.078000e-01 
6.078000e-01 
5.098000e-01 
3.725000e-01 
4.902000e-01 
4.706000e-01 
5.490000e-01 
7.451000e-01 
5.686000e-01 
4.706000e-01 
4.510000e-01 
4.118000e-01 
2.549000e-01 
3.922000e-01 
4.706000e-01 
1.961000e-01 
3.137000e-01 
6.471000e-01 
5.686000e-01 
4.118000e-01 
3.333000e-01 
2.745000e-01 
1.765000e-01 
2.745000e-01 
4.902000e-01 
8.431000e-01 
3.333000e-01 
7.843000e-01 
7.843000e-01 
2.353000e-01 
2.745000e-01 
3.137000e-01 
4.902000e-01 
3.922000e-01 
2.745000e-01 
5.882000e-01 
5.294000e-01 
6.078000e-01 
5.294000e-01 
6.471000e-01 
4.510000e-01 
9.804000e-01 
4.314000e-01 
5.490000e-01 
5.294000e-01 
3.137000e-01 
4.706000e-01 
6.471000e-01 
6.471000e-01 
2.353000e-01 
4.510000e-01 
2.745000e-01 
1.569000e-01 
3.725000e-01 
4.902000e-01 
7.647000e-01 
4.706000e-01 
3.922000e-01 
8.039000e-01 
6.471000e-01 
4.902000e-01 
2.549000e-01 
1.569000e-01 
4.706000e-01 
