2.195000e-01 
4.880000e-02 
9.760000e-02 
1.220000e-01 
7.320000e-02 
4.880000e-02 
0 
7.320000e-02 
0 
4.880000e-02 
0 
2.439000e-01 
2.195000e-01 
1.220000e-01 
4.880000e-02 
2.440000e-02 
1.707000e-01 
7.320000e-02 
4.880000e-02 
1.951000e-01 
1.463000e-01 
2.440000e-02 
2.440000e-02 
2.927000e-01 
0 
1.463000e-01 
7.320000e-02 
1.463000e-01 
2.439000e-01 
6.500000e-02 
2.440000e-02 
2.439000e-01 
9.760000e-02 
2.440000e-02 
9.760000e-02 
2.683000e-01 
2.440000e-02 
0 
4.880000e-02 
9.760000e-02 
1.951000e-01 
2.440000e-02 
1.951000e-01 
4.390000e-01 
4.880000e-02 
2.440000e-02 
2.440000e-02 
2.440000e-02 
1.951000e-01 
2.440000e-02 
2.276000e-01 
2.195000e-01 
1.220000e-01 
0 
9.760000e-02 
0 
1.301000e-01 
3.171000e-01 
1.463000e-01 
0 
0 
1.220000e-01 
0 
7.320000e-02 
0 
0 
7.320000e-02 
1.626000e-01 
1.463000e-01 
2.440000e-02 
2.440000e-02 
1.951000e-01 
9.760000e-02 
1.707000e-01 
1.626000e-01 
3.902000e-01 
4.880000e-02 
0 
4.880000e-02 
2.440000e-02 
2.439000e-01 
0 
2.927000e-01 
1.220000e-01 
4.880000e-02 
0 
4.880000e-02 
3.250000e-02 
9.760000e-02 
1.220000e-01 
7.320000e-02 
0 
1.463000e-01 
9.760000e-02 
0 
2.440000e-02 
3.171000e-01 
0 
5.854000e-01 
3.659000e-01 
3.171000e-01 
0 
0 
0 
1.463000e-01 
9.760000e-02 
2.276000e-01 
1.463000e-01 
2.602000e-01 
4.146000e-01 
3.250000e-02 
0 
1.301000e-01 
4.880000e-02 
3.902000e-01 
4.390000e-01 
2.683000e-01 
2.927000e-01 
0 
4.880000e-02 
2.439000e-01 
4.880000e-02 
2.602000e-01 
4.390000e-01 
4.878000e-01 
3.415000e-01 
0 
4.880000e-02 
1.626000e-01 
2.440000e-02 
4.634000e-01 
3.171000e-01 
3.171000e-01 
2.195000e-01 
0 
4.880000e-02 
1.463000e-01 
7.320000e-02 
1.707000e-01 
1.951000e-01 
1.463000e-01 
1.707000e-01 
0 
4.880000e-02 
1.220000e-01 
9.760000e-02 
5.122000e-01 
4.390000e-01 
4.878000e-01 
1.951000e-01 
0 
7.320000e-02 
1.951000e-01 
9.760000e-02 
2.439000e-01 
1.707000e-01 
2.683000e-01 
1.463000e-01 
4.880000e-02 
0 
1.463000e-01 
2.440000e-02 
6.500000e-02 
2.439000e-01 
0 
1.301000e-01 
1.707000e-01 
1.951000e-01 
2.683000e-01 
7.320000e-02 
7.320000e-02 
4.878000e-01 
9.760000e-02 
2.683000e-01 
1.463000e-01 
1.707000e-01 
3.659000e-01 
1.951000e-01 
2.195000e-01 
2.683000e-01 
9.760000e-02 
4.146000e-01 
2.927000e-01 
0 
3.902000e-01 
2.440000e-02 
1.301000e-01 
4.146000e-01 
1.463000e-01 
3.415000e-01 
1.220000e-01 
4.880000e-02 
4.553000e-01 
1.951000e-01 
6.500000e-02 
5.122000e-01 
7.320000e-02 
3.415000e-01 
1.463000e-01 
1.220000e-01 
1.301000e-01 
2.440000e-02 
9.760000e-02 
1 
5.203000e-01 
1.951000e-01 
3.415000e-01 
1.220000e-01 
9.760000e-02 
1.463000e-01 
1.707000e-01 
2.276000e-01 
4.880000e-02 
4.146000e-01 
2.927000e-01 
2.683000e-01 
4.146000e-01 
2.439000e-01 
1.220000e-01 
3.902000e-01 
7.320000e-02 
1.951000e-01 
2.195000e-01 
2.439000e-01 
4.390000e-01 
3.415000e-01 
4.146000e-01 
2.195000e-01 
4.634000e-01 
3.250000e-02 
3.902000e-01 
1.220000e-01 
4.878000e-01 
2.439000e-01 
5.528000e-01 
2.195000e-01 
4.146000e-01 
3.902000e-01 
5.854000e-01 
3.171000e-01 
6.829000e-01 
1.707000e-01 
3.902000e-01 
1.951000e-01 
4.146000e-01 
1.951000e-01 
4.634000e-01 
2.195000e-01 
3.171000e-01 
7.320000e-02 
3.171000e-01 
1.707000e-01 
4.634000e-01 
2.195000e-01 
1.220000e-01 
1.463000e-01 
1.463000e-01 
2.440000e-02 
2.440000e-02 
1.220000e-01 
2.683000e-01 
1.220000e-01 
0 
7.320000e-02 
2.439000e-01 
3.171000e-01 
6.585000e-01 
1.951000e-01 
1.220000e-01 
3.250000e-02 
0 
0 
2.927000e-01 
9.760000e-02 
2.683000e-01 
2.195000e-01 
9.760000e-02 
2.440000e-02 
0 
1.463000e-01 
3.902000e-01 
9.760000e-02 
1.463000e-01 
1.707000e-01 
9.760000e-02 
1.301000e-01 
2.440000e-02 
2.440000e-02 
1.463000e-01 
4.880000e-02 
1.220000e-01 
5.122000e-01 
1.220000e-01 
9.760000e-02 
3.250000e-02 
2.195000e-01 
3.415000e-01 
2.440000e-02 
1.220000e-01 
4.390000e-01 
3.902000e-01 
2.440000e-02 
9.760000e-02 
1.707000e-01 
3.415000e-01 
1.220000e-01 
1.463000e-01 
4.553000e-01 
4.878000e-01 
1.707000e-01 
1.951000e-01 
0 
2.927000e-01 
3.171000e-01 
1.463000e-01 
1.626000e-01 
2.927000e-01 
3.171000e-01 
2.439000e-01 
1.707000e-01 
2.440000e-02 
0 
7.320000e-02 
7.320000e-02 
2.195000e-01 
3.415000e-01 
1.951000e-01 
4.146000e-01 
1.707000e-01 
2.440000e-02 
6.341000e-01 
2.195000e-01 
7.320000e-02 
7.320000e-02 
2.683000e-01 
3.659000e-01 
5.854000e-01 
3.659000e-01 
6.341000e-01 
4.146000e-01 
4.390000e-01 
3.659000e-01 
1.220000e-01 
4.880000e-02 
4.390000e-01 
3.415000e-01 
5.854000e-01 
2.602000e-01 
6.500000e-02 
4.880000e-02 
1.220000e-01 
9.760000e-02 
3.902000e-01 
6.585000e-01 
3.171000e-01 
3.902000e-01 
4.634000e-01 
3.415000e-01 
3.659000e-01 
1.707000e-01 
9.760000e-02 
7.320000e-02 
