1.111000e-01 
2.540000e-01 
9.520000e-02 
3.175000e-01 
2.540000e-01 
1.590000e-02 
9.520000e-02 
3.333000e-01 
1.429000e-01 
1.270000e-01 
7.940000e-02 
4.444000e-01 
1.590000e-02 
1.590000e-02 
1.590000e-02 
2.857000e-01 
1.270000e-01 
6.350000e-02 
1.746000e-01 
4.603000e-01 
1.270000e-01 
7.940000e-02 
1.111000e-01 
5.238000e-01 
0 
4.760000e-02 
2.857000e-01 
8.571000e-01 
1.587000e-01 
1.111000e-01 
6.350000e-02 
1.429000e-01 
3.170000e-02 
2.381000e-01 
6.350000e-02 
4.760000e-02 
1.111000e-01 
1.746000e-01 
9.520000e-02 
3.016000e-01 
4.444000e-01 
4.286000e-01 
4.760000e-02 
9.520000e-02 
6.350000e-02 
7.940000e-02 
3.170000e-02 
2.540000e-01 
1.429000e-01 
1.746000e-01 
7.940000e-02 
6.350000e-02 
3.170000e-02 
1.111000e-01 
3.810000e-01 
1.429000e-01 
1.111000e-01 
6.350000e-02 
3.170000e-02 
1.590000e-02 
1.111000e-01 
2.063000e-01 
1.270000e-01 
3.651000e-01 
1.590000e-02 
1.429000e-01 
1.429000e-01 
0 
6.350000e-02 
4.760000e-02 
5.238000e-01 
3.810000e-01 
5.238000e-01 
1.746000e-01 
9.520000e-02 
1.111000e-01 
9.520000e-02 
6.350000e-02 
2.381000e-01 
1.587000e-01 
4.760000e-02 
1.270000e-01 
1.111000e-01 
1.111000e-01 
3.170000e-02 
4.760000e-02 
1.111000e-01 
6.350000e-02 
1.429000e-01 
3.170000e-02 
1.587000e-01 
3.333000e-01 
3.968000e-01 
1.587000e-01 
9.520000e-02 
1.905000e-01 
1.905000e-01 
3.175000e-01 
1.590000e-02 
9.520000e-02 
6.350000e-02 
7.940000e-02 
6.350000e-02 
2.381000e-01 
1.746000e-01 
4.127000e-01 
1.746000e-01 
1.111000e-01 
1.111000e-01 
1.111000e-01 
1.590000e-02 
2.063000e-01 
2.222000e-01 
5.556000e-01 
6.350000e-02 
9.520000e-02 
0 
0 
1.270000e-01 
4.444000e-01 
2.540000e-01 
2.381000e-01 
7.940000e-02 
9.520000e-02 
7.940000e-02 
3.170000e-02 
3.170000e-02 
4.762000e-01 
2.063000e-01 
4.286000e-01 
2.540000e-01 
2.381000e-01 
4.760000e-02 
7.940000e-02 
3.170000e-02 
6.032000e-01 
4.127000e-01 
5.238000e-01 
1.587000e-01 
1.746000e-01 
0 
9.520000e-02 
6.350000e-02 
3.175000e-01 
2.540000e-01 
6.350000e-02 
4.444000e-01 
1.587000e-01 
1.587000e-01 
0 
1.270000e-01 
6.508000e-01 
2.063000e-01 
4.762000e-01 
1.905000e-01 
2.857000e-01 
4.760000e-02 
6.350000e-02 
6.350000e-02 
1.746000e-01 
2.063000e-01 
6.350000e-02 
1.587000e-01 
7.940000e-02 
2.063000e-01 
6.350000e-02 
1.429000e-01 
9.520000e-02 
9.520000e-02 
1.746000e-01 
0 
1.590000e-02 
3.170000e-02 
9.520000e-02 
1.429000e-01 
1.111000e-01 
1.905000e-01 
6.350000e-02 
9.520000e-02 
9.520000e-02 
2.063000e-01 
3.170000e-02 
1.590000e-02 
1.111000e-01 
2.063000e-01 
9.520000e-02 
3.333000e-01 
1.270000e-01 
1.270000e-01 
3.170000e-02 
0 
1.429000e-01 
6.350000e-02 
6.350000e-02 
1.429000e-01 
1.270000e-01 
3.016000e-01 
9.520000e-02 
1.746000e-01 
1.587000e-01 
1.270000e-01 
7.940000e-02 
1.270000e-01 
1.270000e-01 
0 
1.905000e-01 
1.429000e-01 
1.905000e-01 
3.651000e-01 
9.520000e-02 
6.350000e-02 
3.170000e-02 
4.760000e-02 
6.350000e-02 
1.746000e-01 
1.905000e-01 
9.520000e-02 
9.520000e-02 
2.222000e-01 
1.270000e-01 
1.587000e-01 
1.587000e-01 
1.111000e-01 
1.590000e-02 
9.520000e-02 
7.940000e-02 
3.170000e-02 
7.940000e-02 
3.170000e-02 
4.760000e-02 
3.170000e-02 
9.520000e-02 
3.170000e-02 
7.940000e-02 
7.940000e-02 
1.270000e-01 
1.590000e-02 
0 
6.350000e-02 
1.587000e-01 
1.746000e-01 
1.587000e-01 
1.587000e-01 
9.520000e-02 
3.170000e-02 
2.063000e-01 
9.520000e-02 
1.270000e-01 
6.350000e-02 
1.590000e-02 
6.350000e-02 
2.381000e-01 
1.590000e-02 
7.940000e-02 
1.905000e-01 
3.333000e-01 
2.698000e-01 
4.603000e-01 
1.746000e-01 
3.333000e-01 
4.603000e-01 
4.760000e-02 
1.429000e-01 
3.175000e-01 
3.016000e-01 
3.016000e-01 
1.587000e-01 
2.698000e-01 
1.905000e-01 
2.222000e-01 
5.238000e-01 
2.540000e-01 
4.760000e-02 
9.520000e-02 
3.016000e-01 
7.940000e-02 
3.810000e-01 
2.063000e-01 
3.170000e-02 
2.381000e-01 
2.540000e-01 
3.651000e-01 
2.063000e-01 
6.984000e-01 
7.940000e-02 
1.590000e-02 
3.016000e-01 
2.698000e-01 
2.540000e-01 
3.175000e-01 
2.063000e-01 
1.111000e-01 
7.940000e-02 
3.016000e-01 
5.238000e-01 
2.063000e-01 
4.760000e-02 
2.063000e-01 
1.270000e-01 
1.746000e-01 
7.940000e-02 
2.698000e-01 
1.587000e-01 
7.778000e-01 
6.350000e-02 
7.940000e-02 
7.940000e-02 
1.111000e-01 
6.350000e-02 
3.170000e-02 
1.270000e-01 
5.714000e-01 
1.746000e-01 
4.760000e-02 
5.079000e-01 
3.016000e-01 
1.587000e-01 
0 
1.587000e-01 
9.048000e-01 
3.810000e-01 
2.857000e-01 
4.921000e-01 
4.921000e-01 
2.063000e-01 
7.940000e-02 
7.940000e-02 
4.760000e-02 
1.429000e-01 
1 
1.590000e-02 
9.520000e-02 
1.270000e-01 
6.667000e-01 
1.905000e-01 
3.170000e-02 
1.111000e-01 
7.940000e-02 
1.429000e-01 
7.940000e-02 
1.111000e-01 
6.350000e-02 
3.170000e-02 
1.746000e-01 
7.940000e-02 
9.520000e-02 
7.940000e-02 
6.350000e-02 
3.333000e-01 
4.127000e-01 
3.175000e-01 
1.587000e-01 
2.540000e-01 
7.940000e-02 
1.587000e-01 
0 
9.520000e-02 
2.063000e-01 
6.350000e-02 
6.350000e-02 
1.429000e-01 
3.333000e-01 
