1.207000e-01 
3.621000e-01 
1.724000e-01 
5.170000e-02 
1.724000e-01 
2.000000e-01 
5.170000e-02 
3.621000e-01 
2.241000e-01 
2.414000e-01 
6.900000e-02 
1.724000e-01 
2.069000e-01 
3.103000e-01 
2.241000e-01 
1.897000e-01 
2.000000e-01 
1.172000e-01 
2.241000e-01 
1.552000e-01 
8.620000e-02 
1.897000e-01 
1.379000e-01 
4.830000e-02 
3.241000e-01 
4.138000e-01 
1.724000e-01 
1.724000e-01 
1.034000e-01 
4.310000e-01 
1.724000e-01 
2.586000e-01 
1.724000e-01 
2.000000e-01 
1.552000e-01 
1.034000e-01 
6.900000e-02 
1.379000e-01 
1.034000e-01 
1.724000e-01 
2.552000e-01 
3.276000e-01 
1.552000e-01 
2.414000e-01 
1.552000e-01 
1.724000e-01 
2.000000e-01 
1.720000e-02 
1.586000e-01 
2.241000e-01 
2.069000e-01 
1.897000e-01 
1.552000e-01 
1.207000e-01 
2.759000e-01 
2.586000e-01 
1.552000e-01 
1.552000e-01 
6.900000e-02 
1.310000e-01 
1.207000e-01 
2.241000e-01 
1.172000e-01 
2.414000e-01 
1.724000e-01 
2.552000e-01 
7.590000e-02 
3.966000e-01 
1.034000e-01 
2.241000e-01 
6.900000e-02 
1.552000e-01 
3.103000e-01 
2.931000e-01 
2.241000e-01 
3.103000e-01 
3.103000e-01 
1.034000e-01 
2.759000e-01 
1.552000e-01 
2.586000e-01 
6.900000e-02 
3.276000e-01 
3.931000e-01 
2.759000e-01 
1.207000e-01 
2.000000e-01 
2.690000e-01 
1.034000e-01 
2.414000e-01 
8.620000e-02 
2.759000e-01 
5.170000e-02 
2.414000e-01 
3.793000e-01 
1.448000e-01 
3.276000e-01 
1.379000e-01 
1.897000e-01 
2.414000e-01 
3.793000e-01 
2.931000e-01 
4.310000e-01 
2.241000e-01 
2.931000e-01 
2.828000e-01 
1.897000e-01 
5.345000e-01 
4.310000e-01 
2.759000e-01 
3.103000e-01 
2.586000e-01 
3.103000e-01 
1.207000e-01 
0 
5.000000e-01 
2.414000e-01 
4.759000e-01 
3.379000e-01 
2.069000e-01 
4.310000e-01 
2.759000e-01 
1.724000e-01 
4.138000e-01 
2.552000e-01 
2.759000e-01 
2.586000e-01 
1.207000e-01 
1.207000e-01 
2.759000e-01 
2.414000e-01 
4.345000e-01 
2.759000e-01 
4.483000e-01 
6.207000e-01 
2.931000e-01 
4.069000e-01 
3.966000e-01 
2.586000e-01 
3.448000e-01 
1.897000e-01 
3.276000e-01 
2.414000e-01 
8.970000e-02 
5.517000e-01 
4.138000e-01 
4.655000e-01 
1.207000e-01 
1.724000e-01 
4.828000e-01 
3.276000e-01 
3.621000e-01 
4.069000e-01 
2.414000e-01 
3.276000e-01 
3.966000e-01 
2.241000e-01 
5.172000e-01 
3.276000e-01 
4.138000e-01 
2.414000e-01 
2.241000e-01 
1.379000e-01 
1.897000e-01 
2.138000e-01 
2.931000e-01 
2.241000e-01 
2.241000e-01 
5.034000e-01 
4.483000e-01 
1.552000e-01 
2.931000e-01 
2.069000e-01 
2.069000e-01 
1.379000e-01 
6.900000e-02 
2.759000e-01 
1.724000e-01 
2.414000e-01 
2.586000e-01 
2.931000e-01 
3.241000e-01 
4.483000e-01 
1.552000e-01 
3.103000e-01 
3.103000e-01 
2.759000e-01 
2.586000e-01 
2.931000e-01 
4.138000e-01 
3.793000e-01 
1.207000e-01 
3.103000e-01 
3.276000e-01 
8.620000e-02 
5.517000e-01 
4.207000e-01 
1.379000e-01 
1.897000e-01 
2.414000e-01 
2.069000e-01 
4.828000e-01 
3.450000e-02 
1.724000e-01 
2.759000e-01 
2.069000e-01 
1.897000e-01 
1.862000e-01 
3.379000e-01 
4.483000e-01 
2.069000e-01 
4.483000e-01 
5.517000e-01 
3.276000e-01 
5.690000e-01 
2.586000e-01 
2.414000e-01 
5.034000e-01 
2.931000e-01 
5.690000e-01 
3.621000e-01 
2.414000e-01 
2.759000e-01 
2.069000e-01 
3.448000e-01 
2.241000e-01 
1.207000e-01 
4.207000e-01 
3.621000e-01 
3.793000e-01 
4.655000e-01 
3.241000e-01 
5.000000e-01 
3.103000e-01 
3.103000e-01 
1.897000e-01 
1.207000e-01 
2.759000e-01 
3.448000e-01 
4.345000e-01 
5.862000e-01 
3.448000e-01 
2.759000e-01 
5.690000e-01 
3.966000e-01 
4.483000e-01 
6.552000e-01 
3.621000e-01 
5.000000e-01 
2.414000e-01 
3.276000e-01 
2.069000e-01 
3.793000e-01 
5.000000e-01 
3.103000e-01 
3.793000e-01 
3.793000e-01 
3.966000e-01 
2.138000e-01 
3.276000e-01 
3.103000e-01 
2.931000e-01 
2.931000e-01 
1.379000e-01 
1.379000e-01 
2.414000e-01 
2.759000e-01 
5.345000e-01 
2.276000e-01 
2.690000e-01 
2.759000e-01 
1.034000e-01 
2.069000e-01 
1.862000e-01 
2.931000e-01 
2.759000e-01 
5.172000e-01 
2.414000e-01 
3.966000e-01 
3.276000e-01 
1.897000e-01 
3.448000e-01 
4.138000e-01 
3.276000e-01 
1.862000e-01 
4.897000e-01 
8.620000e-02 
2.241000e-01 
2.241000e-01 
3.621000e-01 
2.069000e-01 
4.828000e-01 
2.586000e-01 
3.931000e-01 
3.621000e-01 
3.103000e-01 
4.483000e-01 
5.517000e-01 
1.310000e-01 
4.655000e-01 
3.966000e-01 
3.621000e-01 
3.241000e-01 
2.276000e-01 
3.276000e-01 
4.483000e-01 
4.138000e-01 
5.172000e-01 
3.966000e-01 
6.379000e-01 
4.138000e-01 
3.793000e-01 
4.138000e-01 
5.172000e-01 
3.966000e-01 
2.069000e-01 
2.759000e-01 
6.828000e-01 
5.172000e-01 
4.310000e-01 
3.793000e-01 
3.276000e-01 
3.931000e-01 
1.552000e-01 
4.138000e-01 
4.345000e-01 
5.034000e-01 
4.828000e-01 
4.655000e-01 
3.966000e-01 
5.172000e-01 
5.310000e-01 
4.138000e-01 
6.900000e-02 
1.207000e-01 
3.966000e-01 
3.241000e-01 
3.276000e-01 
2.586000e-01 
3.448000e-01 
3.621000e-01 
7.414000e-01 
2.414000e-01 
4.069000e-01 
4.310000e-01 
1.207000e-01 
2.690000e-01 
4.655000e-01 
4.138000e-01 
4.483000e-01 
3.621000e-01 
2.414000e-01 
1.034000e-01 
1.552000e-01 
1.724000e-01 
3.621000e-01 
2.414000e-01 
6.900000e-02 
4.828000e-01 
4.655000e-01 
4.310000e-01 
3.103000e-01 
