5.000000e-01 
1.087000e-01 
7.174000e-01 
5.217000e-01 
5.217000e-01 
6.522000e-01 
5.870000e-01 
3.696000e-01 
3.043000e-01 
1.739000e-01 
2.391000e-01 
6.522000e-01 
5.217000e-01 
3.261000e-01 
8.043000e-01 
2.609000e-01 
1.087000e-01 
3.261000e-01 
9.130000e-01 
2.391000e-01 
1.957000e-01 
2.391000e-01 
5.652000e-01 
5.000000e-01 
8.700000e-02 
4.565000e-01 
4.565000e-01 
4.565000e-01 
3.043000e-01 
3.696000e-01 
2.826000e-01 
1.304000e-01 
5.870000e-01 
9.565000e-01 
1.304000e-01 
1.522000e-01 
6.520000e-02 
5.652000e-01 
2.826000e-01 
1.957000e-01 
4.130000e-01 
8.043000e-01 
3.043000e-01 
2.391000e-01 
1.522000e-01 
3.478000e-01 
3.261000e-01 
1.957000e-01 
2.391000e-01 
8.261000e-01 
3.261000e-01 
1.522000e-01 
2.174000e-01 
3.478000e-01 
3.696000e-01 
7.391000e-01 
4.783000e-01 
1.087000e-01 
8.700000e-02 
2.391000e-01 
3.913000e-01 
1.957000e-01 
5.435000e-01 
1.087000e-01 
3.043000e-01 
9.565000e-01 
4.783000e-01 
1.304000e-01 
8.700000e-02 
1.957000e-01 
2.826000e-01 
2.609000e-01 
1.739000e-01 
4.348000e-01 
4.348000e-01 
4.350000e-02 
2.170000e-02 
2.174000e-01 
4.130000e-01 
1.304000e-01 
1.304000e-01 
7.174000e-01 
8.043000e-01 
1.957000e-01 
1.304000e-01 
6.739000e-01 
1 
4.783000e-01 
6.520000e-02 
1.739000e-01 
2.826000e-01 
4.565000e-01 
2.174000e-01 
1.522000e-01 
3.696000e-01 
1.957000e-01 
4.130000e-01 
1.522000e-01 
5.217000e-01 
3.261000e-01 
2.391000e-01 
1.739000e-01 
1.739000e-01 
2.170000e-02 
1.957000e-01 
1.522000e-01 
3.261000e-01 
3.696000e-01 
1.304000e-01 
1.087000e-01 
3.696000e-01 
1.739000e-01 
2.174000e-01 
1.522000e-01 
3.261000e-01 
3.696000e-01 
1.304000e-01 
3.696000e-01 
2.174000e-01 
1.304000e-01 
2.174000e-01 
1.739000e-01 
2.826000e-01 
1.304000e-01 
2.170000e-02 
2.174000e-01 
1.957000e-01 
6.520000e-02 
2.609000e-01 
4.350000e-02 
3.913000e-01 
1.957000e-01 
2.609000e-01 
1.957000e-01 
2.174000e-01 
1.739000e-01 
3.261000e-01 
2.391000e-01 
1.957000e-01 
2.609000e-01 
4.350000e-02 
2.174000e-01 
3.696000e-01 
2.174000e-01 
3.261000e-01 
1.739000e-01 
2.609000e-01 
2.826000e-01 
2.174000e-01 
1.739000e-01 
2.391000e-01 
2.391000e-01 
1.304000e-01 
1.957000e-01 
1.739000e-01 
6.520000e-02 
3.261000e-01 
1.957000e-01 
6.522000e-01 
1.957000e-01 
2.174000e-01 
3.913000e-01 
1.957000e-01 
1.957000e-01 
2.609000e-01 
1.957000e-01 
6.522000e-01 
2.609000e-01 
1.957000e-01 
3.261000e-01 
2.391000e-01 
3.043000e-01 
1.522000e-01 
1.522000e-01 
4.565000e-01 
6.520000e-02 
1.304000e-01 
2.174000e-01 
2.391000e-01 
3.261000e-01 
5.435000e-01 
3.913000e-01 
3.261000e-01 
4.130000e-01 
6.520000e-02 
2.609000e-01 
3.478000e-01 
5.870000e-01 
5.000000e-01 
3.478000e-01 
2.609000e-01 
3.043000e-01 
1.304000e-01 
1.522000e-01 
8.700000e-02 
3.913000e-01 
4.130000e-01 
1.522000e-01 
5.217000e-01 
3.478000e-01 
4.350000e-02 
1.739000e-01 
3.043000e-01 
4.348000e-01 
2.174000e-01 
1.087000e-01 
2.609000e-01 
1.739000e-01 
1.304000e-01 
2.826000e-01 
1.739000e-01 
3.043000e-01 
4.348000e-01 
1.957000e-01 
2.391000e-01 
4.130000e-01 
2.391000e-01 
3.696000e-01 
2.826000e-01 
4.783000e-01 
8.700000e-02 
1.304000e-01 
1.522000e-01 
1.522000e-01 
2.826000e-01 
1.087000e-01 
1.739000e-01 
2.391000e-01 
1.957000e-01 
6.520000e-02 
4.350000e-02 
2.826000e-01 
1.957000e-01 
1.522000e-01 
3.913000e-01 
1.087000e-01 
2.391000e-01 
6.520000e-02 
8.700000e-02 
6.520000e-02 
3.696000e-01 
1.304000e-01 
2.391000e-01 
1.304000e-01 
2.609000e-01 
8.700000e-02 
2.391000e-01 
8.700000e-02 
8.700000e-02 
2.170000e-02 
2.174000e-01 
2.391000e-01 
4.565000e-01 
6.520000e-02 
6.520000e-02 
1.087000e-01 
2.391000e-01 
3.478000e-01 
3.696000e-01 
2.826000e-01 
6.520000e-02 
2.174000e-01 
3.478000e-01 
2.391000e-01 
1.522000e-01 
1.739000e-01 
3.696000e-01 
4.783000e-01 
5.217000e-01 
1.087000e-01 
4.130000e-01 
8.700000e-02 
6.520000e-02 
6.520000e-02 
8.700000e-02 
3.478000e-01 
4.130000e-01 
3.043000e-01 
1.304000e-01 
1.087000e-01 
2.391000e-01 
3.913000e-01 
5.000000e-01 
3.043000e-01 
1.087000e-01 
1.957000e-01 
6.520000e-02 
6.520000e-02 
1.522000e-01 
1.304000e-01 
1.522000e-01 
2.826000e-01 
1.522000e-01 
1.087000e-01 
1.087000e-01 
3.696000e-01 
2.170000e-02 
1.087000e-01 
3.043000e-01 
4.348000e-01 
3.043000e-01 
4.348000e-01 
3.261000e-01 
2.391000e-01 
1.957000e-01 
1.739000e-01 
2.174000e-01 
2.170000e-02 
2.826000e-01 
2.174000e-01 
6.520000e-02 
4.350000e-02 
8.700000e-02 
1.739000e-01 
1.739000e-01 
0 
6.520000e-02 
6.520000e-02 
2.609000e-01 
2.609000e-01 
8.700000e-02 
4.350000e-02 
1.304000e-01 
6.520000e-02 
1.739000e-01 
1.087000e-01 
8.700000e-02 
2.174000e-01 
1.957000e-01 
1.304000e-01 
2.174000e-01 
2.391000e-01 
3.913000e-01 
3.261000e-01 
8.700000e-02 
1.087000e-01 
1.739000e-01 
6.520000e-02 
3.478000e-01 
1.087000e-01 
1.522000e-01 
1.957000e-01 
2.609000e-01 
8.700000e-02 
1.087000e-01 
1.087000e-01 
1.739000e-01 
3.043000e-01 
3.261000e-01 
1.087000e-01 
3.696000e-01 
2.170000e-02 
8.700000e-02 
0 
1.522000e-01 
2.170000e-02 
8.700000e-02 
2.174000e-01 
3.913000e-01 
5.435000e-01 
1.522000e-01 
4.350000e-02 
