1.795000e-01 
5.641000e-01 
4.103000e-01 
3.333000e-01 
7.690000e-02 
2.308000e-01 
3.077000e-01 
1.282000e-01 
1.538000e-01 
2.821000e-01 
6.410000e-01 
2.051000e-01 
1.538000e-01 
1.282000e-01 
8.718000e-01 
2.051000e-01 
1.538000e-01 
2.308000e-01 
4.359000e-01 
2.051000e-01 
2.051000e-01 
4.103000e-01 
2.564000e-01 
3.333000e-01 
2.564000e-01 
4.615000e-01 
3.590000e-01 
2.051000e-01 
2.051000e-01 
3.077000e-01 
3.333000e-01 
2.564000e-01 
2.051000e-01 
3.846000e-01 
1.795000e-01 
2.564000e-01 
2.564000e-01 
3.333000e-01 
2.821000e-01 
1.026000e-01 
5.128000e-01 
4.615000e-01 
5.385000e-01 
3.590000e-01 
5.128000e-01 
4.359000e-01 
2.308000e-01 
1.795000e-01 
3.333000e-01 
9.231000e-01 
3.333000e-01 
2.821000e-01 
5.385000e-01 
3.590000e-01 
2.308000e-01 
5.641000e-01 
2.821000e-01 
3.077000e-01 
4.872000e-01 
5.641000e-01 
2.564000e-01 
1.026000e-01 
4.872000e-01 
0 
1.538000e-01 
4.872000e-01 
1.026000e-01 
1.538000e-01 
2.821000e-01 
3.846000e-01 
6.410000e-01 
2.308000e-01 
3.077000e-01 
8.205000e-01 
6.923000e-01 
3.333000e-01 
4.103000e-01 
5.641000e-01 
4.103000e-01 
1.026000e-01 
3.590000e-01 
9.487000e-01 
2.564000e-01 
1.795000e-01 
3.333000e-01 
3.333000e-01 
4.359000e-01 
2.308000e-01 
5.130000e-02 
2.564000e-01 
5.128000e-01 
7.692000e-01 
5.130000e-02 
7.690000e-02 
6.667000e-01 
2.564000e-01 
4.872000e-01 
6.923000e-01 
3.077000e-01 
3.077000e-01 
2.308000e-01 
3.590000e-01 
6.410000e-01 
2.564000e-01 
3.077000e-01 
7.436000e-01 
2.564000e-01 
4.615000e-01 
6.410000e-01 
5.641000e-01 
6.154000e-01 
3.333000e-01 
3.077000e-01 
3.077000e-01 
5.128000e-01 
4.872000e-01 
4.103000e-01 
3.590000e-01 
8.205000e-01 
3.077000e-01 
1.795000e-01 
4.103000e-01 
4.103000e-01 
6.154000e-01 
5.641000e-01 
6.410000e-01 
6.923000e-01 
2.821000e-01 
3.846000e-01 
3.846000e-01 
4.103000e-01 
5.897000e-01 
6.154000e-01 
3.590000e-01 
6.154000e-01 
2.564000e-01 
5.897000e-01 
7.436000e-01 
5.641000e-01 
4.872000e-01 
4.359000e-01 
3.846000e-01 
7.436000e-01 
2.564000e-01 
1.795000e-01 
4.103000e-01 
4.615000e-01 
6.667000e-01 
4.359000e-01 
5.641000e-01 
7.436000e-01 
3.846000e-01 
3.077000e-01 
4.103000e-01 
5.385000e-01 
4.359000e-01 
4.103000e-01 
7.179000e-01 
4.872000e-01 
1.026000e-01 
1.026000e-01 
6.923000e-01 
3.846000e-01 
4.103000e-01 
4.103000e-01 
3.077000e-01 
8.718000e-01 
4.615000e-01 
7.690000e-02 
3.590000e-01 
4.872000e-01 
7.690000e-02 
3.590000e-01 
5.897000e-01 
3.590000e-01 
4.359000e-01 
2.821000e-01 
4.103000e-01 
3.590000e-01 
1.795000e-01 
2.051000e-01 
3.077000e-01 
5.897000e-01 
1.538000e-01 
2.051000e-01 
7.949000e-01 
4.872000e-01 
3.846000e-01 
3.846000e-01 
1.026000e-01 
5.385000e-01 
2.564000e-01 
2.051000e-01 
6.923000e-01 
5.897000e-01 
2.308000e-01 
5.128000e-01 
7.179000e-01 
6.667000e-01 
5.897000e-01 
1.795000e-01 
3.590000e-01 
5.128000e-01 
3.590000e-01 
5.641000e-01 
2.821000e-01 
7.949000e-01 
3.590000e-01 
7.690000e-02 
4.872000e-01 
6.154000e-01 
2.821000e-01 
4.103000e-01 
4.103000e-01 
7.179000e-01 
6.923000e-01 
3.333000e-01 
8.718000e-01 
7.692000e-01 
3.333000e-01 
7.436000e-01 
2.564000e-01 
5.897000e-01 
5.385000e-01 
4.615000e-01 
5.385000e-01 
3.333000e-01 
6.154000e-01 
6.923000e-01 
3.333000e-01 
6.923000e-01 
4.103000e-01 
4.359000e-01 
3.077000e-01 
6.154000e-01 
3.846000e-01 
2.821000e-01 
6.667000e-01 
4.615000e-01 
5.897000e-01 
2.051000e-01 
5.385000e-01 
6.923000e-01 
3.590000e-01 
8.718000e-01 
5.128000e-01 
6.410000e-01 
8.462000e-01 
5.385000e-01 
5.897000e-01 
5.897000e-01 
4.872000e-01 
5.128000e-01 
4.103000e-01 
7.436000e-01 
5.897000e-01 
2.821000e-01 
4.615000e-01 
2.308000e-01 
3.590000e-01 
1.026000e-01 
3.846000e-01 
3.590000e-01 
2.564000e-01 
5.128000e-01 
2.308000e-01 
5.385000e-01 
3.077000e-01 
3.590000e-01 
5.128000e-01 
3.846000e-01 
3.077000e-01 
1.795000e-01 
3.077000e-01 
8.718000e-01 
2.821000e-01 
2.051000e-01 
3.846000e-01 
8.205000e-01 
8.718000e-01 
3.590000e-01 
2.308000e-01 
5.128000e-01 
3.590000e-01 
4.615000e-01 
3.333000e-01 
6.923000e-01 
6.410000e-01 
7.692000e-01 
4.359000e-01 
6.667000e-01 
4.615000e-01 
5.385000e-01 
3.333000e-01 
4.359000e-01 
4.359000e-01 
2.821000e-01 
6.410000e-01 
7.179000e-01 
3.846000e-01 
7.692000e-01 
5.897000e-01 
6.410000e-01 
4.359000e-01 
6.154000e-01 
3.846000e-01 
4.359000e-01 
5.385000e-01 
9.231000e-01 
2.821000e-01 
8.205000e-01 
6.923000e-01 
4.615000e-01 
4.103000e-01 
3.590000e-01 
6.667000e-01 
1 
5.128000e-01 
7.692000e-01 
5.641000e-01 
7.179000e-01 
3.590000e-01 
3.590000e-01 
3.590000e-01 
5.641000e-01 
4.615000e-01 
8.205000e-01 
4.103000e-01 
6.923000e-01 
7.436000e-01 
8.718000e-01 
5.130000e-02 
3.846000e-01 
5.897000e-01 
4.103000e-01 
6.154000e-01 
3.590000e-01 
6.410000e-01 
5.641000e-01 
7.436000e-01 
6.410000e-01 
5.385000e-01 
6.154000e-01 
5.385000e-01 
3.077000e-01 
8.462000e-01 
8.974000e-01 
3.077000e-01 
5.897000e-01 
1.026000e-01 
3.333000e-01 
4.359000e-01 
6.667000e-01 
6.667000e-01 
2.564000e-01 
5.385000e-01 
5.897000e-01 
5.641000e-01 
8.974000e-01 
3.077000e-01 
1.538000e-01 
2.051000e-01 
