4.602000e-01 
9.090000e-02 
4.432000e-01 
2.727000e-01 
2.045000e-01 
2.045000e-01 
2.500000e-01 
3.920000e-01 
2.898000e-01 
4.091000e-01 
2.045000e-01 
3.239000e-01 
2.727000e-01 
1.023000e-01 
3.750000e-01 
5.227000e-01 
3.239000e-01 
3.409000e-01 
3.580000e-01 
5.114000e-01 
3.068000e-01 
4.773000e-01 
3.239000e-01 
2.557000e-01 
1.534000e-01 
1.534000e-01 
1.705000e-01 
2.045000e-01 
2.045000e-01 
1.364000e-01 
3.920000e-01 
4.261000e-01 
3.580000e-01 
5.966000e-01 
3.239000e-01 
2.727000e-01 
2.386000e-01 
4.091000e-01 
3.920000e-01 
3.636000e-01 
3.580000e-01 
5.114000e-01 
2.557000e-01 
1.705000e-01 
1.534000e-01 
3.920000e-01 
2.557000e-01 
3.239000e-01 
4.091000e-01 
2.500000e-01 
3.068000e-01 
2.386000e-01 
1.193000e-01 
5.227000e-01 
1.193000e-01 
1 
3.068000e-01 
2.727000e-01 
3.068000e-01 
2.273000e-01 
3.239000e-01 
4.432000e-01 
3.920000e-01 
2.727000e-01 
2.045000e-01 
4.602000e-01 
3.580000e-01 
5.455000e-01 
1.705000e-01 
5.625000e-01 
1.591000e-01 
3.068000e-01 
2.500000e-01 
6.989000e-01 
2.727000e-01 
1.136000e-01 
2.045000e-01 
3.580000e-01 
4.773000e-01 
3.239000e-01 
4.773000e-01 
4.091000e-01 
2.216000e-01 
2.386000e-01 
1.875000e-01 
3.580000e-01 
7.500000e-01 
6.648000e-01 
3.636000e-01 
2.216000e-01 
3.182000e-01 
3.409000e-01 
3.750000e-01 
1.818000e-01 
2.898000e-01 
2.557000e-01 
4.091000e-01 
2.386000e-01 
5.284000e-01 
3.580000e-01 
2.955000e-01 
2.557000e-01 
1.364000e-01 
2.386000e-01 
3.068000e-01 
3.750000e-01 
2.727000e-01 
5.227000e-01 
1.875000e-01 
3.239000e-01 
2.045000e-01 
2.557000e-01 
5.284000e-01 
1.875000e-01 
4.261000e-01 
2.386000e-01 
1.364000e-01 
8.520000e-02 
1.193000e-01 
2.386000e-01 
1.705000e-01 
5.000000e-01 
1.364000e-01 
6.648000e-01 
2.727000e-01 
3.580000e-01 
3.409000e-01 
2.045000e-01 
5.227000e-01 
3.580000e-01 
4.773000e-01 
2.727000e-01 
9.090000e-02 
1.023000e-01 
1.364000e-01 
1.136000e-01 
3.239000e-01 
5.284000e-01 
4.261000e-01 
3.239000e-01 
3.239000e-01 
2.045000e-01 
1.136000e-01 
1.875000e-01 
4.773000e-01 
2.045000e-01 
2.557000e-01 
3.182000e-01 
1.023000e-01 
1.193000e-01 
2.216000e-01 
2.727000e-01 
1.875000e-01 
2.045000e-01 
4.318000e-01 
1.875000e-01 
1.364000e-01 
1.875000e-01 
5.795000e-01 
2.727000e-01 
4.602000e-01 
5.455000e-01 
1.875000e-01 
3.864000e-01 
2.727000e-01 
3.636000e-01 
7.045000e-01 
2.727000e-01 
1.534000e-01 
2.898000e-01 
1.818000e-01 
2.727000e-01 
1.875000e-01 
1.534000e-01 
7.159000e-01 
2.386000e-01 
4.091000e-01 
4.773000e-01 
4.091000e-01 
3.409000e-01 
3.750000e-01 
3.409000e-01 
5.455000e-01 
1.818000e-01 
5.114000e-01 
4.602000e-01 
1.364000e-01 
5.284000e-01 
2.386000e-01 
2.216000e-01 
3.239000e-01 
1.534000e-01 
4.773000e-01 
4.261000e-01 
1.591000e-01 
3.750000e-01 
3.409000e-01 
1.193000e-01 
6.136000e-01 
2.727000e-01 
2.898000e-01 
2.727000e-01 
1.875000e-01 
5.455000e-01 
1.875000e-01 
2.045000e-01 
4.602000e-01 
3.920000e-01 
2.386000e-01 
3.920000e-01 
3.182000e-01 
4.318000e-01 
4.091000e-01 
3.750000e-01 
7.500000e-01 
2.216000e-01 
1.364000e-01 
3.750000e-01 
3.750000e-01 
3.750000e-01 
3.068000e-01 
3.182000e-01 
2.898000e-01 
1.705000e-01 
1.705000e-01 
1.875000e-01 
2.557000e-01 
4.602000e-01 
2.727000e-01 
2.557000e-01 
1.705000e-01 
2.386000e-01 
2.898000e-01 
3.920000e-01 
3.239000e-01 
3.239000e-01 
2.727000e-01 
1.023000e-01 
3.580000e-01 
4.091000e-01 
1.193000e-01 
3.920000e-01 
4.091000e-01 
2.898000e-01 
2.898000e-01 
2.045000e-01 
2.273000e-01 
1.534000e-01 
3.068000e-01 
2.727000e-01 
3.920000e-01 
3.409000e-01 
2.898000e-01 
1.818000e-01 
3.409000e-01 
2.386000e-01 
1.193000e-01 
6.820000e-02 
3.068000e-01 
3.920000e-01 
2.045000e-01 
3.920000e-01 
3.580000e-01 
8.520000e-02 
4.261000e-01 
4.773000e-01 
8.520000e-02 
2.386000e-01 
6.820000e-02 
2.216000e-01 
6.989000e-01 
3.580000e-01 
2.557000e-01 
4.261000e-01 
2.273000e-01 
1.818000e-01 
1.705000e-01 
1.193000e-01 
1.534000e-01 
1.875000e-01 
8.520000e-02 
6.820000e-02 
2.898000e-01 
3.068000e-01 
1.193000e-01 
1.534000e-01 
1.023000e-01 
3.239000e-01 
2.045000e-01 
3.068000e-01 
2.898000e-01 
1.193000e-01 
1.023000e-01 
1.364000e-01 
4.602000e-01 
2.386000e-01 
2.727000e-01 
4.261000e-01 
5.114000e-01 
2.045000e-01 
1.534000e-01 
2.386000e-01 
2.045000e-01 
1.705000e-01 
4.261000e-01 
3.409000e-01 
1.364000e-01 
2.386000e-01 
1.193000e-01 
6.820000e-02 
2.045000e-01 
1.023000e-01 
1.534000e-01 
1.136000e-01 
3.409000e-01 
2.557000e-01 
2.045000e-01 
1.023000e-01 
5.110000e-02 
3.239000e-01 
2.270000e-02 
3.068000e-01 
1.875000e-01 
1.534000e-01 
2.557000e-01 
1.591000e-01 
2.216000e-01 
5.110000e-02 
4.550000e-02 
6.820000e-02 
8.520000e-02 
1.023000e-01 
1.534000e-01 
2.557000e-01 
2.955000e-01 
2.898000e-01 
7.045000e-01 
1.705000e-01 
4.091000e-01 
3.068000e-01 
4.550000e-02 
1.534000e-01 
6.820000e-02 
3.068000e-01 
3.068000e-01 
1.534000e-01 
3.068000e-01 
3.068000e-01 
9.090000e-02 
6.820000e-02 
2.045000e-01 
2.898000e-01 
2.386000e-01 
2.216000e-01 
2.557000e-01 
2.898000e-01 
6.136000e-01 
5.284000e-01 
1.364000e-01 
1.818000e-01 
1.534000e-01 
2.045000e-01 
