3.134000e-01 
5.970000e-02 
5.970000e-01 
4.179000e-01 
6.866000e-01 
7.612000e-01 
2.985000e-01 
1.940000e-01 
2.090000e-01 
2.090000e-01 
1 
7.612000e-01 
5.224000e-01 
6.866000e-01 
7.460000e-02 
2.239000e-01 
1.791000e-01 
1.045000e-01 
1.791000e-01 
1.493000e-01 
7.460000e-02 
8.960000e-02 
2.537000e-01 
2.090000e-01 
1.940000e-01 
1.194000e-01 
8.960000e-02 
1.493000e-01 
1.343000e-01 
7.460000e-02 
2.985000e-01 
1.791000e-01 
1.642000e-01 
3.881000e-01 
2.090000e-01 
3.134000e-01 
8.960000e-02 
1.493000e-01 
2.239000e-01 
1.493000e-01 
1.493000e-01 
5.970000e-01 
2.388000e-01 
1.940000e-01 
1.343000e-01 
8.960000e-02 
1.194000e-01 
1.493000e-01 
4.328000e-01 
8.806000e-01 
4.328000e-01 
7.460000e-02 
1.493000e-01 
8.960000e-02 
1.940000e-01 
5.970000e-01 
5.970000e-01 
1.194000e-01 
2.990000e-02 
2.388000e-01 
4.925000e-01 
5.373000e-01 
2.985000e-01 
7.460000e-02 
1.045000e-01 
2.239000e-01 
2.687000e-01 
1.642000e-01 
2.388000e-01 
1.940000e-01 
1.045000e-01 
2.687000e-01 
5.970000e-02 
7.460000e-02 
1.045000e-01 
7.460000e-02 
7.460000e-02 
4.480000e-02 
7.460000e-02 
5.970000e-02 
4.480000e-02 
6.567000e-01 
2.985000e-01 
2.687000e-01 
4.328000e-01 
7.460000e-02 
2.090000e-01 
5.970000e-02 
2.990000e-02 
2.990000e-02 
1.343000e-01 
4.179000e-01 
4.925000e-01 
4.030000e-01 
1.642000e-01 
8.960000e-02 
1.493000e-01 
4.627000e-01 
4.480000e-02 
2.239000e-01 
1.791000e-01 
8.960000e-02 
1.343000e-01 
1.343000e-01 
1.642000e-01 
3.134000e-01 
8.960000e-02 
1.642000e-01 
1.791000e-01 
1.194000e-01 
7.460000e-02 
8.960000e-02 
1.194000e-01 
1.940000e-01 
1.642000e-01 
3.433000e-01 
1.045000e-01 
7.460000e-02 
1.343000e-01 
1.493000e-01 
4.480000e-02 
1.642000e-01 
1.493000e-01 
5.373000e-01 
5.970000e-02 
7.460000e-02 
8.960000e-02 
1.343000e-01 
1.642000e-01 
1.343000e-01 
8.960000e-02 
2.090000e-01 
4.480000e-02 
5.970000e-02 
2.990000e-02 
2.537000e-01 
1.045000e-01 
2.239000e-01 
5.970000e-02 
2.388000e-01 
1.045000e-01 
4.480000e-02 
5.970000e-02 
1.791000e-01 
1.045000e-01 
2.687000e-01 
4.480000e-02 
2.090000e-01 
5.970000e-02 
4.480000e-02 
1.343000e-01 
1.343000e-01 
1.194000e-01 
2.687000e-01 
2.990000e-02 
8.960000e-02 
7.460000e-02 
4.480000e-02 
3.731000e-01 
3.433000e-01 
4.480000e-02 
4.776000e-01 
3.134000e-01 
3.134000e-01 
8.060000e-01 
2.239000e-01 
2.687000e-01 
2.836000e-01 
5.970000e-02 
4.480000e-02 
7.460000e-02 
7.460000e-02 
4.776000e-01 
7.460000e-02 
2.239000e-01 
8.960000e-02 
5.970000e-02 
4.030000e-01 
3.582000e-01 
2.090000e-01 
4.776000e-01 
2.388000e-01 
1.343000e-01 
1.642000e-01 
2.990000e-02 
1.940000e-01 
1.791000e-01 
2.836000e-01 
5.672000e-01 
2.388000e-01 
1.343000e-01 
1.642000e-01 
4.480000e-02 
2.537000e-01 
2.388000e-01 
1.045000e-01 
2.985000e-01 
1.343000e-01 
1.194000e-01 
3.284000e-01 
1.045000e-01 
5.970000e-02 
8.960000e-02 
2.090000e-01 
4.179000e-01 
1.045000e-01 
2.239000e-01 
1.642000e-01 
5.970000e-02 
1.490000e-02 
1.343000e-01 
7.460000e-02 
2.090000e-01 
1.194000e-01 
5.970000e-02 
1.940000e-01 
4.480000e-02 
1.343000e-01 
1.194000e-01 
4.480000e-02 
1.642000e-01 
1.493000e-01 
2.836000e-01 
2.687000e-01 
1.045000e-01 
8.960000e-02 
2.990000e-02 
1.493000e-01 
1.791000e-01 
1.940000e-01 
1.045000e-01 
2.090000e-01 
1.343000e-01 
5.970000e-02 
2.990000e-02 
1.642000e-01 
1.045000e-01 
7.460000e-02 
1.194000e-01 
2.388000e-01 
5.970000e-02 
1.045000e-01 
1.045000e-01 
2.090000e-01 
4.480000e-02 
1.791000e-01 
1.490000e-02 
5.970000e-02 
4.480000e-02 
2.990000e-02 
5.970000e-02 
1.940000e-01 
2.990000e-02 
2.990000e-02 
1.490000e-02 
1.194000e-01 
7.460000e-02 
2.537000e-01 
8.960000e-02 
1.194000e-01 
7.460000e-02 
5.970000e-02 
4.480000e-02 
4.480000e-02 
2.990000e-02 
1.642000e-01 
1.045000e-01 
2.537000e-01 
1.343000e-01 
7.460000e-02 
5.970000e-02 
7.460000e-02 
0 
7.460000e-02 
3.134000e-01 
3.134000e-01 
6.418000e-01 
2.537000e-01 
4.480000e-02 
1.642000e-01 
8.960000e-02 
2.239000e-01 
4.480000e-02 
1.194000e-01 
8.960000e-02 
2.990000e-02 
1.493000e-01 
1.045000e-01 
5.970000e-02 
1.045000e-01 
1.045000e-01 
1.493000e-01 
1.194000e-01 
5.970000e-02 
5.970000e-02 
2.239000e-01 
7.460000e-02 
0 
5.970000e-02 
7.460000e-02 
2.687000e-01 
2.687000e-01 
7.460000e-02 
8.960000e-02 
1.490000e-02 
1.642000e-01 
0 
2.990000e-02 
4.480000e-02 
2.090000e-01 
1.490000e-02 
1.045000e-01 
1.194000e-01 
1.194000e-01 
0 
2.990000e-02 
2.990000e-02 
7.460000e-02 
7.460000e-02 
8.960000e-02 
5.970000e-02 
7.460000e-02 
5.970000e-02 
7.460000e-02 
2.990000e-02 
2.990000e-02 
8.960000e-02 
5.970000e-02 
7.460000e-02 
2.239000e-01 
1.045000e-01 
2.537000e-01 
5.970000e-02 
5.970000e-02 
2.990000e-02 
2.388000e-01 
5.970000e-02 
1.493000e-01 
5.970000e-02 
1.194000e-01 
2.990000e-02 
1.045000e-01 
7.460000e-02 
1.490000e-02 
1.490000e-02 
2.388000e-01 
8.960000e-02 
1.642000e-01 
8.960000e-02 
2.090000e-01 
4.480000e-02 
1.493000e-01 
2.990000e-02 
1.493000e-01 
5.970000e-02 
1.045000e-01 
1.045000e-01 
2.239000e-01 
1.493000e-01 
2.239000e-01 
1.343000e-01 
1.940000e-01 
