1.111000e-01 
0 
1.230000e-02 
1.230000e-02 
3.457000e-01 
1.481000e-01 
7.410000e-02 
2.222000e-01 
9.880000e-02 
1.980000e-02 
2.470000e-02 
0 
1.111000e-01 
1.235000e-01 
9.900000e-03 
6.170000e-02 
3.827000e-01 
0 
0 
2.470000e-02 
2.840000e-01 
1.481000e-01 
0 
3.700000e-02 
3.700000e-02 
3.950000e-02 
0 
0 
8.640000e-02 
1.605000e-01 
1.230000e-02 
1.111000e-01 
8.890000e-02 
2.470000e-02 
6.321000e-01 
3.062000e-01 
6.170000e-02 
3.700000e-02 
0 
2.470000e-02 
0 
1.980000e-02 
2.222000e-01 
6.170000e-02 
0 
0 
2.470000e-02 
2.840000e-01 
2.222000e-01 
2.470000e-02 
1.975000e-01 
4.940000e-02 
6.170000e-02 
3.950000e-02 
9.900000e-03 
3.700000e-02 
2.716000e-01 
1.852000e-01 
0 
0 
0 
4.940000e-02 
1.230000e-02 
3.210000e-01 
6.173000e-01 
5.930000e-02 
1.580000e-01 
1 
2.716000e-01 
0 
0 
6.170000e-02 
1.230000e-02 
1.230000e-02 
1.230000e-02 
4.940000e-02 
9.880000e-02 
6.170000e-02 
2.470000e-02 
2.099000e-01 
2.963000e-01 
1.230000e-02 
1.980000e-02 
2.469000e-01 
9.880000e-02 
6.170000e-02 
0 
8.640000e-02 
6.049000e-01 
2.716000e-01 
0 
1.230000e-02 
1.852000e-01 
1.111000e-01 
0 
2.470000e-02 
3.700000e-02 
1.358000e-01 
1.358000e-01 
6.910000e-02 
1.728000e-01 
1.111000e-01 
9.900000e-03 
3.700000e-02 
7.410000e-02 
4.940000e-02 
3.700000e-02 
3.700000e-02 
3.062000e-01 
4.940000e-02 
1.230000e-02 
1.852000e-01 
3.700000e-02 
1.852000e-01 
1.111000e-01 
0 
7.410000e-02 
3.700000e-02 
1.980000e-02 
1.980000e-02 
0 
6.910000e-02 
1.235000e-01 
9.880000e-02 
2.346000e-01 
2.960000e-02 
1.230000e-02 
0 
9.880000e-02 
2.960000e-02 
1.230000e-02 
0 
1.481000e-01 
3.700000e-02 
1.230000e-02 
0 
0 
0 
9.900000e-03 
0 
1.728000e-01 
0 
0 
1.230000e-02 
2.470000e-02 
8.640000e-02 
2.099000e-01 
0 
4.940000e-02 
2.960000e-02 
0 
1.230000e-02 
3.700000e-02 
1.230000e-02 
1.230000e-02 
0 
3.950000e-02 
1.980000e-02 
0 
1.111000e-01 
5.185000e-01 
0 
1.481000e-01 
7.410000e-02 
1.111000e-01 
4.568000e-01 
2.470000e-02 
7.410000e-02 
4.940000e-02 
0 
1.086000e-01 
6.170000e-02 
1.605000e-01 
2.469000e-01 
2.470000e-02 
2.099000e-01 
1.605000e-01 
0 
2.470000e-02 
1.230000e-02 
0 
4.444000e-01 
0 
4.940000e-02 
4.321000e-01 
0 
1.980000e-02 
1.605000e-01 
0 
1.728000e-01 
0 
1.111000e-01 
3.259000e-01 
1.230000e-02 
3.700000e-02 
0 
0 
1.235000e-01 
1.980000e-02 
2.470000e-02 
9.880000e-02 
2.470000e-02 
1.852000e-01 
1.111000e-01 
6.170000e-02 
9.880000e-02 
0 
2.470000e-02 
4.940000e-02 
1.230000e-02 
3.700000e-02 
1.980000e-02 
3.700000e-02 
2.716000e-01 
0 
2.470000e-02 
2.470000e-02 
9.900000e-03 
2.470000e-02 
0 
0 
2.470000e-02 
1.975000e-01 
9.880000e-02 
1.605000e-01 
4.940000e-02 
9.880000e-02 
1.358000e-01 
1.975000e-01 
0 
2.470000e-02 
6.170000e-02 
3.700000e-02 
8.640000e-02 
1.235000e-01 
7.410000e-02 
1.111000e-01 
7.410000e-02 
6.170000e-02 
1.230000e-02 
0 
1.230000e-02 
0 
4.940000e-02 
6.170000e-02 
0 
4.940000e-02 
1.230000e-02 
2.470000e-02 
0 
2.469000e-01 
1.980000e-02 
0 
0 
0 
0 
0 
0 
0 
7.410000e-02 
2.469000e-01 
9.880000e-02 
1.230000e-02 
3.700000e-02 
4.940000e-02 
1.230000e-02 
0 
0 
3.700000e-02 
0 
1.230000e-02 
6.170000e-02 
2.346000e-01 
0 
3.700000e-02 
3.700000e-02 
1.980000e-02 
1.358000e-01 
0 
0 
0 
0 
0 
0 
8.890000e-02 
3.700000e-02 
0 
1.230000e-02 
0 
0 
2.470000e-02 
0 
0 
1.230000e-02 
0 
6.170000e-02 
2.470000e-02 
0 
2.470000e-02 
1.230000e-02 
0 
3.700000e-02 
2.470000e-02 
2.470000e-02 
1.230000e-02 
0 
3.700000e-02 
4.940000e-02 
2.470000e-02 
1.230000e-02 
9.900000e-03 
0 
0 
0 
0 
0 
0 
0 
2.960000e-02 
1.230000e-02 
0 
0 
0 
3.700000e-02 
1.728000e-01 
0 
0 
0 
0 
9.900000e-03 
0 
0 
0 
0 
4.940000e-02 
1.230000e-02 
1.111000e-01 
0 
8.640000e-02 
2.470000e-02 
1.230000e-02 
1.230000e-02 
0 
0 
1.605000e-01 
1.230000e-02 
1.230000e-02 
0 
0 
0 
1.230000e-02 
6.170000e-02 
1.852000e-01 
0 
1.358000e-01 
3.700000e-02 
2.222000e-01 
0 
0 
0 
1.980000e-02 
7.410000e-02 
