5.455000e-01 
1.300000e-02 
1.818000e-01 
1.948000e-01 
9.610000e-01 
2.857000e-01 
1.688000e-01 
4.675000e-01 
4.286000e-01 
4.935000e-01 
2.597000e-01 
1.169000e-01 
2.727000e-01 
2.857000e-01 
1.429000e-01 
1.688000e-01 
4.416000e-01 
1.818000e-01 
1.039000e-01 
1.558000e-01 
4.805000e-01 
2.078000e-01 
1.948000e-01 
1.688000e-01 
1.948000e-01 
3.247000e-01 
5.190000e-02 
1.169000e-01 
4.286000e-01 
2.338000e-01 
9.090000e-02 
4.805000e-01 
8.312000e-01 
6.490000e-02 
3.766000e-01 
4.286000e-01 
2.208000e-01 
1.169000e-01 
1.039000e-01 
2.857000e-01 
3.377000e-01 
3.766000e-01 
3.896000e-01 
4.026000e-01 
1.948000e-01 
2.597000e-01 
1.169000e-01 
2.727000e-01 
7.273000e-01 
1.429000e-01 
5.065000e-01 
4.935000e-01 
3.117000e-01 
2.468000e-01 
5.584000e-01 
4.286000e-01 
5.195000e-01 
2.987000e-01 
1.688000e-01 
1.039000e-01 
1.299000e-01 
3.636000e-01 
1.429000e-01 
2.597000e-01 
6.234000e-01 
2.727000e-01 
2.727000e-01 
4.156000e-01 
1.818000e-01 
1.169000e-01 
1.299000e-01 
3.636000e-01 
2.987000e-01 
4.156000e-01 
2.338000e-01 
1.169000e-01 
6.623000e-01 
1.299000e-01 
1.558000e-01 
2.857000e-01 
6.883000e-01 
1.948000e-01 
2.727000e-01 
1.299000e-01 
6.104000e-01 
3.506000e-01 
7.013000e-01 
2.338000e-01 
2.208000e-01 
1.558000e-01 
1.429000e-01 
2.208000e-01 
3.896000e-01 
5.325000e-01 
7.790000e-02 
1.039000e-01 
8.442000e-01 
2.078000e-01 
9.610000e-01 
1.688000e-01 
6.494000e-01 
1.039000e-01 
6.490000e-02 
5.190000e-02 
8.701000e-01 
9.090000e-02 
2.727000e-01 
1.039000e-01 
6.104000e-01 
2.208000e-01 
1.558000e-01 
1.299000e-01 
5.844000e-01 
7.790000e-02 
4.675000e-01 
7.790000e-02 
7.273000e-01 
2.987000e-01 
1.429000e-01 
1.818000e-01 
3.506000e-01 
1.169000e-01 
7.013000e-01 
7.790000e-02 
3.636000e-01 
2.338000e-01 
1.299000e-01 
6.490000e-02 
6.753000e-01 
5.190000e-02 
3.896000e-01 
2.338000e-01 
6.234000e-01 
2.338000e-01 
7.790000e-02 
2.468000e-01 
5.065000e-01 
2.597000e-01 
2.338000e-01 
1.818000e-01 
8.961000e-01 
1.039000e-01 
9.090000e-02 
1.429000e-01 
3.506000e-01 
1.558000e-01 
6.883000e-01 
2.600000e-02 
4.026000e-01 
1.558000e-01 
6.490000e-02 
2.597000e-01 
4.935000e-01 
4.416000e-01 
3.506000e-01 
7.790000e-02 
4.156000e-01 
1.818000e-01 
4.805000e-01 
2.078000e-01 
2.727000e-01 
1.948000e-01 
1.948000e-01 
4.156000e-01 
1.039000e-01 
5.455000e-01 
2.338000e-01 
2.208000e-01 
6.623000e-01 
4.286000e-01 
1.688000e-01 
4.286000e-01 
6.490000e-02 
5.974000e-01 
3.117000e-01 
3.506000e-01 
3.636000e-01 
2.857000e-01 
1.169000e-01 
5.065000e-01 
2.078000e-01 
6.104000e-01 
7.403000e-01 
2.208000e-01 
3.896000e-01 
2.208000e-01 
1.429000e-01 
7.792000e-01 
1.688000e-01 
4.935000e-01 
7.532000e-01 
1.818000e-01 
5.455000e-01 
1.169000e-01 
1.039000e-01 
5.325000e-01 
1.948000e-01 
6.104000e-01 
6.364000e-01 
9.090000e-02 
6.104000e-01 
5.974000e-01 
1.948000e-01 
4.805000e-01 
2.597000e-01 
2.338000e-01 
2.338000e-01 
1.169000e-01 
3.506000e-01 
8.571000e-01 
2.857000e-01 
5.844000e-01 
2.987000e-01 
6.364000e-01 
1 
2.727000e-01 
1.299000e-01 
4.675000e-01 
2.857000e-01 
5.455000e-01 
1.948000e-01 
3.506000e-01 
6.104000e-01 
9.090000e-02 
8.182000e-01 
9.090000e-02 
5.195000e-01 
1.039000e-01 
5.455000e-01 
2.727000e-01 
4.156000e-01 
1.039000e-01 
2.727000e-01 
1.169000e-01 
8.312000e-01 
6.490000e-02 
6.623000e-01 
9.090000e-02 
4.156000e-01 
7.790000e-02 
2.987000e-01 
4.026000e-01 
3.377000e-01 
2.468000e-01 
4.416000e-01 
1.429000e-01 
4.286000e-01 
3.896000e-01 
4.026000e-01 
1.299000e-01 
6.753000e-01 
1.300000e-02 
5.065000e-01 
2.857000e-01 
1.039000e-01 
2.468000e-01 
9.090000e-02 
7.790000e-02 
2.078000e-01 
1.169000e-01 
4.675000e-01 
1.818000e-01 
1.299000e-01 
9.090000e-02 
7.013000e-01 
1.039000e-01 
1.558000e-01 
5.190000e-02 
6.104000e-01 
1.818000e-01 
8.442000e-01 
1.429000e-01 
2.468000e-01 
1.948000e-01 
3.377000e-01 
5.190000e-02 
6.490000e-02 
4.286000e-01 
5.190000e-02 
9.090000e-02 
6.490000e-02 
3.900000e-02 
3.766000e-01 
2.987000e-01 
2.208000e-01 
1.299000e-01 
5.190000e-02 
1.169000e-01 
5.844000e-01 
2.987000e-01 
9.090000e-02 
3.900000e-02 
1.169000e-01 
1.818000e-01 
5.065000e-01 
3.506000e-01 
1.818000e-01 
8.312000e-01 
1.299000e-01 
7.790000e-02 
2.600000e-02 
1.688000e-01 
4.675000e-01 
3.117000e-01 
2.987000e-01 
4.416000e-01 
3.896000e-01 
4.026000e-01 
6.490000e-02 
3.900000e-02 
2.338000e-01 
3.247000e-01 
1.299000e-01 
6.490000e-02 
4.675000e-01 
2.987000e-01 
5.190000e-02 
7.790000e-02 
7.790000e-02 
7.790000e-02 
3.900000e-02 
5.190000e-02 
5.455000e-01 
1.688000e-01 
4.675000e-01 
3.247000e-01 
1.169000e-01 
7.790000e-02 
1.300000e-02 
5.190000e-02 
7.790000e-02 
1.039000e-01 
2.208000e-01 
1.299000e-01 
2.338000e-01 
1.558000e-01 
8.442000e-01 
1.429000e-01 
7.403000e-01 
2.078000e-01 
7.790000e-02 
7.790000e-02 
2.338000e-01 
7.790000e-02 
4.805000e-01 
2.208000e-01 
1.169000e-01 
5.190000e-02 
7.790000e-02 
3.900000e-02 
1.169000e-01 
1.039000e-01 
6.753000e-01 
1.299000e-01 
5.455000e-01 
5.190000e-02 
6.104000e-01 
9.090000e-02 
9.090000e-02 
1.299000e-01 
1.558000e-01 
1.299000e-01 
