3.950000e-02 
3.684000e-01 
2.630000e-02 
2.630000e-02 
1.053000e-01 
9.210000e-02 
2.630000e-02 
1.320000e-02 
6.580000e-02 
1.053000e-01 
1.316000e-01 
2.105000e-01 
1.184000e-01 
3.158000e-01 
2.630000e-02 
3.950000e-02 
1.053000e-01 
1.579000e-01 
1.447000e-01 
1.316000e-01 
7.890000e-02 
2.763000e-01 
7.890000e-02 
1.184000e-01 
1.711000e-01 
3.158000e-01 
2.105000e-01 
3.158000e-01 
2.763000e-01 
1.974000e-01 
2.630000e-02 
6.580000e-02 
5.260000e-02 
7.890000e-02 
1.320000e-02 
3.950000e-02 
9.210000e-02 
3.950000e-02 
1.316000e-01 
2.105000e-01 
4.474000e-01 
4.474000e-01 
7.890000e-02 
1.053000e-01 
2.632000e-01 
1.053000e-01 
2.105000e-01 
1.320000e-02 
4.342000e-01 
9.210000e-02 
9.210000e-02 
3.950000e-02 
1.053000e-01 
3.950000e-02 
7.890000e-02 
1.579000e-01 
6.580000e-02 
2.630000e-02 
3.026000e-01 
1.053000e-01 
1.184000e-01 
1.842000e-01 
5.260000e-02 
6.580000e-02 
1.320000e-02 
5.260000e-02 
1.320000e-02 
1.320000e-02 
0 
3.950000e-02 
7.890000e-02 
2.763000e-01 
1.711000e-01 
7.105000e-01 
2.105000e-01 
7.890000e-02 
1.842000e-01 
4.079000e-01 
3.950000e-02 
1.320000e-02 
1.711000e-01 
1.316000e-01 
3.950000e-02 
5.260000e-02 
9.210000e-02 
1.053000e-01 
7.890000e-02 
1.320000e-02 
0 
5.260000e-02 
2.895000e-01 
1.053000e-01 
6.580000e-02 
2.630000e-02 
2.500000e-01 
2.763000e-01 
2.105000e-01 
1.842000e-01 
5.260000e-02 
3.947000e-01 
2.632000e-01 
1.711000e-01 
6.974000e-01 
1.053000e-01 
4.605000e-01 
3.553000e-01 
5.260000e-02 
5.263000e-01 
3.816000e-01 
1.447000e-01 
4.737000e-01 
7.890000e-02 
2.368000e-01 
2.895000e-01 
2.895000e-01 
4.342000e-01 
3.158000e-01 
2.763000e-01 
3.421000e-01 
3.026000e-01 
1.447000e-01 
3.421000e-01 
1.579000e-01 
5.000000e-01 
3.816000e-01 
1.711000e-01 
5.263000e-01 
1.447000e-01 
5.789000e-01 
3.158000e-01 
2.105000e-01 
7.500000e-01 
3.289000e-01 
2.105000e-01 
7.632000e-01 
2.632000e-01 
4.211000e-01 
8.553000e-01 
1.579000e-01 
4.211000e-01 
5.000000e-01 
1.447000e-01 
4.737000e-01 
3.158000e-01 
3.553000e-01 
3.158000e-01 
3.684000e-01 
7.895000e-01 
3.289000e-01 
2.763000e-01 
5.789000e-01 
4.211000e-01 
6.711000e-01 
5.658000e-01 
4.605000e-01 
6.053000e-01 
5.000000e-01 
2.632000e-01 
9.210000e-02 
1.053000e-01 
3.950000e-02 
3.684000e-01 
1.579000e-01 
3.950000e-02 
2.500000e-01 
1.320000e-02 
2.368000e-01 
2.368000e-01 
1.320000e-02 
2.500000e-01 
9.210000e-02 
6.580000e-02 
2.632000e-01 
1.316000e-01 
5.526000e-01 
4.605000e-01 
3.950000e-02 
3.421000e-01 
5.263000e-01 
6.580000e-02 
3.158000e-01 
6.580000e-02 
2.105000e-01 
9.210000e-02 
2.630000e-02 
3.947000e-01 
1.711000e-01 
1.447000e-01 
3.026000e-01 
2.105000e-01 
4.079000e-01 
5.000000e-01 
7.890000e-02 
4.605000e-01 
3.947000e-01 
3.158000e-01 
7.105000e-01 
2.632000e-01 
6.053000e-01 
3.553000e-01 
3.950000e-02 
4.342000e-01 
2.763000e-01 
2.632000e-01 
6.579000e-01 
1.711000e-01 
3.816000e-01 
4.342000e-01 
6.580000e-02 
6.974000e-01 
3.684000e-01 
1.579000e-01 
7.895000e-01 
1.711000e-01 
8.684000e-01 
6.711000e-01 
7.890000e-02 
9.737000e-01 
3.421000e-01 
4.605000e-01 
1 
3.026000e-01 
2.237000e-01 
2.105000e-01 
2.763000e-01 
1.447000e-01 
4.605000e-01 
1.184000e-01 
3.421000e-01 
4.342000e-01 
2.632000e-01 
2.895000e-01 
2.500000e-01 
3.684000e-01 
2.632000e-01 
4.211000e-01 
3.553000e-01 
1.579000e-01 
6.842000e-01 
4.737000e-01 
4.605000e-01 
7.237000e-01 
2.237000e-01 
4.868000e-01 
5.921000e-01 
7.632000e-01 
2.105000e-01 
6.711000e-01 
5.000000e-01 
2.500000e-01 
5.921000e-01 
3.421000e-01 
6.711000e-01 
5.658000e-01 
6.316000e-01 
3.816000e-01 
2.237000e-01 
4.605000e-01 
9.210000e-02 
5.395000e-01 
2.237000e-01 
3.553000e-01 
4.079000e-01 
1.711000e-01 
5.789000e-01 
5.132000e-01 
2.500000e-01 
1.842000e-01 
5.921000e-01 
1.579000e-01 
4.342000e-01 
2.105000e-01 
2.237000e-01 
6.974000e-01 
4.342000e-01 
2.105000e-01 
4.868000e-01 
2.237000e-01 
4.342000e-01 
3.289000e-01 
6.184000e-01 
3.816000e-01 
2.500000e-01 
6.447000e-01 
3.947000e-01 
1.842000e-01 
5.132000e-01 
1.711000e-01 
8.289000e-01 
5.658000e-01 
1.184000e-01 
3.289000e-01 
4.474000e-01 
2.763000e-01 
7.105000e-01 
3.684000e-01 
9.210000e-02 
6.184000e-01 
4.737000e-01 
1.974000e-01 
7.368000e-01 
3.816000e-01 
3.684000e-01 
4.868000e-01 
5.526000e-01 
4.868000e-01 
5.658000e-01 
6.579000e-01 
4.868000e-01 
4.868000e-01 
6.447000e-01 
4.474000e-01 
5.395000e-01 
5.395000e-01 
5.263000e-01 
6.316000e-01 
3.816000e-01 
4.868000e-01 
5.658000e-01 
4.211000e-01 
6.974000e-01 
2.895000e-01 
3.158000e-01 
6.316000e-01 
4.474000e-01 
5.395000e-01 
5.395000e-01 
4.211000e-01 
4.474000e-01 
3.947000e-01 
4.079000e-01 
3.421000e-01 
4.737000e-01 
5.132000e-01 
1.842000e-01 
3.553000e-01 
8.421000e-01 
3.026000e-01 
5.658000e-01 
4.737000e-01 
2.895000e-01 
5.395000e-01 
2.895000e-01 
2.368000e-01 
5.000000e-01 
3.947000e-01 
5.000000e-01 
4.737000e-01 
3.947000e-01 
5.132000e-01 
2.368000e-01 
5.263000e-01 
3.026000e-01 
2.632000e-01 
3.026000e-01 
2.105000e-01 
8.158000e-01 
5.132000e-01 
4.605000e-01 
3.421000e-01 
3.026000e-01 
3.684000e-01 
