6.500000e-01 
6.000000e-01 
3.333000e-01 
5.500000e-01 
2.667000e-01 
5.833000e-01 
4.833000e-01 
5.500000e-01 
3.667000e-01 
5.333000e-01 
8.667000e-01 
5.500000e-01 
3.667000e-01 
5.500000e-01 
4.333000e-01 
6.000000e-01 
4.333000e-01 
4.500000e-01 
5.333000e-01 
5.000000e-01 
3.333000e-01 
5.167000e-01 
3.833000e-01 
4.167000e-01 
8.000000e-01 
6.500000e-01 
6.500000e-01 
3.667000e-01 
3.000000e-01 
7.833000e-01 
2.333000e-01 
1 
8.330000e-02 
5.000000e-01 
8.330000e-02 
6.333000e-01 
3.833000e-01 
3.833000e-01 
5.667000e-01 
6.333000e-01 
6.667000e-01 
5.333000e-01 
5.000000e-01 
5.833000e-01 
8.333000e-01 
5.833000e-01 
4.167000e-01 
3.500000e-01 
7.167000e-01 
3.833000e-01 
3.167000e-01 
6.833000e-01 
8.667000e-01 
4.500000e-01 
3.167000e-01 
3.833000e-01 
4.333000e-01 
4.333000e-01 
2.000000e-01 
3.667000e-01 
6.833000e-01 
6.333000e-01 
3.000000e-01 
5.667000e-01 
6.667000e-01 
2.333000e-01 
2.000000e-01 
4.333000e-01 
3.667000e-01 
3.167000e-01 
1 
2.833000e-01 
2.667000e-01 
8.167000e-01 
6.500000e-01 
2.167000e-01 
5.667000e-01 
6.500000e-01 
1.500000e-01 
2.667000e-01 
2.833000e-01 
6.833000e-01 
1.167000e-01 
6.833000e-01 
7.167000e-01 
6.833000e-01 
1.833000e-01 
6.333000e-01 
2.833000e-01 
3.333000e-01 
3.667000e-01 
7.500000e-01 
5.667000e-01 
5.500000e-01 
5.000000e-01 
2.500000e-01 
1.333000e-01 
4.500000e-01 
1.167000e-01 
6.333000e-01 
2.667000e-01 
4.167000e-01 
4.500000e-01 
2.500000e-01 
5.000000e-01 
5.333000e-01 
1.500000e-01 
6.833000e-01 
6.667000e-01 
2.500000e-01 
6.667000e-01 
3.500000e-01 
1.500000e-01 
6.167000e-01 
4.500000e-01 
6.667000e-01 
2.167000e-01 
3.833000e-01 
3.833000e-01 
3.167000e-01 
1.000000e-01 
6.500000e-01 
1.833000e-01 
6.833000e-01 
1.833000e-01 
2.667000e-01 
5.500000e-01 
3.667000e-01 
6.167000e-01 
7.167000e-01 
4.500000e-01 
6.167000e-01 
6.667000e-01 
4.667000e-01 
5.833000e-01 
4.500000e-01 
8.333000e-01 
6.167000e-01 
2.000000e-01 
6.667000e-01 
5.833000e-01 
2.833000e-01 
7.167000e-01 
4.667000e-01 
1.000000e-01 
7.833000e-01 
7.500000e-01 
6.167000e-01 
3.167000e-01 
4.333000e-01 
6.167000e-01 
6.167000e-01 
5.667000e-01 
6.167000e-01 
6.000000e-01 
5.833000e-01 
5.167000e-01 
3.333000e-01 
5.000000e-02 
5.333000e-01 
1.167000e-01 
1.500000e-01 
4.667000e-01 
1.167000e-01 
8.167000e-01 
2.333000e-01 
6.833000e-01 
2.500000e-01 
2.000000e-01 
2.333000e-01 
7.333000e-01 
3.330000e-02 
7.667000e-01 
1.333000e-01 
1.167000e-01 
4.500000e-01 
1.833000e-01 
4.500000e-01 
1.500000e-01 
6.670000e-02 
6.833000e-01 
6.667000e-01 
2.667000e-01 
8.167000e-01 
1.667000e-01 
1.833000e-01 
2.000000e-01 
5.333000e-01 
6.333000e-01 
1.667000e-01 
2.833000e-01 
8.833000e-01 
2.167000e-01 
2.667000e-01 
3.833000e-01 
5.333000e-01 
8.333000e-01 
4.333000e-01 
5.833000e-01 
9.333000e-01 
2.833000e-01 
2.167000e-01 
7.667000e-01 
5.167000e-01 
3.833000e-01 
2.500000e-01 
5.333000e-01 
1.333000e-01 
3.667000e-01 
5.167000e-01 
4.167000e-01 
8.330000e-02 
7.000000e-01 
6.500000e-01 
5.833000e-01 
5.500000e-01 
1.333000e-01 
4.833000e-01 
5.500000e-01 
6.333000e-01 
7.833000e-01 
4.333000e-01 
8.330000e-02 
6.167000e-01 
2.000000e-01 
6.000000e-01 
6.670000e-02 
4.000000e-01 
4.500000e-01 
5.833000e-01 
1.000000e-01 
6.333000e-01 
1.333000e-01 
6.000000e-01 
6.500000e-01 
2.167000e-01 
2.167000e-01 
5.167000e-01 
4.167000e-01 
6.500000e-01 
5.000000e-01 
6.000000e-01 
1.833000e-01 
6.833000e-01 
5.500000e-01 
4.833000e-01 
5.667000e-01 
6.667000e-01 
1.500000e-01 
6.500000e-01 
6.000000e-01 
5.667000e-01 
4.667000e-01 
7.667000e-01 
4.333000e-01 
4.833000e-01 
2.500000e-01 
3.500000e-01 
2.000000e-01 
9.167000e-01 
7.333000e-01 
3.500000e-01 
3.333000e-01 
2.000000e-01 
4.500000e-01 
6.000000e-01 
4.833000e-01 
4.333000e-01 
6.500000e-01 
6.000000e-01 
1.333000e-01 
7.833000e-01 
1.000000e-01 
4.500000e-01 
4.000000e-01 
3.667000e-01 
5.833000e-01 
3.833000e-01 
6.167000e-01 
5.667000e-01 
2.833000e-01 
5.500000e-01 
6.667000e-01 
8.333000e-01 
4.333000e-01 
2.667000e-01 
6.333000e-01 
3.833000e-01 
5.167000e-01 
4.667000e-01 
2.667000e-01 
4.333000e-01 
8.333000e-01 
6.333000e-01 
5.167000e-01 
4.833000e-01 
4.000000e-01 
3.667000e-01 
8.333000e-01 
1.667000e-01 
5.167000e-01 
6.333000e-01 
5.833000e-01 
5.000000e-01 
6.500000e-01 
4.167000e-01 
6.167000e-01 
6.500000e-01 
3.500000e-01 
2.833000e-01 
6.333000e-01 
7.500000e-01 
4.667000e-01 
5.167000e-01 
8.000000e-01 
6.333000e-01 
3.500000e-01 
4.167000e-01 
6.333000e-01 
7.000000e-01 
3.833000e-01 
6.667000e-01 
8.667000e-01 
5.667000e-01 
4.000000e-01 
6.167000e-01 
4.833000e-01 
3.833000e-01 
3.667000e-01 
3.833000e-01 
2.833000e-01 
5.000000e-01 
4.167000e-01 
4.333000e-01 
6.670000e-02 
6.000000e-01 
6.833000e-01 
4.333000e-01 
6.333000e-01 
8.167000e-01 
2.833000e-01 
3.333000e-01 
3.000000e-01 
5.500000e-01 
5.000000e-01 
3.833000e-01 
3.000000e-01 
3.167000e-01 
5.833000e-01 
4.833000e-01 
2.167000e-01 
8.000000e-01 
5.167000e-01 
5.833000e-01 
1.667000e-01 
4.167000e-01 
4.333000e-01 
6.000000e-01 
3.000000e-01 
4.667000e-01 
1.667000e-01 
6.500000e-01 
