6.087000e-01 
1.304000e-01 
2.319000e-01 
1.304000e-01 
5.217000e-01 
4.348000e-01 
6.522000e-01 
1.884000e-01 
8.700000e-02 
1.884000e-01 
1.449000e-01 
8.700000e-02 
4.058000e-01 
2.319000e-01 
1.739000e-01 
1.450000e-02 
1.159000e-01 
3.043000e-01 
1.594000e-01 
4.350000e-02 
1.159000e-01 
1.884000e-01 
4.350000e-02 
1.450000e-02 
2.174000e-01 
3.188000e-01 
1.449000e-01 
4.350000e-02 
1.159000e-01 
1.304000e-01 
0 
7.246000e-01 
6.232000e-01 
3.333000e-01 
3.333000e-01 
1.594000e-01 
5.072000e-01 
2.029000e-01 
8.700000e-02 
4.638000e-01 
4.493000e-01 
2.754000e-01 
6.522000e-01 
3.913000e-01 
3.913000e-01 
3.188000e-01 
0 
2.609000e-01 
3.913000e-01 
3.188000e-01 
4.348000e-01 
1.304000e-01 
2.609000e-01 
3.333000e-01 
4.348000e-01 
4.203000e-01 
5.072000e-01 
2.899000e-01 
3.188000e-01 
5.217000e-01 
4.350000e-02 
2.754000e-01 
2.900000e-02 
0 
3.333000e-01 
3.188000e-01 
4.348000e-01 
1.450000e-02 
8.700000e-02 
4.783000e-01 
2.899000e-01 
2.900000e-02 
2.464000e-01 
2.754000e-01 
2.464000e-01 
2.029000e-01 
1.304000e-01 
3.043000e-01 
8.700000e-02 
0 
3.913000e-01 
3.478000e-01 
2.899000e-01 
8.700000e-02 
1.594000e-01 
5.507000e-01 
5.217000e-01 
4.058000e-01 
2.754000e-01 
1.014000e-01 
7.971000e-01 
1.014000e-01 
1.450000e-02 
5.507000e-01 
7.250000e-02 
2.609000e-01 
4.350000e-02 
2.464000e-01 
2.029000e-01 
0 
1.159000e-01 
2.464000e-01 
1.014000e-01 
4.493000e-01 
4.350000e-02 
2.464000e-01 
2.029000e-01 
4.350000e-02 
8.700000e-02 
3.333000e-01 
1.450000e-02 
9.420000e-01 
1.594000e-01 
3.768000e-01 
1.594000e-01 
1.450000e-02 
1.450000e-02 
3.043000e-01 
4.350000e-02 
4.203000e-01 
0 
5.217000e-01 
2.029000e-01 
2.900000e-02 
2.900000e-02 
3.333000e-01 
1.739000e-01 
4.928000e-01 
1.014000e-01 
3.623000e-01 
1.449000e-01 
1.450000e-02 
5.800000e-02 
3.043000e-01 
1.594000e-01 
4.493000e-01 
2.900000e-02 
1.739000e-01 
1.304000e-01 
1.450000e-02 
1.159000e-01 
2.029000e-01 
1.159000e-01 
1.594000e-01 
1.450000e-02 
3.043000e-01 
1.014000e-01 
1.450000e-02 
1.304000e-01 
1.014000e-01 
1.449000e-01 
6.232000e-01 
2.029000e-01 
4.058000e-01 
2.319000e-01 
8.700000e-02 
7.250000e-02 
2.319000e-01 
8.700000e-02 
1.014000e-01 
1.304000e-01 
7.250000e-02 
5.217000e-01 
5.800000e-02 
5.800000e-02 
4.638000e-01 
8.700000e-02 
2.900000e-02 
2.609000e-01 
2.900000e-02 
6.522000e-01 
2.609000e-01 
2.029000e-01 
7.391000e-01 
1.014000e-01 
5.800000e-02 
3.913000e-01 
7.250000e-02 
2.464000e-01 
7.250000e-02 
2.900000e-02 
3.478000e-01 
1.450000e-02 
1.014000e-01 
2.464000e-01 
2.319000e-01 
6.087000e-01 
1.014000e-01 
5.800000e-02 
2.754000e-01 
2.029000e-01 
1.014000e-01 
6.377000e-01 
2.900000e-02 
1 
4.350000e-02 
1.450000e-02 
4.928000e-01 
2.174000e-01 
8.700000e-02 
1.449000e-01 
1.159000e-01 
5.507000e-01 
7.250000e-02 
1.014000e-01 
6.087000e-01 
1.304000e-01 
8.700000e-02 
5.652000e-01 
1.014000e-01 
3.623000e-01 
2.609000e-01 
1.014000e-01 
6.377000e-01 
1.449000e-01 
1.014000e-01 
5.507000e-01 
1.304000e-01 
6.087000e-01 
2.029000e-01 
1.884000e-01 
4.058000e-01 
0 
5.072000e-01 
5.800000e-02 
4.493000e-01 
5.800000e-02 
3.043000e-01 
1.450000e-02 
6.522000e-01 
2.900000e-02 
7.101000e-01 
8.700000e-02 
4.058000e-01 
1.450000e-02 
3.043000e-01 
4.350000e-02 
6.667000e-01 
1.014000e-01 
3.333000e-01 
2.029000e-01 
2.029000e-01 
2.900000e-02 
4.493000e-01 
1.594000e-01 
2.899000e-01 
1.304000e-01 
4.928000e-01 
1.304000e-01 
7.826000e-01 
5.800000e-02 
4.638000e-01 
1.014000e-01 
6.957000e-01 
1.014000e-01 
2.319000e-01 
1.159000e-01 
3.043000e-01 
2.900000e-02 
7.250000e-02 
5.800000e-02 
4.350000e-02 
1.014000e-01 
1.159000e-01 
0 
7.250000e-02 
1.449000e-01 
7.250000e-02 
5.800000e-02 
3.623000e-01 
1.304000e-01 
0 
3.043000e-01 
2.900000e-02 
2.174000e-01 
2.900000e-02 
0 
5.942000e-01 
7.250000e-02 
2.029000e-01 
4.350000e-02 
7.101000e-01 
7.250000e-02 
0 
7.250000e-02 
4.350000e-02 
2.029000e-01 
2.464000e-01 
7.250000e-02 
7.250000e-02 
2.174000e-01 
1.450000e-02 
1.159000e-01 
3.043000e-01 
2.029000e-01 
4.350000e-02 
2.754000e-01 
1.014000e-01 
3.478000e-01 
7.250000e-02 
2.319000e-01 
5.797000e-01 
1.449000e-01 
3.043000e-01 
1.449000e-01 
2.029000e-01 
1.014000e-01 
1.884000e-01 
1.739000e-01 
5.652000e-01 
0 
1.159000e-01 
4.350000e-02 
4.348000e-01 
1.450000e-02 
2.900000e-02 
7.250000e-02 
1.014000e-01 
2.900000e-02 
1.159000e-01 
1.159000e-01 
3.623000e-01 
2.609000e-01 
1.159000e-01 
2.900000e-02 
8.700000e-02 
2.900000e-02 
1.739000e-01 
2.754000e-01 
4.203000e-01 
1.159000e-01 
4.203000e-01 
8.700000e-02 
2.609000e-01 
1.159000e-01 
1.884000e-01 
2.900000e-02 
1.594000e-01 
7.250000e-02 
8.700000e-02 
1.159000e-01 
5.942000e-01 
1.884000e-01 
4.058000e-01 
7.250000e-02 
2.029000e-01 
1.159000e-01 
2.174000e-01 
5.800000e-02 
6.377000e-01 
1.014000e-01 
1.159000e-01 
4.350000e-02 
4.350000e-02 
8.700000e-02 
2.754000e-01 
2.319000e-01 
2.029000e-01 
8.700000e-02 
1.884000e-01 
4.350000e-02 
4.203000e-01 
