3.510000e-02 
8.070000e-01 
3.510000e-02 
0 
0 
0 
3.510000e-02 
0 
3.510000e-02 
0 
1.754000e-01 
7.020000e-02 
0 
3.510000e-02 
0 
0 
1.404000e-01 
1.053000e-01 
2.105000e-01 
0 
7.020000e-02 
3.510000e-02 
2.807000e-01 
1.053000e-01 
1.404000e-01 
1.053000e-01 
5.263000e-01 
3.860000e-01 
3.158000e-01 
4.211000e-01 
0 
0 
3.510000e-02 
0 
0 
0 
0 
0 
7.020000e-02 
2.456000e-01 
3.158000e-01 
7.020000e-02 
0 
3.510000e-02 
0 
0 
3.510000e-02 
3.510000e-02 
2.807000e-01 
3.510000e-02 
0 
0 
0 
3.510000e-02 
1.053000e-01 
7.020000e-02 
0 
0 
0 
0 
0 
3.510000e-02 
7.020000e-02 
3.510000e-02 
0 
0 
0 
0 
0 
0 
7.020000e-02 
0 
1.754000e-01 
1.404000e-01 
7.020000e-02 
0 
7.020000e-02 
7.020000e-02 
0 
3.510000e-02 
3.510000e-02 
3.510000e-02 
0 
0 
0 
0 
7.020000e-02 
0 
0 
7.020000e-02 
0 
0 
0 
3.510000e-02 
3.158000e-01 
1.404000e-01 
2.105000e-01 
5.263000e-01 
2.105000e-01 
1.404000e-01 
1.053000e-01 
2.105000e-01 
4.211000e-01 
3.509000e-01 
4.561000e-01 
3.860000e-01 
2.105000e-01 
2.456000e-01 
2.105000e-01 
2.807000e-01 
2.807000e-01 
7.020000e-02 
2.456000e-01 
5.260000e-02 
3.509000e-01 
1.404000e-01 
2.807000e-01 
4.211000e-01 
3.860000e-01 
7.020000e-02 
6.667000e-01 
3.860000e-01 
4.211000e-01 
1.404000e-01 
0 
5.260000e-02 
6.667000e-01 
4.211000e-01 
5.614000e-01 
3.509000e-01 
2.456000e-01 
2.456000e-01 
1.053000e-01 
2.105000e-01 
6.667000e-01 
4.211000e-01 
4.912000e-01 
3.860000e-01 
5.263000e-01 
1.754000e-01 
1.053000e-01 
1.053000e-01 
6.316000e-01 
4.912000e-01 
6.316000e-01 
1.404000e-01 
3.860000e-01 
3.509000e-01 
5.614000e-01 
5.263000e-01 
4.912000e-01 
3.509000e-01 
8.070000e-01 
3.509000e-01 
2.105000e-01 
3.860000e-01 
3.860000e-01 
4.912000e-01 
1.053000e-01 
0 
1.053000e-01 
1.053000e-01 
0 
0 
0 
3.510000e-02 
4.211000e-01 
1.053000e-01 
1.404000e-01 
2.105000e-01 
0 
7.020000e-02 
7.020000e-02 
3.510000e-02 
2.456000e-01 
2.105000e-01 
3.510000e-02 
1.754000e-01 
1.754000e-01 
5.260000e-02 
1.754000e-01 
2.105000e-01 
1.053000e-01 
1.754000e-01 
1.053000e-01 
1.053000e-01 
1.404000e-01 
2.456000e-01 
1.053000e-01 
1.404000e-01 
3.509000e-01 
2.456000e-01 
7.020000e-02 
3.860000e-01 
2.105000e-01 
2.807000e-01 
2.807000e-01 
1.053000e-01 
1.754000e-01 
7.020000e-02 
1.404000e-01 
5.263000e-01 
7.020000e-02 
1.053000e-01 
2.105000e-01 
3.510000e-02 
2.807000e-01 
1.404000e-01 
7.020000e-02 
4.211000e-01 
3.510000e-02 
1.754000e-01 
1.404000e-01 
1.053000e-01 
3.510000e-02 
5.614000e-01 
7.020000e-02 
2.456000e-01 
2.807000e-01 
4.561000e-01 
3.509000e-01 
3.510000e-02 
4.912000e-01 
4.211000e-01 
3.860000e-01 
2.807000e-01 
2.807000e-01 
2.807000e-01 
4.561000e-01 
4.561000e-01 
3.509000e-01 
3.158000e-01 
7.018000e-01 
2.105000e-01 
3.158000e-01 
2.105000e-01 
4.561000e-01 
3.860000e-01 
4.211000e-01 
2.807000e-01 
5.614000e-01 
5.614000e-01 
2.105000e-01 
4.737000e-01 
4.912000e-01 
1.754000e-01 
3.860000e-01 
2.456000e-01 
6.316000e-01 
2.105000e-01 
7.719000e-01 
2.807000e-01 
6.316000e-01 
3.860000e-01 
1.754000e-01 
6.667000e-01 
5.789000e-01 
5.263000e-01 
8.772000e-01 
7.020000e-02 
1.404000e-01 
5.263000e-01 
5.614000e-01 
5.263000e-01 
3.860000e-01 
4.912000e-01 
3.860000e-01 
7.368000e-01 
4.912000e-01 
3.510000e-02 
2.632000e-01 
1.754000e-01 
2.807000e-01 
2.807000e-01 
3.158000e-01 
2.456000e-01 
5.263000e-01 
1.404000e-01 
1.754000e-01 
3.509000e-01 
4.912000e-01 
8.421000e-01 
4.737000e-01 
2.105000e-01 
5.965000e-01 
4.737000e-01 
5.965000e-01 
2.807000e-01 
9.474000e-01 
2.807000e-01 
4.211000e-01 
9.474000e-01 
4.211000e-01 
4.561000e-01 
2.807000e-01 
1.404000e-01 
3.158000e-01 
1.404000e-01 
3.860000e-01 
2.456000e-01 
5.965000e-01 
2.105000e-01 
1 
4.912000e-01 
3.860000e-01 
2.105000e-01 
8.421000e-01 
1.754000e-01 
5.614000e-01 
7.368000e-01 
4.561000e-01 
6.316000e-01 
8.070000e-01 
4.912000e-01 
7.368000e-01 
3.158000e-01 
5.263000e-01 
7.018000e-01 
5.263000e-01 
5.263000e-01 
8.070000e-01 
6.667000e-01 
3.860000e-01 
3.860000e-01 
6.667000e-01 
3.509000e-01 
5.965000e-01 
7.368000e-01 
5.263000e-01 
6.316000e-01 
3.158000e-01 
7.719000e-01 
8.070000e-01 
2.807000e-01 
5.965000e-01 
3.158000e-01 
4.211000e-01 
2.105000e-01 
5.965000e-01 
2.105000e-01 
3.860000e-01 
6.316000e-01 
8.070000e-01 
6.316000e-01 
4.211000e-01 
4.211000e-01 
4.561000e-01 
7.018000e-01 
7.719000e-01 
3.509000e-01 
9.123000e-01 
3.509000e-01 
5.614000e-01 
3.509000e-01 
3.860000e-01 
5.965000e-01 
2.456000e-01 
4.211000e-01 
3.509000e-01 
7.018000e-01 
9.825000e-01 
5.614000e-01 
