6.154000e-01 
1.282000e-01 
4.808000e-01 
7.179000e-01 
1 
7.179000e-01 
6.667000e-01 
4.872000e-01 
4.615000e-01 
4.103000e-01 
4.103000e-01 
5.641000e-01 
5.128000e-01 
5.897000e-01 
3.590000e-01 
2.821000e-01 
5.962000e-01 
2.821000e-01 
3.333000e-01 
2.821000e-01 
4.615000e-01 
1.154000e-01 
2.821000e-01 
4.359000e-01 
5.385000e-01 
1.795000e-01 
4.038000e-01 
2.051000e-01 
2.564000e-01 
9.620000e-02 
4.872000e-01 
3.846000e-01 
3.846000e-01 
8.462000e-01 
8.718000e-01 
4.103000e-01 
2.564000e-01 
5.897000e-01 
2.821000e-01 
2.115000e-01 
5.385000e-01 
2.308000e-01 
3.846000e-01 
1.795000e-01 
7.690000e-02 
2.560000e-02 
1.795000e-01 
1.282000e-01 
2.051000e-01 
4.808000e-01 
7.949000e-01 
4.615000e-01 
2.564000e-01 
2.115000e-01 
3.462000e-01 
5.128000e-01 
5.385000e-01 
2.308000e-01 
1.538000e-01 
3.077000e-01 
3.846000e-01 
2.308000e-01 
5.192000e-01 
4.359000e-01 
2.308000e-01 
6.154000e-01 
9.231000e-01 
2.821000e-01 
3.333000e-01 
5.385000e-01 
2.051000e-01 
2.564000e-01 
2.564000e-01 
3.846000e-01 
2.821000e-01 
1.538000e-01 
1.795000e-01 
1.026000e-01 
2.308000e-01 
1.282000e-01 
1.282000e-01 
4.615000e-01 
5.385000e-01 
4.872000e-01 
4.231000e-01 
4.872000e-01 
6.154000e-01 
5.128000e-01 
1.795000e-01 
1.538000e-01 
1.026000e-01 
3.846000e-01 
3.590000e-01 
4.103000e-01 
2.051000e-01 
1.026000e-01 
1.282000e-01 
2.051000e-01 
3.077000e-01 
1.026000e-01 
1.026000e-01 
1.731000e-01 
2.560000e-02 
7.690000e-02 
1.282000e-01 
2.821000e-01 
2.308000e-01 
2.821000e-01 
1.538000e-01 
1.538000e-01 
1.282000e-01 
9.620000e-02 
2.051000e-01 
1.538000e-01 
2.564000e-01 
3.077000e-01 
1.795000e-01 
0 
7.690000e-02 
1.731000e-01 
3.333000e-01 
1.026000e-01 
4.872000e-01 
2.821000e-01 
1.731000e-01 
7.690000e-02 
2.560000e-02 
3.850000e-02 
1.538000e-01 
2.560000e-02 
2.308000e-01 
2.051000e-01 
2.051000e-01 
1.026000e-01 
1.538000e-01 
1.026000e-01 
1.538000e-01 
2.051000e-01 
2.564000e-01 
2.564000e-01 
1.538000e-01 
5.130000e-02 
1.538000e-01 
1.026000e-01 
5.130000e-02 
5.130000e-02 
2.308000e-01 
1.731000e-01 
2.560000e-02 
7.690000e-02 
1.282000e-01 
1.731000e-01 
2.560000e-02 
2.560000e-02 
2.051000e-01 
1.795000e-01 
1.346000e-01 
5.770000e-02 
3.590000e-01 
1.282000e-01 
3.333000e-01 
4.103000e-01 
3.077000e-01 
2.564000e-01 
3.333000e-01 
1.795000e-01 
2.051000e-01 
2.564000e-01 
2.564000e-01 
2.308000e-01 
3.333000e-01 
2.821000e-01 
2.821000e-01 
1.795000e-01 
1.538000e-01 
5.130000e-02 
2.051000e-01 
2.308000e-01 
2.821000e-01 
2.564000e-01 
3.462000e-01 
2.821000e-01 
2.051000e-01 
2.051000e-01 
1.282000e-01 
1.282000e-01 
1.282000e-01 
2.692000e-01 
4.103000e-01 
4.103000e-01 
2.564000e-01 
3.850000e-02 
1.795000e-01 
1.538000e-01 
1.282000e-01 
2.692000e-01 
1.026000e-01 
3.333000e-01 
4.615000e-01 
1.538000e-01 
1.795000e-01 
7.690000e-02 
0 
2.115000e-01 
2.821000e-01 
2.115000e-01 
7.690000e-02 
9.620000e-02 
1.538000e-01 
3.077000e-01 
7.690000e-02 
1.026000e-01 
2.051000e-01 
1.026000e-01 
2.308000e-01 
3.846000e-01 
7.690000e-02 
2.051000e-01 
1.026000e-01 
1.282000e-01 
1.282000e-01 
1.026000e-01 
5.130000e-02 
1.026000e-01 
2.051000e-01 
0 
1.282000e-01 
7.690000e-02 
7.690000e-02 
2.308000e-01 
2.564000e-01 
1.282000e-01 
1.282000e-01 
1.026000e-01 
9.620000e-02 
7.690000e-02 
1.538000e-01 
2.051000e-01 
7.690000e-02 
1.282000e-01 
5.130000e-02 
1.538000e-01 
1.538000e-01 
1.026000e-01 
0 
1.026000e-01 
1.282000e-01 
1.538000e-01 
2.560000e-02 
3.850000e-02 
1.795000e-01 
2.560000e-02 
1.538000e-01 
1.538000e-01 
5.130000e-02 
7.690000e-02 
1.346000e-01 
2.821000e-01 
2.564000e-01 
1.795000e-01 
2.564000e-01 
1.026000e-01 
2.821000e-01 
7.690000e-02 
1.026000e-01 
5.130000e-02 
3.590000e-01 
3.077000e-01 
1.795000e-01 
5.130000e-02 
3.333000e-01 
1.795000e-01 
7.690000e-02 
5.130000e-02 
1.026000e-01 
1.026000e-01 
3.846000e-01 
1.538000e-01 
7.690000e-02 
5.770000e-02 
2.051000e-01 
1.795000e-01 
4.103000e-01 
1.538000e-01 
2.308000e-01 
1.538000e-01 
1.923000e-01 
2.051000e-01 
7.690000e-02 
7.690000e-02 
1.538000e-01 
2.308000e-01 
1.538000e-01 
1.026000e-01 
2.051000e-01 
3.077000e-01 
2.051000e-01 
5.130000e-02 
5.130000e-02 
1.026000e-01 
9.620000e-02 
1.282000e-01 
1.538000e-01 
2.821000e-01 
2.051000e-01 
1.538000e-01 
2.560000e-02 
7.690000e-02 
1.795000e-01 
1.026000e-01 
1.282000e-01 
1.026000e-01 
5.130000e-02 
7.690000e-02 
3.333000e-01 
5.130000e-02 
1.538000e-01 
1.282000e-01 
2.560000e-02 
5.130000e-02 
1.538000e-01 
4.615000e-01 
1.795000e-01 
1.923000e-01 
2.308000e-01 
2.564000e-01 
1.026000e-01 
1.538000e-01 
7.690000e-02 
5.130000e-02 
1.282000e-01 
1.795000e-01 
2.308000e-01 
1.282000e-01 
5.130000e-02 
1.026000e-01 
1.795000e-01 
0 
5.130000e-02 
7.690000e-02 
1.538000e-01 
7.690000e-02 
1.026000e-01 
5.130000e-02 
1.346000e-01 
1.795000e-01 
1.026000e-01 
2.560000e-02 
3.333000e-01 
7.690000e-02 
1.538000e-01 
3.077000e-01 
1.795000e-01 
1.026000e-01 
2.564000e-01 
9.620000e-02 
1.920000e-02 
5.130000e-02 
1.731000e-01 
2.308000e-01 
1.346000e-01 
2.308000e-01 
