1.714000e-01 
6.286000e-01 
3.143000e-01 
4.000000e-01 
6.000000e-01 
2.571000e-01 
2.286000e-01 
5.710000e-02 
1.714000e-01 
2.857000e-01 
3.714000e-01 
4.571000e-01 
6.286000e-01 
2.571000e-01 
1.714000e-01 
4.571000e-01 
2.286000e-01 
2.571000e-01 
4.000000e-01 
1.714000e-01 
4.000000e-01 
3.714000e-01 
1.429000e-01 
5.714000e-01 
3.143000e-01 
1.429000e-01 
5.429000e-01 
5.429000e-01 
6.000000e-01 
2.286000e-01 
1.429000e-01 
5.143000e-01 
4.286000e-01 
4.000000e-01 
2.000000e-01 
2.571000e-01 
5.710000e-02 
5.710000e-02 
5.710000e-02 
4.857000e-01 
4.000000e-01 
4.571000e-01 
4.286000e-01 
2.286000e-01 
1.714000e-01 
1.714000e-01 
1.714000e-01 
5.143000e-01 
4.000000e-01 
8.570000e-02 
4.857000e-01 
2.000000e-01 
8.570000e-02 
2.000000e-01 
3.714000e-01 
4.571000e-01 
3.714000e-01 
4.571000e-01 
1.714000e-01 
2.286000e-01 
1.143000e-01 
1.429000e-01 
0 
3.429000e-01 
3.429000e-01 
2.571000e-01 
3.429000e-01 
2.571000e-01 
1.429000e-01 
5.710000e-02 
2.571000e-01 
2.857000e-01 
3.429000e-01 
6.000000e-01 
2.286000e-01 
4.286000e-01 
1.429000e-01 
2.571000e-01 
3.429000e-01 
2.571000e-01 
4.571000e-01 
4.857000e-01 
1.429000e-01 
4.857000e-01 
3.143000e-01 
2.860000e-02 
4.000000e-01 
1.143000e-01 
2.000000e-01 
4.000000e-01 
1.143000e-01 
0 
2.000000e-01 
2.857000e-01 
2.286000e-01 
2.857000e-01 
2.857000e-01 
5.429000e-01 
2.860000e-02 
7.143000e-01 
3.714000e-01 
3.143000e-01 
2.286000e-01 
4.857000e-01 
4.571000e-01 
6.286000e-01 
7.714000e-01 
4.571000e-01 
2.000000e-01 
4.000000e-01 
7.143000e-01 
4.571000e-01 
4.286000e-01 
4.857000e-01 
8.000000e-01 
2.857000e-01 
2.857000e-01 
3.429000e-01 
4.571000e-01 
4.286000e-01 
4.000000e-01 
2.000000e-01 
2.571000e-01 
2.571000e-01 
3.429000e-01 
4.000000e-01 
3.143000e-01 
5.714000e-01 
4.857000e-01 
4.000000e-01 
4.571000e-01 
3.429000e-01 
4.000000e-01 
3.714000e-01 
1.429000e-01 
3.714000e-01 
6.571000e-01 
6.571000e-01 
7.143000e-01 
5.143000e-01 
3.714000e-01 
5.143000e-01 
5.714000e-01 
4.571000e-01 
6.857000e-01 
6.286000e-01 
5.714000e-01 
2.857000e-01 
6.000000e-01 
4.286000e-01 
5.714000e-01 
3.143000e-01 
6.286000e-01 
4.000000e-01 
8.000000e-01 
5.714000e-01 
5.143000e-01 
1.429000e-01 
3.429000e-01 
2.000000e-01 
2.000000e-01 
4.000000e-01 
1.143000e-01 
3.429000e-01 
1.143000e-01 
1.143000e-01 
3.143000e-01 
2.571000e-01 
2.857000e-01 
4.857000e-01 
3.714000e-01 
4.857000e-01 
2.857000e-01 
3.714000e-01 
2.286000e-01 
3.714000e-01 
4.000000e-01 
4.000000e-01 
4.286000e-01 
6.571000e-01 
3.143000e-01 
3.143000e-01 
3.714000e-01 
2.000000e-01 
3.429000e-01 
3.143000e-01 
4.000000e-01 
2.857000e-01 
4.000000e-01 
1.714000e-01 
2.857000e-01 
4.000000e-01 
1.143000e-01 
2.286000e-01 
1.143000e-01 
6.000000e-01 
6.000000e-01 
6.286000e-01 
2.571000e-01 
4.286000e-01 
4.571000e-01 
4.000000e-01 
5.714000e-01 
6.857000e-01 
3.429000e-01 
4.571000e-01 
4.000000e-01 
2.857000e-01 
6.000000e-01 
8.857000e-01 
3.714000e-01 
4.286000e-01 
4.000000e-01 
4.286000e-01 
5.714000e-01 
4.286000e-01 
4.857000e-01 
1.714000e-01 
2.286000e-01 
3.714000e-01 
3.143000e-01 
5.429000e-01 
3.143000e-01 
4.571000e-01 
6.857000e-01 
4.857000e-01 
5.143000e-01 
3.429000e-01 
1.429000e-01 
5.143000e-01 
5.429000e-01 
6.857000e-01 
6.286000e-01 
3.714000e-01 
7.429000e-01 
1.429000e-01 
6.571000e-01 
2.571000e-01 
6.286000e-01 
2.571000e-01 
6.286000e-01 
5.143000e-01 
5.429000e-01 
4.286000e-01 
5.143000e-01 
4.571000e-01 
5.429000e-01 
6.286000e-01 
5.714000e-01 
7.429000e-01 
3.714000e-01 
3.143000e-01 
3.429000e-01 
4.286000e-01 
5.714000e-01 
3.714000e-01 
6.857000e-01 
6.286000e-01 
3.714000e-01 
6.000000e-01 
1.429000e-01 
3.143000e-01 
3.429000e-01 
4.571000e-01 
4.000000e-01 
3.429000e-01 
5.429000e-01 
6.000000e-01 
6.857000e-01 
5.714000e-01 
2.857000e-01 
2.000000e-01 
2.000000e-01 
5.143000e-01 
4.000000e-01 
7.429000e-01 
7.143000e-01 
4.286000e-01 
5.714000e-01 
5.714000e-01 
7.429000e-01 
5.429000e-01 
6.857000e-01 
4.000000e-01 
5.714000e-01 
4.000000e-01 
3.714000e-01 
2.857000e-01 
6.000000e-01 
5.429000e-01 
5.714000e-01 
1 
7.143000e-01 
7.714000e-01 
4.000000e-01 
5.714000e-01 
3.429000e-01 
8.286000e-01 
6.286000e-01 
4.571000e-01 
4.857000e-01 
4.000000e-01 
2.571000e-01 
3.429000e-01 
6.286000e-01 
5.143000e-01 
8.000000e-01 
2.000000e-01 
3.714000e-01 
2.857000e-01 
7.714000e-01 
4.286000e-01 
6.857000e-01 
4.571000e-01 
5.143000e-01 
2.571000e-01 
3.714000e-01 
7.143000e-01 
9.143000e-01 
4.286000e-01 
6.857000e-01 
4.000000e-01 
4.286000e-01 
4.571000e-01 
6.000000e-01 
1.714000e-01 
5.429000e-01 
4.857000e-01 
4.857000e-01 
4.857000e-01 
9.429000e-01 
7.714000e-01 
4.571000e-01 
2.286000e-01 
3.714000e-01 
3.429000e-01 
4.857000e-01 
5.714000e-01 
8.000000e-01 
7.429000e-01 
5.714000e-01 
4.286000e-01 
4.857000e-01 
2.286000e-01 
4.000000e-01 
3.143000e-01 
5.714000e-01 
4.571000e-01 
7.143000e-01 
2.286000e-01 
4.000000e-01 
4.857000e-01 
4.857000e-01 
4.571000e-01 
4.571000e-01 
4.000000e-01 
3.143000e-01 
5.714000e-01 
6.286000e-01 
5.429000e-01 
3.143000e-01 
6.286000e-01 
