1.515000e-01 
2.727000e-01 
1.515000e-01 
3.030000e-01 
2.121000e-01 
6.364000e-01 
6.667000e-01 
2.727000e-01 
3.030000e-01 
2.727000e-01 
6.060000e-02 
3.939000e-01 
2.424000e-01 
2.424000e-01 
6.364000e-01 
3.939000e-01 
6.667000e-01 
3.636000e-01 
2.121000e-01 
6.061000e-01 
4.242000e-01 
3.333000e-01 
3.939000e-01 
3.333000e-01 
3.030000e-01 
1.515000e-01 
3.939000e-01 
6.667000e-01 
5.455000e-01 
5.758000e-01 
2.727000e-01 
1.515000e-01 
9.090000e-02 
1.818000e-01 
6.061000e-01 
4.848000e-01 
5.758000e-01 
3.333000e-01 
1.212000e-01 
4.242000e-01 
1.818000e-01 
2.121000e-01 
7.273000e-01 
5.455000e-01 
6.970000e-01 
3.333000e-01 
3.333000e-01 
1.515000e-01 
2.424000e-01 
2.727000e-01 
4.545000e-01 
3.636000e-01 
7.576000e-01 
4.545000e-01 
1.212000e-01 
2.727000e-01 
4.545000e-01 
4.848000e-01 
4.848000e-01 
3.030000e-01 
1.515000e-01 
1.212000e-01 
4.545000e-01 
3.636000e-01 
6.060000e-02 
3.333000e-01 
6.667000e-01 
2.121000e-01 
5.152000e-01 
1.818000e-01 
3.939000e-01 
3.030000e-02 
2.424000e-01 
5.152000e-01 
3.030000e-01 
3.939000e-01 
4.848000e-01 
5.152000e-01 
2.121000e-01 
2.727000e-01 
1.212000e-01 
3.939000e-01 
4.848000e-01 
2.424000e-01 
2.121000e-01 
2.424000e-01 
2.424000e-01 
7.576000e-01 
2.727000e-01 
1.515000e-01 
7.273000e-01 
4.242000e-01 
1.212000e-01 
4.242000e-01 
6.970000e-01 
4.242000e-01 
3.030000e-01 
4.242000e-01 
1.818000e-01 
1.515000e-01 
6.061000e-01 
3.333000e-01 
5.455000e-01 
2.727000e-01 
3.333000e-01 
5.152000e-01 
4.242000e-01 
6.364000e-01 
8.182000e-01 
2.727000e-01 
3.333000e-01 
5.455000e-01 
3.636000e-01 
5.455000e-01 
4.242000e-01 
7.879000e-01 
4.848000e-01 
2.727000e-01 
6.970000e-01 
2.727000e-01 
3.333000e-01 
3.030000e-01 
6.061000e-01 
1.515000e-01 
5.758000e-01 
3.636000e-01 
7.273000e-01 
3.939000e-01 
4.545000e-01 
3.333000e-01 
3.939000e-01 
2.424000e-01 
5.152000e-01 
3.030000e-01 
5.455000e-01 
5.152000e-01 
4.848000e-01 
4.545000e-01 
5.758000e-01 
3.636000e-01 
2.424000e-01 
3.030000e-01 
3.636000e-01 
3.636000e-01 
2.727000e-01 
1.818000e-01 
5.455000e-01 
1.212000e-01 
7.879000e-01 
5.152000e-01 
4.242000e-01 
2.424000e-01 
2.727000e-01 
2.727000e-01 
1.818000e-01 
4.242000e-01 
7.576000e-01 
4.545000e-01 
2.121000e-01 
9.091000e-01 
2.121000e-01 
2.727000e-01 
4.242000e-01 
3.636000e-01 
3.939000e-01 
4.848000e-01 
1.818000e-01 
7.273000e-01 
5.758000e-01 
9.090000e-02 
6.970000e-01 
4.545000e-01 
2.121000e-01 
6.364000e-01 
2.121000e-01 
5.455000e-01 
2.727000e-01 
5.152000e-01 
7.273000e-01 
4.545000e-01 
5.152000e-01 
9.697000e-01 
4.545000e-01 
4.545000e-01 
2.424000e-01 
2.727000e-01 
7.273000e-01 
1.515000e-01 
4.848000e-01 
5.152000e-01 
1.818000e-01 
7.273000e-01 
4.848000e-01 
7.576000e-01 
2.121000e-01 
3.030000e-01 
2.727000e-01 
6.364000e-01 
3.939000e-01 
3.636000e-01 
3.333000e-01 
5.455000e-01 
4.545000e-01 
2.727000e-01 
2.424000e-01 
1.212000e-01 
4.242000e-01 
5.455000e-01 
3.333000e-01 
3.030000e-01 
5.455000e-01 
4.545000e-01 
4.545000e-01 
5.152000e-01 
3.636000e-01 
4.848000e-01 
2.727000e-01 
3.636000e-01 
6.364000e-01 
2.727000e-01 
2.727000e-01 
5.758000e-01 
3.030000e-01 
1.818000e-01 
7.273000e-01 
2.727000e-01 
6.970000e-01 
3.030000e-01 
3.636000e-01 
1.818000e-01 
3.030000e-01 
5.152000e-01 
5.455000e-01 
6.364000e-01 
3.636000e-01 
2.424000e-01 
2.424000e-01 
3.030000e-01 
5.152000e-01 
4.242000e-01 
2.727000e-01 
3.333000e-01 
6.364000e-01 
1.515000e-01 
4.848000e-01 
3.030000e-01 
5.758000e-01 
4.848000e-01 
5.152000e-01 
2.727000e-01 
6.061000e-01 
5.455000e-01 
7.576000e-01 
4.848000e-01 
4.242000e-01 
3.939000e-01 
1.515000e-01 
3.333000e-01 
1.212000e-01 
4.545000e-01 
8.182000e-01 
3.030000e-01 
2.424000e-01 
1.818000e-01 
1.212000e-01 
5.152000e-01 
4.242000e-01 
3.939000e-01 
3.636000e-01 
3.333000e-01 
3.636000e-01 
4.848000e-01 
1.515000e-01 
1.818000e-01 
3.939000e-01 
4.242000e-01 
7.576000e-01 
2.727000e-01 
6.970000e-01 
2.121000e-01 
4.242000e-01 
3.333000e-01 
1.515000e-01 
3.636000e-01 
4.242000e-01 
2.121000e-01 
2.727000e-01 
6.060000e-02 
0 
1.212000e-01 
4.242000e-01 
7.273000e-01 
3.333000e-01 
3.636000e-01 
2.121000e-01 
2.424000e-01 
9.090000e-02 
4.848000e-01 
3.333000e-01 
1.818000e-01 
4.848000e-01 
5.152000e-01 
3.030000e-01 
4.848000e-01 
2.424000e-01 
5.758000e-01 
8.485000e-01 
2.424000e-01 
4.242000e-01 
3.333000e-01 
3.939000e-01 
2.727000e-01 
2.121000e-01 
5.152000e-01 
5.758000e-01 
3.333000e-01 
3.939000e-01 
3.333000e-01 
2.727000e-01 
4.848000e-01 
4.848000e-01 
1.818000e-01 
4.545000e-01 
5.152000e-01 
6.667000e-01 
4.848000e-01 
5.152000e-01 
2.424000e-01 
4.545000e-01 
4.242000e-01 
2.121000e-01 
6.364000e-01 
7.576000e-01 
1.212000e-01 
3.030000e-01 
5.455000e-01 
5.455000e-01 
6.061000e-01 
6.667000e-01 
4.242000e-01 
5.455000e-01 
3.333000e-01 
5.455000e-01 
5.455000e-01 
6.061000e-01 
0 
3.333000e-01 
4.242000e-01 
6.667000e-01 
6.061000e-01 
5.455000e-01 
2.121000e-01 
7.273000e-01 
4.242000e-01 
6.061000e-01 
2.424000e-01 
6.667000e-01 
3.939000e-01 
3.030000e-01 
5.455000e-01 
4.242000e-01 
4.545000e-01 
