2.394000e-01 
2.676000e-01 
1.972000e-01 
2.113000e-01 
4.366000e-01 
1.127000e-01 
8.450000e-02 
2.958000e-01 
3.944000e-01 
2.535000e-01 
1.972000e-01 
2.113000e-01 
3.803000e-01 
1.268000e-01 
8.450000e-02 
3.521000e-01 
5.634000e-01 
7.040000e-02 
8.450000e-02 
3.944000e-01 
7.183000e-01 
9.860000e-02 
4.230000e-02 
3.662000e-01 
4.789000e-01 
1.408000e-01 
0 
4.930000e-01 
6.197000e-01 
1.831000e-01 
2.817000e-01 
2.676000e-01 
2.394000e-01 
1.127000e-01 
1.690000e-01 
2.817000e-01 
1.690000e-01 
2.820000e-02 
2.535000e-01 
3.944000e-01 
2.113000e-01 
2.535000e-01 
4.085000e-01 
4.507000e-01 
1.972000e-01 
2.820000e-02 
4.789000e-01 
2.958000e-01 
1.127000e-01 
1.690000e-01 
3.521000e-01 
3.944000e-01 
9.860000e-02 
2.113000e-01 
2.817000e-01 
1.831000e-01 
2.254000e-01 
4.789000e-01 
1.268000e-01 
8.450000e-02 
2.958000e-01 
4.085000e-01 
1.408000e-01 
4.085000e-01 
2.254000e-01 
1.410000e-02 
8.450000e-02 
2.394000e-01 
1.690000e-01 
4.230000e-02 
1.972000e-01 
6.761000e-01 
2.676000e-01 
2.676000e-01 
2.958000e-01 
5.915000e-01 
4.648000e-01 
8.450000e-02 
8.450000e-02 
4.366000e-01 
5.630000e-02 
1.690000e-01 
1.831000e-01 
3.662000e-01 
2.254000e-01 
9.860000e-02 
2.958000e-01 
8.450000e-02 
1.549000e-01 
2.113000e-01 
4.230000e-02 
1.408000e-01 
3.944000e-01 
3.521000e-01 
2.394000e-01 
2.535000e-01 
3.944000e-01 
2.958000e-01 
1.127000e-01 
3.380000e-01 
3.662000e-01 
1.127000e-01 
2.394000e-01 
1.972000e-01 
3.239000e-01 
2.113000e-01 
2.535000e-01 
2.394000e-01 
4.507000e-01 
1.690000e-01 
1.690000e-01 
3.380000e-01 
5.070000e-01 
1.831000e-01 
1.268000e-01 
4.085000e-01 
5.070000e-01 
2.958000e-01 
8.450000e-02 
3.239000e-01 
5.211000e-01 
2.254000e-01 
9.860000e-02 
4.507000e-01 
4.930000e-01 
1.127000e-01 
1.972000e-01 
1.408000e-01 
5.634000e-01 
2.254000e-01 
2.254000e-01 
2.394000e-01 
3.662000e-01 
1.972000e-01 
2.113000e-01 
3.099000e-01 
4.648000e-01 
2.817000e-01 
1.408000e-01 
3.944000e-01 
2.394000e-01 
2.535000e-01 
8.450000e-02 
4.930000e-01 
4.648000e-01 
2.254000e-01 
1.127000e-01 
5.070000e-01 
6.056000e-01 
1.549000e-01 
1.690000e-01 
3.380000e-01 
5.775000e-01 
1.972000e-01 
2.394000e-01 
3.803000e-01 
4.507000e-01 
2.254000e-01 
2.676000e-01 
2.535000e-01 
1.127000e-01 
1.127000e-01 
2.535000e-01 
2.113000e-01 
2.113000e-01 
1.972000e-01 
1.972000e-01 
4.085000e-01 
4.366000e-01 
1.831000e-01 
2.113000e-01 
2.535000e-01 
4.085000e-01 
5.630000e-02 
2.113000e-01 
3.662000e-01 
8.450000e-02 
9.860000e-02 
2.254000e-01 
2.958000e-01 
3.521000e-01 
1.831000e-01 
3.099000e-01 
2.676000e-01 
1.972000e-01 
2.254000e-01 
1.549000e-01 
1.268000e-01 
3.803000e-01 
3.521000e-01 
3.521000e-01 
5.211000e-01 
1.268000e-01 
3.944000e-01 
2.394000e-01 
2.676000e-01 
2.676000e-01 
3.239000e-01 
1.549000e-01 
3.521000e-01 
3.803000e-01 
2.394000e-01 
5.630000e-02 
1.127000e-01 
5.915000e-01 
3.944000e-01 
1.972000e-01 
5.493000e-01 
4.085000e-01 
1.690000e-01 
3.099000e-01 
2.254000e-01 
5.634000e-01 
1.972000e-01 
3.239000e-01 
5.775000e-01 
4.366000e-01 
3.099000e-01 
3.662000e-01 
2.394000e-01 
5.070000e-01 
2.394000e-01 
1.549000e-01 
2.254000e-01 
2.535000e-01 
2.958000e-01 
2.817000e-01 
1.831000e-01 
1.690000e-01 
4.085000e-01 
3.239000e-01 
2.676000e-01 
3.521000e-01 
2.254000e-01 
9.860000e-02 
4.085000e-01 
1.408000e-01 
1.831000e-01 
1.127000e-01 
2.817000e-01 
3.662000e-01 
2.254000e-01 
3.521000e-01 
1.831000e-01 
3.099000e-01 
3.239000e-01 
3.521000e-01 
3.239000e-01 
3.099000e-01 
2.394000e-01 
2.113000e-01 
2.535000e-01 
3.380000e-01 
3.803000e-01 
1.690000e-01 
3.099000e-01 
4.225000e-01 
3.239000e-01 
2.817000e-01 
3.239000e-01 
4.648000e-01 
3.944000e-01 
2.817000e-01 
3.239000e-01 
2.958000e-01 
1.690000e-01 
2.394000e-01 
3.944000e-01 
3.239000e-01 
3.099000e-01 
3.662000e-01 
3.099000e-01 
1.408000e-01 
3.521000e-01 
1.972000e-01 
2.254000e-01 
2.817000e-01 
3.944000e-01 
1.690000e-01 
3.099000e-01 
4.648000e-01 
3.803000e-01 
2.958000e-01 
2.254000e-01 
5.775000e-01 
3.521000e-01 
2.676000e-01 
4.648000e-01 
5.352000e-01 
9.860000e-02 
2.113000e-01 
5.634000e-01 
4.789000e-01 
3.380000e-01 
2.254000e-01 
5.634000e-01 
3.944000e-01 
3.380000e-01 
2.394000e-01 
1.972000e-01 
5.352000e-01 
2.817000e-01 
4.085000e-01 
2.817000e-01 
3.380000e-01 
3.380000e-01 
2.676000e-01 
3.099000e-01 
2.254000e-01 
4.085000e-01 
1.690000e-01 
2.817000e-01 
3.099000e-01 
6.620000e-01 
3.380000e-01 
3.521000e-01 
1.690000e-01 
3.239000e-01 
2.254000e-01 
3.239000e-01 
3.521000e-01 
3.521000e-01 
2.676000e-01 
2.676000e-01 
2.817000e-01 
3.380000e-01 
2.254000e-01 
4.648000e-01 
3.662000e-01 
3.099000e-01 
3.239000e-01 
3.099000e-01 
2.676000e-01 
3.662000e-01 
3.803000e-01 
2.676000e-01 
1.972000e-01 
1.972000e-01 
3.380000e-01 
1.408000e-01 
1.831000e-01 
4.507000e-01 
3.239000e-01 
2.535000e-01 
1.690000e-01 
3.803000e-01 
3.239000e-01 
2.817000e-01 
2.113000e-01 
4.085000e-01 
2.817000e-01 
4.366000e-01 
3.239000e-01 
2.535000e-01 
1.408000e-01 
1.972000e-01 
2.254000e-01 
1.831000e-01 
1.549000e-01 
3.662000e-01 
2.535000e-01 
3.099000e-01 
