1 
4.048000e-01 
2.619000e-01 
5.952000e-01 
7.381000e-01 
7.857000e-01 
5.952000e-01 
5.238000e-01 
7.140000e-02 
9.520000e-02 
2.143000e-01 
4.286000e-01 
5.000000e-01 
4.048000e-01 
2.381000e-01 
4.524000e-01 
1.667000e-01 
4.760000e-02 
1.667000e-01 
5.000000e-01 
5.714000e-01 
4.048000e-01 
1.905000e-01 
1.667000e-01 
9.520000e-02 
1.667000e-01 
4.762000e-01 
9.286000e-01 
3.333000e-01 
3.333000e-01 
9.520000e-02 
2.380000e-02 
5.238000e-01 
1.190000e-01 
2.857000e-01 
1.429000e-01 
9.520000e-02 
2.857000e-01 
7.140000e-02 
1.667000e-01 
2.381000e-01 
1.905000e-01 
3.810000e-01 
3.333000e-01 
2.143000e-01 
4.524000e-01 
2.380000e-02 
3.571000e-01 
3.095000e-01 
1.667000e-01 
3.571000e-01 
9.520000e-02 
9.520000e-02 
6.190000e-01 
2.381000e-01 
2.619000e-01 
1.667000e-01 
1.905000e-01 
1.190000e-01 
1.905000e-01 
4.762000e-01 
0 
4.760000e-02 
7.140000e-02 
1.190000e-01 
2.143000e-01 
2.381000e-01 
1.905000e-01 
1.190000e-01 
9.520000e-02 
1.429000e-01 
0 
2.857000e-01 
1.429000e-01 
2.143000e-01 
5.000000e-01 
7.140000e-02 
7.140000e-02 
4.760000e-02 
9.520000e-02 
4.048000e-01 
7.140000e-02 
7.140000e-02 
1.429000e-01 
7.140000e-02 
1.905000e-01 
9.520000e-02 
3.095000e-01 
1.905000e-01 
2.381000e-01 
1.429000e-01 
9.520000e-02 
2.380000e-02 
4.760000e-02 
2.380000e-02 
9.520000e-02 
4.760000e-02 
2.380000e-02 
1.429000e-01 
3.810000e-01 
9.520000e-02 
1.190000e-01 
2.380000e-02 
2.143000e-01 
2.143000e-01 
2.380000e-02 
1.190000e-01 
3.095000e-01 
9.520000e-02 
1.190000e-01 
0 
3.333000e-01 
9.520000e-02 
2.143000e-01 
4.048000e-01 
3.810000e-01 
1.667000e-01 
1.429000e-01 
7.140000e-02 
2.380000e-02 
7.140000e-02 
2.380000e-02 
4.286000e-01 
5.000000e-01 
9.520000e-02 
1.667000e-01 
2.380000e-02 
2.381000e-01 
4.760000e-02 
0 
2.857000e-01 
3.810000e-01 
1.905000e-01 
2.381000e-01 
7.140000e-02 
7.140000e-02 
7.140000e-02 
0 
1.429000e-01 
5.714000e-01 
1.190000e-01 
1.429000e-01 
1.190000e-01 
1.429000e-01 
4.760000e-02 
1.190000e-01 
1.905000e-01 
7.143000e-01 
2.380000e-02 
4.760000e-02 
4.760000e-02 
2.381000e-01 
9.520000e-02 
4.760000e-02 
4.762000e-01 
5.952000e-01 
4.760000e-02 
7.140000e-02 
2.380000e-02 
2.143000e-01 
1.429000e-01 
2.380000e-02 
4.760000e-02 
1.667000e-01 
2.380000e-02 
7.140000e-02 
1.905000e-01 
2.380000e-02 
2.857000e-01 
0 
9.520000e-02 
4.760000e-02 
9.520000e-02 
4.760000e-02 
1.190000e-01 
4.760000e-02 
1.190000e-01 
7.140000e-02 
2.380000e-02 
1.905000e-01 
4.760000e-02 
7.140000e-02 
1.905000e-01 
4.760000e-02 
4.048000e-01 
0 
1.667000e-01 
1.190000e-01 
0 
2.380000e-02 
2.380000e-02 
1.190000e-01 
1.190000e-01 
4.760000e-02 
0 
1.905000e-01 
7.140000e-02 
4.760000e-02 
1.429000e-01 
4.760000e-02 
2.381000e-01 
0 
1.190000e-01 
7.140000e-02 
1.190000e-01 
4.760000e-02 
2.380000e-02 
2.380000e-02 
2.380000e-02 
9.520000e-02 
4.760000e-02 
2.143000e-01 
9.520000e-02 
2.143000e-01 
3.095000e-01 
0 
2.619000e-01 
2.380000e-02 
2.380000e-02 
9.520000e-02 
0 
7.140000e-02 
9.520000e-02 
1.190000e-01 
4.760000e-02 
2.143000e-01 
0 
2.619000e-01 
4.760000e-02 
4.760000e-02 
4.760000e-02 
1.667000e-01 
7.140000e-02 
0 
7.140000e-02 
1.429000e-01 
2.380000e-02 
1.190000e-01 
2.380000e-02 
9.520000e-02 
4.760000e-02 
9.520000e-02 
0 
1.667000e-01 
2.380000e-02 
4.760000e-02 
2.143000e-01 
1.190000e-01 
4.760000e-02 
9.520000e-02 
4.760000e-02 
2.380000e-02 
2.380000e-02 
1.190000e-01 
9.520000e-02 
1.429000e-01 
1.190000e-01 
7.140000e-02 
1.190000e-01 
1 
2.143000e-01 
2.857000e-01 
2.380000e-02 
5.238000e-01 
3.571000e-01 
2.619000e-01 
1.905000e-01 
3.333000e-01 
4.760000e-02 
5.000000e-01 
7.140000e-02 
7.140000e-02 
2.857000e-01 
1.667000e-01 
4.760000e-02 
7.140000e-02 
4.760000e-02 
1.667000e-01 
1.667000e-01 
1.190000e-01 
4.760000e-02 
0 
5.238000e-01 
5.000000e-01 
1.667000e-01 
1.190000e-01 
2.143000e-01 
1.429000e-01 
4.286000e-01 
1.905000e-01 
3.333000e-01 
2.143000e-01 
1.905000e-01 
1.667000e-01 
1.667000e-01 
7.140000e-02 
2.857000e-01 
4.760000e-02 
7.140000e-02 
4.760000e-02 
4.760000e-02 
2.857000e-01 
9.520000e-02 
4.760000e-02 
2.380000e-02 
9.520000e-02 
2.380000e-02 
2.380000e-02 
7.140000e-02 
1.429000e-01 
2.143000e-01 
1.667000e-01 
0 
4.760000e-02 
4.286000e-01 
4.286000e-01 
3.095000e-01 
2.380000e-02 
3.810000e-01 
9.520000e-02 
2.380000e-02 
2.380000e-02 
7.140000e-02 
0 
1.905000e-01 
9.520000e-02 
4.760000e-02 
4.760000e-02 
0 
2.381000e-01 
2.380000e-02 
2.380000e-02 
2.380000e-02 
2.619000e-01 
0 
1.429000e-01 
3.095000e-01 
2.380000e-02 
1.667000e-01 
4.760000e-02 
9.520000e-02 
1.905000e-01 
2.380000e-02 
1.905000e-01 
9.520000e-02 
4.760000e-02 
1.190000e-01 
2.380000e-02 
1.190000e-01 
4.760000e-02 
0 
2.619000e-01 
2.857000e-01 
9.520000e-02 
0 
1.667000e-01 
1.190000e-01 
9.520000e-02 
4.760000e-02 
4.760000e-02 
4.760000e-02 
1.905000e-01 
