1.538000e-01 
2.436000e-01 
5.130000e-02 
1.923000e-01 
4.744000e-01 
3.974000e-01 
2.308000e-01 
3.077000e-01 
1.026000e-01 
1.410000e-01 
6.410000e-02 
1.410000e-01 
3.846000e-01 
6.667000e-01 
1.026000e-01 
6.410000e-02 
5.513000e-01 
5.513000e-01 
1.410000e-01 
2.051000e-01 
5.897000e-01 
3.462000e-01 
1.280000e-02 
2.308000e-01 
2.821000e-01 
7.564000e-01 
1.538000e-01 
2.051000e-01 
3.718000e-01 
4.487000e-01 
0 
7.690000e-02 
2.692000e-01 
3.846000e-01 
5.641000e-01 
6.282000e-01 
4.615000e-01 
3.850000e-02 
6.410000e-02 
5.130000e-02 
2.821000e-01 
3.846000e-01 
6.923000e-01 
8.846000e-01 
2.949000e-01 
1.026000e-01 
6.410000e-02 
1.026000e-01 
6.410000e-02 
1.795000e-01 
4.872000e-01 
7.564000e-01 
2.564000e-01 
1.280000e-02 
3.590000e-01 
2.821000e-01 
5.513000e-01 
6.410000e-01 
3.718000e-01 
6.410000e-02 
1.280000e-02 
6.410000e-02 
5.130000e-02 
1.538000e-01 
4.231000e-01 
2.949000e-01 
8.970000e-02 
5.256000e-01 
5.000000e-01 
2.436000e-01 
7.690000e-02 
1.795000e-01 
2.564000e-01 
3.846000e-01 
1.538000e-01 
7.692000e-01 
6.410000e-01 
2.308000e-01 
7.690000e-02 
2.436000e-01 
2.564000e-01 
2.564000e-01 
1.538000e-01 
6.538000e-01 
5.385000e-01 
2.436000e-01 
6.538000e-01 
0 
6.410000e-01 
4.744000e-01 
1.154000e-01 
0 
1.538000e-01 
1.538000e-01 
7.690000e-02 
2.179000e-01 
2.949000e-01 
1.795000e-01 
4.231000e-01 
2.692000e-01 
6.538000e-01 
4.103000e-01 
7.690000e-02 
3.974000e-01 
3.077000e-01 
2.308000e-01 
4.231000e-01 
1.795000e-01 
5.000000e-01 
4.744000e-01 
1.154000e-01 
5.385000e-01 
5.000000e-01 
1.795000e-01 
1.538000e-01 
2.949000e-01 
6.282000e-01 
4.359000e-01 
1.538000e-01 
2.436000e-01 
4.359000e-01 
3.846000e-01 
4.359000e-01 
2.179000e-01 
6.538000e-01 
3.846000e-01 
1.538000e-01 
2.179000e-01 
2.949000e-01 
2.308000e-01 
3.974000e-01 
3.205000e-01 
5.128000e-01 
6.795000e-01 
7.690000e-02 
2.051000e-01 
3.718000e-01 
2.564000e-01 
5.000000e-01 
2.821000e-01 
8.205000e-01 
2.949000e-01 
3.850000e-02 
1.538000e-01 
3.462000e-01 
3.974000e-01 
3.205000e-01 
2.436000e-01 
4.487000e-01 
3.718000e-01 
1.280000e-02 
1.538000e-01 
4.231000e-01 
2.949000e-01 
4.487000e-01 
4.231000e-01 
3.590000e-01 
5.000000e-01 
3.333000e-01 
2.560000e-02 
4.487000e-01 
3.205000e-01 
3.077000e-01 
3.205000e-01 
3.077000e-01 
4.872000e-01 
3.462000e-01 
2.308000e-01 
5.128000e-01 
3.718000e-01 
2.051000e-01 
3.718000e-01 
2.051000e-01 
5.256000e-01 
3.974000e-01 
1.410000e-01 
4.872000e-01 
1.538000e-01 
1.282000e-01 
3.462000e-01 
1.795000e-01 
5.128000e-01 
6.282000e-01 
3.462000e-01 
5.128000e-01 
2.308000e-01 
1.282000e-01 
3.333000e-01 
1.923000e-01 
5.128000e-01 
4.615000e-01 
2.179000e-01 
3.462000e-01 
2.692000e-01 
2.179000e-01 
5.000000e-01 
1.795000e-01 
5.641000e-01 
3.590000e-01 
2.179000e-01 
2.821000e-01 
4.615000e-01 
3.333000e-01 
4.359000e-01 
2.179000e-01 
5.256000e-01 
4.744000e-01 
1.282000e-01 
2.949000e-01 
3.846000e-01 
2.051000e-01 
5.256000e-01 
2.821000e-01 
3.846000e-01 
5.385000e-01 
1.538000e-01 
6.026000e-01 
4.231000e-01 
1.154000e-01 
1.923000e-01 
2.949000e-01 
4.359000e-01 
4.231000e-01 
1.410000e-01 
3.205000e-01 
3.462000e-01 
1.923000e-01 
2.692000e-01 
3.333000e-01 
2.051000e-01 
2.821000e-01 
4.615000e-01 
4.744000e-01 
3.333000e-01 
2.564000e-01 
2.821000e-01 
3.718000e-01 
3.718000e-01 
3.846000e-01 
2.949000e-01 
5.128000e-01 
3.333000e-01 
4.359000e-01 
3.333000e-01 
4.744000e-01 
3.333000e-01 
4.744000e-01 
3.205000e-01 
4.103000e-01 
3.462000e-01 
2.692000e-01 
2.436000e-01 
5.128000e-01 
1.795000e-01 
1.026000e-01 
1.282000e-01 
3.077000e-01 
2.821000e-01 
7.821000e-01 
2.051000e-01 
3.205000e-01 
2.692000e-01 
2.560000e-02 
3.846000e-01 
3.077000e-01 
1.667000e-01 
2.692000e-01 
2.564000e-01 
6.026000e-01 
2.692000e-01 
7.179000e-01 
6.410000e-02 
5.769000e-01 
3.205000e-01 
1.026000e-01 
2.179000e-01 
2.949000e-01 
8.077000e-01 
1.282000e-01 
1.538000e-01 
2.436000e-01 
3.077000e-01 
5.385000e-01 
1.282000e-01 
5.513000e-01 
3.462000e-01 
2.179000e-01 
3.846000e-01 
4.231000e-01 
2.564000e-01 
2.308000e-01 
3.462000e-01 
5.256000e-01 
3.333000e-01 
5.000000e-01 
2.179000e-01 
6.923000e-01 
5.769000e-01 
2.564000e-01 
2.179000e-01 
1.667000e-01 
7.436000e-01 
6.538000e-01 
2.949000e-01 
3.718000e-01 
1.795000e-01 
4.744000e-01 
2.692000e-01 
2.308000e-01 
3.077000e-01 
6.026000e-01 
3.462000e-01 
2.051000e-01 
3.077000e-01 
4.744000e-01 
1.795000e-01 
3.590000e-01 
2.436000e-01 
3.333000e-01 
3.846000e-01 
5.769000e-01 
2.179000e-01 
5.769000e-01 
3.718000e-01 
5.256000e-01 
3.590000e-01 
2.179000e-01 
2.308000e-01 
2.692000e-01 
3.974000e-01 
3.077000e-01 
1.154000e-01 
6.795000e-01 
3.974000e-01 
5.256000e-01 
2.949000e-01 
2.949000e-01 
2.692000e-01 
4.615000e-01 
5.000000e-01 
1.923000e-01 
2.436000e-01 
5.256000e-01 
4.872000e-01 
3.333000e-01 
2.564000e-01 
2.179000e-01 
2.821000e-01 
3.333000e-01 
3.718000e-01 
5.513000e-01 
2.949000e-01 
3.333000e-01 
2.692000e-01 
2.949000e-01 
3.077000e-01 
5.256000e-01 
2.179000e-01 
3.590000e-01 
3.077000e-01 
5.385000e-01 
3.846000e-01 
