6.960000e-02 
6.960000e-02 
0 
4.350000e-02 
5.391000e-01 
1.391000e-01 
2.610000e-02 
1.217000e-01 
1.043000e-01 
3.043000e-01 
6.960000e-02 
3.480000e-02 
1.478000e-01 
2.348000e-01 
8.700000e-03 
2.610000e-02 
5.739000e-01 
4.261000e-01 
0 
6.090000e-02 
7.304000e-01 
1.478000e-01 
1.740000e-02 
4.350000e-02 
4.000000e-01 
4.957000e-01 
3.480000e-02 
5.220000e-02 
4.783000e-01 
2.435000e-01 
0 
4.000000e-01 
1.130000e-01 
4.350000e-02 
3.652000e-01 
2.261000e-01 
7.830000e-02 
1.478000e-01 
1.740000e-02 
2.870000e-01 
2.610000e-02 
3.480000e-02 
1.565000e-01 
3.739000e-01 
2.087000e-01 
3.480000e-02 
1.740000e-02 
1.913000e-01 
3.480000e-02 
1.740000e-02 
1.826000e-01 
2.783000e-01 
1.652000e-01 
3.480000e-02 
1.043000e-01 
5.220000e-02 
2.696000e-01 
2.783000e-01 
1.391000e-01 
5.220000e-02 
1.740000e-02 
3.217000e-01 
2.610000e-02 
5.220000e-02 
6.696000e-01 
8.700000e-03 
8.700000e-03 
2.870000e-01 
4.696000e-01 
1.478000e-01 
6.960000e-02 
3.480000e-02 
3.913000e-01 
0 
8.700000e-02 
2.957000e-01 
5.826000e-01 
7.830000e-02 
3.480000e-02 
1.130000e-01 
4.435000e-01 
8.700000e-03 
5.220000e-02 
1.652000e-01 
6.696000e-01 
1.217000e-01 
4.350000e-02 
1.740000e-02 
2.696000e-01 
3.739000e-01 
8.700000e-03 
5.220000e-02 
1.740000e-02 
6.174000e-01 
4.350000e-02 
2.957000e-01 
8.700000e-02 
2.261000e-01 
8.700000e-02 
3.480000e-02 
5.913000e-01 
3.304000e-01 
2.610000e-02 
3.217000e-01 
9.570000e-02 
1.739000e-01 
1.652000e-01 
1.740000e-02 
6.087000e-01 
4.609000e-01 
3.480000e-02 
3.652000e-01 
6.960000e-02 
1.913000e-01 
7.830000e-02 
6.960000e-02 
3.913000e-01 
4.435000e-01 
3.480000e-02 
2.435000e-01 
6.960000e-02 
3.565000e-01 
6.090000e-02 
1.740000e-02 
5.739000e-01 
2.174000e-01 
4.350000e-02 
3.826000e-01 
1.740000e-02 
2.261000e-01 
1.043000e-01 
6.090000e-02 
4.870000e-01 
3.130000e-01 
6.090000e-02 
2.522000e-01 
6.090000e-02 
1.565000e-01 
1.826000e-01 
3.480000e-02 
6.261000e-01 
2.087000e-01 
2.610000e-02 
2.435000e-01 
1.739000e-01 
3.043000e-01 
5.220000e-02 
2.610000e-02 
6.087000e-01 
3.130000e-01 
8.700000e-03 
2.609000e-01 
4.350000e-02 
3.130000e-01 
4.350000e-02 
1.740000e-02 
5.043000e-01 
4.174000e-01 
1.740000e-02 
6.090000e-02 
6.870000e-01 
1.740000e-02 
2.261000e-01 
5.220000e-02 
6.960000e-02 
6.609000e-01 
1.740000e-02 
0 
7.130000e-01 
4.350000e-02 
2.174000e-01 
8.700000e-02 
1.304000e-01 
4.174000e-01 
0 
1.130000e-01 
2.870000e-01 
8.700000e-03 
1.130000e-01 
1.478000e-01 
8.700000e-02 
7.565000e-01 
7.830000e-02 
5.220000e-02 
6.261000e-01 
4.350000e-02 
3.217000e-01 
3.480000e-02 
3.480000e-02 
6.174000e-01 
7.830000e-02 
7.830000e-02 
3.913000e-01 
8.700000e-03 
1.739000e-01 
9.570000e-02 
1.740000e-02 
6.783000e-01 
1.740000e-02 
2.610000e-02 
7.304000e-01 
4.350000e-02 
2.435000e-01 
3.480000e-02 
5.220000e-02 
4.000000e-01 
8.700000e-03 
3.480000e-02 
4.348000e-01 
3.480000e-02 
1.826000e-01 
1.739000e-01 
1.130000e-01 
4.696000e-01 
1.740000e-02 
5.220000e-02 
5.217000e-01 
1.740000e-02 
2.261000e-01 
2.610000e-02 
3.480000e-02 
5.217000e-01 
1.391000e-01 
3.304000e-01 
8.700000e-02 
2.348000e-01 
6.960000e-02 
2.261000e-01 
4.350000e-02 
2.174000e-01 
1.739000e-01 
2.174000e-01 
1.478000e-01 
2.000000e-01 
7.830000e-02 
1.304000e-01 
6.090000e-02 
2.609000e-01 
4.350000e-02 
2.087000e-01 
7.830000e-02 
1.652000e-01 
9.570000e-02 
3.217000e-01 
7.830000e-02 
2.522000e-01 
6.090000e-02 
2.261000e-01 
1.130000e-01 
2.174000e-01 
4.350000e-02 
2.435000e-01 
9.570000e-02 
2.609000e-01 
4.350000e-02 
6.090000e-02 
5.220000e-02 
1.913000e-01 
1.652000e-01 
3.480000e-02 
3.826000e-01 
1.304000e-01 
1.740000e-02 
2.783000e-01 
7.830000e-02 
6.090000e-02 
1.043000e-01 
1.043000e-01 
4.435000e-01 
3.043000e-01 
1.740000e-02 
6.090000e-02 
4.957000e-01 
1.740000e-02 
1.565000e-01 
3.480000e-02 
2.610000e-02 
5.565000e-01 
5.220000e-02 
7.830000e-02 
3.480000e-02 
2.174000e-01 
6.090000e-02 
6.090000e-02 
4.522000e-01 
1.826000e-01 
2.610000e-02 
1.391000e-01 
6.960000e-02 
6.960000e-02 
5.220000e-02 
1.565000e-01 
5.043000e-01 
2.000000e-01 
1.740000e-02 
2.610000e-02 
4.783000e-01 
1.740000e-02 
1.130000e-01 
9.570000e-02 
2.610000e-02 
5.565000e-01 
7.830000e-02 
2.348000e-01 
4.350000e-02 
2.435000e-01 
1.130000e-01 
7.830000e-02 
3.480000e-02 
3.652000e-01 
1.130000e-01 
4.350000e-02 
1.217000e-01 
2.174000e-01 
1.304000e-01 
5.220000e-02 
1.304000e-01 
8.700000e-02 
9.570000e-02 
6.960000e-02 
6.960000e-02 
3.652000e-01 
9.570000e-02 
2.261000e-01 
8.700000e-02 
8.700000e-02 
1.478000e-01 
1.565000e-01 
1.565000e-01 
4.000000e-01 
7.830000e-02 
2.609000e-01 
2.610000e-02 
2.435000e-01 
1.739000e-01 
3.217000e-01 
3.480000e-02 
7.830000e-02 
6.090000e-02 
4.350000e-02 
8.700000e-02 
3.130000e-01 
1.391000e-01 
2.348000e-01 
2.610000e-02 
1.565000e-01 
6.960000e-02 
7.830000e-02 
1.043000e-01 
3.043000e-01 
6.960000e-02 
2.261000e-01 
3.480000e-02 
3.480000e-02 
8.700000e-02 
2.087000e-01 
7.830000e-02 
1.043000e-01 
7.830000e-02 
3.826000e-01 
1.391000e-01 
3.217000e-01 
