2.532000e-01 
5.190000e-01 
5.570000e-01 
2.532000e-01 
7.590000e-02 
6.076000e-01 
4.430000e-01 
2.658000e-01 
1.772000e-01 
3.671000e-01 
4.810000e-01 
2.025000e-01 
1.013000e-01 
2.785000e-01 
7.975000e-01 
8.860000e-02 
7.590000e-02 
5.823000e-01 
6.582000e-01 
6.330000e-02 
3.800000e-02 
7.215000e-01 
6.582000e-01 
1.139000e-01 
8.860000e-02 
5.063000e-01 
8.228000e-01 
2.025000e-01 
6.330000e-02 
7.468000e-01 
1.013000e-01 
2.530000e-02 
2.658000e-01 
2.152000e-01 
7.590000e-02 
1.139000e-01 
5.063000e-01 
2.658000e-01 
1.139000e-01 
1.772000e-01 
3.797000e-01 
3.797000e-01 
7.590000e-02 
2.278000e-01 
2.405000e-01 
3.165000e-01 
1.519000e-01 
1.646000e-01 
7.342000e-01 
2.152000e-01 
1.772000e-01 
1.899000e-01 
3.291000e-01 
3.038000e-01 
3.671000e-01 
4.430000e-01 
5.060000e-02 
1.392000e-01 
1.772000e-01 
3.038000e-01 
1.139000e-01 
7.590000e-02 
3.924000e-01 
5.060000e-02 
7.590000e-02 
6.203000e-01 
1.266000e-01 
5.060000e-02 
2.785000e-01 
6.203000e-01 
2.785000e-01 
1.139000e-01 
1.899000e-01 
4.430000e-01 
6.330000e-02 
8.860000e-02 
3.418000e-01 
8.101000e-01 
1.899000e-01 
2.530000e-02 
2.532000e-01 
7.595000e-01 
2.025000e-01 
6.330000e-02 
2.405000e-01 
3.797000e-01 
4.557000e-01 
1.772000e-01 
6.330000e-02 
2.658000e-01 
5.316000e-01 
3.291000e-01 
1.013000e-01 
1.772000e-01 
4.684000e-01 
6.330000e-02 
1.646000e-01 
3.797000e-01 
4.557000e-01 
1.899000e-01 
8.860000e-02 
4.557000e-01 
7.722000e-01 
8.860000e-02 
4.304000e-01 
2.405000e-01 
1.772000e-01 
3.671000e-01 
1.013000e-01 
4.051000e-01 
7.975000e-01 
7.590000e-02 
2.911000e-01 
4.684000e-01 
3.924000e-01 
2.658000e-01 
1.646000e-01 
4.684000e-01 
6.329000e-01 
7.590000e-02 
2.152000e-01 
4.304000e-01 
3.165000e-01 
2.405000e-01 
8.860000e-02 
5.190000e-01 
6.076000e-01 
1.266000e-01 
3.924000e-01 
3.544000e-01 
2.025000e-01 
2.785000e-01 
2.152000e-01 
5.443000e-01 
6.203000e-01 
8.860000e-02 
2.911000e-01 
3.418000e-01 
1.519000e-01 
4.304000e-01 
1.646000e-01 
6.456000e-01 
6.709000e-01 
1.519000e-01 
2.025000e-01 
3.924000e-01 
5.570000e-01 
2.278000e-01 
1.646000e-01 
5.823000e-01 
7.722000e-01 
1.013000e-01 
2.532000e-01 
2.911000e-01 
3.671000e-01 
2.785000e-01 
1.139000e-01 
5.949000e-01 
4.177000e-01 
3.800000e-02 
8.860000e-02 
3.797000e-01 
1.899000e-01 
2.152000e-01 
2.405000e-01 
1.266000e-01 
4.684000e-01 
7.590000e-02 
1.266000e-01 
6.076000e-01 
1.772000e-01 
1.899000e-01 
1.899000e-01 
2.278000e-01 
3.797000e-01 
8.860000e-02 
1.772000e-01 
4.937000e-01 
2.278000e-01 
2.785000e-01 
3.544000e-01 
5.060000e-02 
4.304000e-01 
1.266000e-01 
8.860000e-02 
5.570000e-01 
1.139000e-01 
4.051000e-01 
2.532000e-01 
1.392000e-01 
5.316000e-01 
8.860000e-02 
2.785000e-01 
5.443000e-01 
1.646000e-01 
3.038000e-01 
3.924000e-01 
5.060000e-02 
6.203000e-01 
5.060000e-02 
6.330000e-02 
5.190000e-01 
1.139000e-01 
2.658000e-01 
1.899000e-01 
2.278000e-01 
5.443000e-01 
1.139000e-01 
1.266000e-01 
7.595000e-01 
2.278000e-01 
1.013000e-01 
3.797000e-01 
2.152000e-01 
4.304000e-01 
1.519000e-01 
8.860000e-02 
5.823000e-01 
6.330000e-02 
2.658000e-01 
2.785000e-01 
3.800000e-02 
3.165000e-01 
1.899000e-01 
4.051000e-01 
2.532000e-01 
1.772000e-01 
2.278000e-01 
2.911000e-01 
2.785000e-01 
1.646000e-01 
2.658000e-01 
2.152000e-01 
4.051000e-01 
2.405000e-01 
1.519000e-01 
2.532000e-01 
2.658000e-01 
4.810000e-01 
1.392000e-01 
2.532000e-01 
2.152000e-01 
3.800000e-02 
3.924000e-01 
1.392000e-01 
2.405000e-01 
2.785000e-01 
2.025000e-01 
1.013000e-01 
4.684000e-01 
3.418000e-01 
1.139000e-01 
2.911000e-01 
1.646000e-01 
7.975000e-01 
1.772000e-01 
4.557000e-01 
4.684000e-01 
3.671000e-01 
4.177000e-01 
6.330000e-02 
4.810000e-01 
5.570000e-01 
5.060000e-02 
3.924000e-01 
4.051000e-01 
4.557000e-01 
4.177000e-01 
2.025000e-01 
5.696000e-01 
3.418000e-01 
1.266000e-01 
2.278000e-01 
4.810000e-01 
1.772000e-01 
5.063000e-01 
4.684000e-01 
2.025000e-01 
5.823000e-01 
1.646000e-01 
2.785000e-01 
3.291000e-01 
4.051000e-01 
1.899000e-01 
1.519000e-01 
6.329000e-01 
6.076000e-01 
1.266000e-01 
3.291000e-01 
3.797000e-01 
4.557000e-01 
4.557000e-01 
1.646000e-01 
4.684000e-01 
5.190000e-01 
8.860000e-02 
1.139000e-01 
5.570000e-01 
2.658000e-01 
4.051000e-01 
4.177000e-01 
2.785000e-01 
2.911000e-01 
2.152000e-01 
2.278000e-01 
1.519000e-01 
2.532000e-01 
3.924000e-01 
2.278000e-01 
4.304000e-01 
3.924000e-01 
4.177000e-01 
4.051000e-01 
4.304000e-01 
3.418000e-01 
3.671000e-01 
4.557000e-01 
5.696000e-01 
4.937000e-01 
4.684000e-01 
5.190000e-01 
3.924000e-01 
2.658000e-01 
2.405000e-01 
2.532000e-01 
2.911000e-01 
2.658000e-01 
4.177000e-01 
4.810000e-01 
4.684000e-01 
4.557000e-01 
3.924000e-01 
3.165000e-01 
1.899000e-01 
2.278000e-01 
3.544000e-01 
6.456000e-01 
3.165000e-01 
1.772000e-01 
4.684000e-01 
2.911000e-01 
4.430000e-01 
2.405000e-01 
3.165000e-01 
2.658000e-01 
1.139000e-01 
3.924000e-01 
4.684000e-01 
5.190000e-01 
4.304000e-01 
1.899000e-01 
2.278000e-01 
3.797000e-01 
1.519000e-01 
2.911000e-01 
1.899000e-01 
4.557000e-01 
3.797000e-01 
3.671000e-01 
4.430000e-01 
2.278000e-01 
3.418000e-01 
