3.958000e-01 
6.667000e-01 
2.917000e-01 
4.722000e-01 
3.750000e-01 
5.833000e-01 
4.375000e-01 
5.000000e-01 
7.292000e-01 
2.500000e-01 
4.375000e-01 
4.722000e-01 
6.250000e-01 
3.611000e-01 
1.875000e-01 
3.958000e-01 
8.958000e-01 
2.917000e-01 
1.667000e-01 
6.250000e-01 
6.458000e-01 
3.958000e-01 
4.167000e-01 
1.667000e-01 
3.333000e-01 
3.333000e-01 
3.542000e-01 
3.750000e-01 
1 
5.000000e-01 
5.833000e-01 
3.750000e-01 
1.250000e-01 
1.875000e-01 
3.333000e-01 
5.208000e-01 
6.667000e-01 
4.375000e-01 
4.375000e-01 
4.792000e-01 
2.292000e-01 
2.708000e-01 
1.458000e-01 
3.333000e-01 
3.750000e-01 
3.750000e-01 
4.583000e-01 
5.000000e-01 
2.500000e-01 
2.500000e-01 
1.667000e-01 
5.000000e-01 
3.958000e-01 
5.000000e-01 
3.958000e-01 
3.542000e-01 
1.667000e-01 
3.542000e-01 
5.417000e-01 
2.500000e-01 
7.083000e-01 
1.250000e-01 
3.333000e-01 
6.458000e-01 
1.667000e-01 
3.958000e-01 
1.875000e-01 
5.000000e-01 
4.792000e-01 
4.170000e-02 
2.917000e-01 
7.500000e-01 
5.417000e-01 
3.958000e-01 
2.708000e-01 
5.556000e-01 
5.625000e-01 
2.500000e-01 
4.792000e-01 
5.417000e-01 
5.278000e-01 
5.208000e-01 
1.250000e-01 
3.125000e-01 
7.500000e-01 
2.500000e-01 
6.250000e-02 
1.458000e-01 
4.375000e-01 
4.583000e-01 
3.750000e-01 
2.083000e-01 
5.208000e-01 
1.667000e-01 
5.417000e-01 
4.792000e-01 
8.750000e-01 
7.292000e-01 
2.292000e-01 
6.875000e-01 
1.875000e-01 
3.125000e-01 
6.042000e-01 
3.958000e-01 
6.667000e-01 
4.444000e-01 
2.292000e-01 
3.611000e-01 
2.778000e-01 
4.167000e-01 
4.722000e-01 
3.333000e-01 
7.083000e-01 
7.083000e-01 
3.889000e-01 
4.792000e-01 
5.625000e-01 
5.208000e-01 
6.042000e-01 
4.583000e-01 
6.042000e-01 
3.542000e-01 
4.375000e-01 
5.208000e-01 
4.792000e-01 
5.208000e-01 
5.417000e-01 
3.750000e-01 
9.722000e-01 
5.208000e-01 
2.500000e-01 
2.708000e-01 
3.333000e-01 
4.722000e-01 
5.208000e-01 
4.583000e-01 
1 
5.625000e-01 
2.500000e-01 
7.083000e-01 
5.000000e-01 
4.792000e-01 
3.333000e-01 
7.292000e-01 
1 
4.167000e-01 
3.958000e-01 
7.708000e-01 
3.333000e-01 
4.583000e-01 
6.944000e-01 
3.542000e-01 
5.833000e-01 
5.625000e-01 
3.056000e-01 
6.389000e-01 
3.750000e-01 
6.250000e-01 
3.958000e-01 
4.167000e-01 
2.778000e-01 
4.722000e-01 
2.500000e-01 
2.917000e-01 
8.542000e-01 
1.250000e-01 
2.292000e-01 
3.750000e-01 
3.889000e-01 
4.722000e-01 
6.250000e-02 
5.556000e-01 
5.556000e-01 
2.222000e-01 
3.125000e-01 
5.208000e-01 
2.917000e-01 
5.625000e-01 
2.083000e-01 
2.500000e-01 
4.583000e-01 
2.083000e-01 
1.875000e-01 
5.000000e-01 
3.542000e-01 
6.389000e-01 
3.056000e-01 
4.167000e-01 
6.875000e-01 
2.292000e-01 
3.958000e-01 
3.958000e-01 
4.167000e-01 
5.625000e-01 
1.667000e-01 
2.917000e-01 
4.792000e-01 
7.292000e-01 
3.611000e-01 
3.125000e-01 
6.042000e-01 
5.833000e-01 
3.542000e-01 
7.222000e-01 
6.667000e-01 
2.500000e-01 
4.583000e-01 
6.458000e-01 
4.722000e-01 
3.958000e-01 
1.389000e-01 
5.625000e-01 
7.708000e-01 
4.792000e-01 
5.000000e-01 
3.958000e-01 
6.667000e-01 
6.875000e-01 
2.708000e-01 
6.042000e-01 
8.056000e-01 
3.333000e-01 
2.917000e-01 
6.875000e-01 
2.500000e-01 
4.722000e-01 
5.417000e-01 
3.958000e-01 
4.792000e-01 
5.208000e-01 
4.167000e-01 
3.958000e-01 
5.208000e-01 
3.889000e-01 
3.125000e-01 
3.889000e-01 
4.583000e-01 
4.792000e-01 
4.792000e-01 
4.792000e-01 
4.375000e-01 
4.444000e-01 
3.750000e-01 
6.667000e-01 
3.958000e-01 
3.750000e-01 
2.917000e-01 
6.667000e-01 
3.958000e-01 
5.000000e-01 
3.750000e-01 
6.042000e-01 
6.458000e-01 
4.375000e-01 
5.208000e-01 
4.167000e-01 
7.917000e-01 
3.750000e-01 
3.958000e-01 
6.389000e-01 
7.292000e-01 
5.208000e-01 
6.875000e-01 
9.375000e-01 
6.875000e-01 
5.625000e-01 
2.292000e-01 
2.708000e-01 
5.000000e-01 
7.500000e-01 
3.750000e-01 
9.375000e-01 
7.292000e-01 
6.389000e-01 
1.875000e-01 
2.292000e-01 
5.833000e-01 
3.125000e-01 
5.417000e-01 
5.833000e-01 
9.444000e-01 
5.417000e-01 
8.333000e-01 
5.000000e-01 
6.250000e-01 
5.208000e-01 
5.417000e-01 
8.333000e-01 
6.458000e-01 
4.792000e-01 
2.083000e-01 
3.889000e-01 
4.792000e-01 
7.292000e-01 
4.792000e-01 
8.333000e-01 
7.292000e-01 
7.292000e-01 
2.292000e-01 
3.750000e-01 
9.375000e-01 
3.125000e-01 
5.000000e-01 
4.583000e-01 
8.542000e-01 
5.625000e-01 
5.417000e-01 
4.167000e-01 
3.542000e-01 
5.208000e-01 
6.667000e-01 
3.889000e-01 
9.722000e-01 
8.333000e-01 
5.417000e-01 
9.792000e-01 
6.250000e-01 
6.944000e-01 
6.875000e-01 
4.375000e-01 
8.333000e-01 
9.583000e-01 
4.792000e-01 
6.667000e-01 
5.556000e-01 
6.458000e-01 
4.167000e-01 
3.542000e-01 
5.278000e-01 
6.667000e-01 
6.250000e-01 
3.542000e-01 
4.375000e-01 
6.250000e-01 
9.792000e-01 
8.750000e-01 
5.278000e-01 
3.750000e-01 
7.083000e-01 
4.583000e-01 
3.333000e-01 
5.833000e-01 
3.750000e-01 
6.667000e-01 
7.500000e-01 
6.250000e-01 
5.625000e-01 
2.500000e-01 
5.000000e-01 
9.167000e-01 
7.292000e-01 
6.875000e-01 
8.611000e-01 
6.667000e-01 
6.389000e-01 
4.167000e-01 
3.333000e-01 
5.000000e-01 
5.208000e-01 
4.167000e-01 
2.917000e-01 
2.917000e-01 
