8.700000e-02 
8.696000e-01 
0 
4.350000e-02 
4.350000e-02 
4.350000e-02 
0 
8.700000e-02 
8.700000e-02 
4.350000e-02 
1.304000e-01 
1.739000e-01 
0 
4.350000e-02 
4.350000e-02 
8.700000e-02 
0 
4.350000e-02 
8.700000e-02 
1.304000e-01 
8.700000e-02 
0 
4.350000e-02 
4.350000e-02 
0 
4.350000e-02 
2.174000e-01 
2.174000e-01 
8.700000e-02 
1.739000e-01 
0 
8.700000e-02 
0 
4.350000e-02 
8.700000e-02 
4.350000e-02 
0 
8.700000e-02 
8.700000e-02 
8.700000e-02 
4.350000e-02 
4.350000e-02 
8.700000e-02 
4.350000e-02 
4.348000e-01 
0 
4.350000e-02 
0 
0 
4.350000e-02 
0 
4.350000e-02 
8.700000e-02 
4.350000e-02 
2.174000e-01 
0 
0 
4.350000e-02 
4.350000e-02 
8.700000e-02 
4.350000e-02 
8.700000e-02 
4.350000e-02 
0 
4.350000e-02 
8.700000e-02 
4.350000e-02 
4.350000e-02 
8.700000e-02 
0 
8.700000e-02 
8.700000e-02 
0 
8.700000e-02 
4.350000e-02 
4.350000e-02 
4.350000e-02 
8.700000e-02 
8.700000e-02 
4.350000e-02 
8.700000e-02 
1.304000e-01 
4.350000e-02 
0 
4.350000e-02 
0 
0 
0 
0 
0 
0 
4.350000e-02 
4.350000e-02 
0 
0 
0 
1.304000e-01 
4.350000e-02 
4.350000e-02 
4.350000e-02 
1.304000e-01 
4.350000e-02 
2.609000e-01 
0 
1.304000e-01 
1.739000e-01 
4.350000e-02 
1.739000e-01 
8.700000e-02 
4.350000e-02 
4.350000e-02 
8.700000e-02 
1.304000e-01 
4.350000e-02 
4.350000e-02 
2.609000e-01 
4.350000e-02 
1.304000e-01 
1.304000e-01 
4.350000e-02 
4.350000e-02 
4.350000e-02 
1.739000e-01 
1.739000e-01 
0 
0 
1.739000e-01 
1.739000e-01 
4.350000e-02 
8.700000e-02 
8.700000e-02 
4.783000e-01 
8.700000e-02 
1.304000e-01 
1.304000e-01 
8.700000e-02 
1.739000e-01 
8.700000e-02 
4.350000e-02 
8.700000e-02 
4.350000e-02 
4.350000e-02 
1.304000e-01 
1.304000e-01 
1.304000e-01 
0 
1.739000e-01 
3.913000e-01 
1.304000e-01 
1.304000e-01 
1.304000e-01 
1.304000e-01 
1.304000e-01 
8.700000e-02 
1.739000e-01 
4.783000e-01 
2.609000e-01 
1.304000e-01 
0 
4.350000e-02 
4.350000e-02 
4.350000e-02 
0 
4.350000e-02 
1.739000e-01 
8.700000e-02 
0 
4.350000e-02 
8.700000e-02 
8.700000e-02 
8.700000e-02 
1.304000e-01 
8.700000e-02 
0 
0 
8.700000e-02 
4.350000e-02 
4.350000e-02 
4.350000e-02 
8.700000e-02 
4.350000e-02 
0 
0 
4.350000e-02 
8.700000e-02 
8.700000e-02 
0 
0 
8.700000e-02 
8.700000e-02 
8.700000e-02 
8.700000e-02 
1.304000e-01 
0 
0 
4.350000e-02 
4.350000e-02 
2.174000e-01 
1.304000e-01 
4.350000e-02 
1.304000e-01 
1.304000e-01 
0 
1.304000e-01 
2.609000e-01 
4.350000e-02 
8.700000e-02 
8.700000e-02 
8.700000e-02 
8.700000e-02 
4.350000e-02 
4.350000e-02 
2.174000e-01 
0 
4.350000e-02 
8.700000e-02 
8.700000e-02 
4.350000e-02 
1.304000e-01 
4.350000e-02 
1.304000e-01 
4.350000e-02 
1.304000e-01 
1.739000e-01 
1.739000e-01 
2.609000e-01 
1.304000e-01 
0 
1.304000e-01 
2.609000e-01 
2.609000e-01 
4.350000e-02 
1.739000e-01 
8.700000e-02 
2.174000e-01 
3.913000e-01 
1.304000e-01 
2.609000e-01 
3.478000e-01 
4.350000e-02 
4.350000e-02 
4.783000e-01 
2.174000e-01 
8.700000e-02 
2.174000e-01 
1.739000e-01 
0 
3.043000e-01 
2.609000e-01 
1.304000e-01 
0 
3.043000e-01 
1.739000e-01 
3.043000e-01 
4.348000e-01 
3.478000e-01 
4.348000e-01 
6.087000e-01 
1.304000e-01 
2.609000e-01 
2.174000e-01 
3.043000e-01 
3.913000e-01 
3.043000e-01 
3.478000e-01 
6.522000e-01 
2.609000e-01 
1.739000e-01 
4.350000e-02 
4.350000e-02 
2.174000e-01 
4.350000e-02 
1.304000e-01 
2.174000e-01 
3.478000e-01 
4.350000e-02 
8.700000e-02 
4.350000e-02 
1.739000e-01 
1.739000e-01 
5.652000e-01 
1.739000e-01 
1.304000e-01 
3.478000e-01 
1.304000e-01 
4.783000e-01 
1.739000e-01 
3.043000e-01 
3.478000e-01 
6.087000e-01 
4.783000e-01 
3.478000e-01 
2.609000e-01 
1.739000e-01 
8.700000e-02 
1.739000e-01 
1.304000e-01 
2.609000e-01 
8.700000e-02 
4.350000e-02 
1.739000e-01 
8.700000e-02 
2.609000e-01 
2.609000e-01 
3.913000e-01 
7.391000e-01 
7.391000e-01 
0 
2.609000e-01 
2.174000e-01 
3.043000e-01 
2.174000e-01 
5.217000e-01 
6.522000e-01 
6.087000e-01 
3.043000e-01 
1 
9.130000e-01 
3.478000e-01 
2.609000e-01 
6.522000e-01 
5.652000e-01 
6.087000e-01 
6.957000e-01 
5.652000e-01 
6.087000e-01 
6.087000e-01 
2.174000e-01 
3.478000e-01 
2.609000e-01 
3.478000e-01 
8.700000e-02 
1.304000e-01 
3.478000e-01 
2.609000e-01 
8.700000e-02 
2.609000e-01 
3.043000e-01 
2.174000e-01 
5.217000e-01 
1.739000e-01 
1.739000e-01 
8.700000e-02 
3.043000e-01 
4.348000e-01 
6.957000e-01 
3.913000e-01 
5.217000e-01 
2.609000e-01 
4.348000e-01 
2.174000e-01 
2.609000e-01 
3.478000e-01 
4.783000e-01 
3.478000e-01 
4.350000e-02 
5.217000e-01 
3.478000e-01 
3.043000e-01 
1.739000e-01 
8.700000e-02 
8.700000e-02 
