5.880000e-02 
5.490000e-01 
3.920000e-02 
5.880000e-02 
3.920000e-02 
1.960000e-02 
1.960000e-02 
3.920000e-02 
7.840000e-02 
3.920000e-02 
5.880000e-02 
5.880000e-02 
1.961000e-01 
1.373000e-01 
1.960000e-02 
1.765000e-01 
2.157000e-01 
1.373000e-01 
7.840000e-02 
5.880000e-02 
7.840000e-02 
1.765000e-01 
5.880000e-02 
1.765000e-01 
1.176000e-01 
3.333000e-01 
1.569000e-01 
1.961000e-01 
1.765000e-01 
3.725000e-01 
3.920000e-02 
5.880000e-02 
3.920000e-02 
7.840000e-02 
5.880000e-02 
3.920000e-02 
1.176000e-01 
3.920000e-02 
1.176000e-01 
2.549000e-01 
1.765000e-01 
9.800000e-02 
1.765000e-01 
1.176000e-01 
5.880000e-02 
5.880000e-02 
7.840000e-02 
2.745000e-01 
7.840000e-02 
5.880000e-02 
1.373000e-01 
3.920000e-02 
1.373000e-01 
1.373000e-01 
5.880000e-02 
3.920000e-02 
3.920000e-02 
9.800000e-02 
1.960000e-02 
3.920000e-02 
1.373000e-01 
2.157000e-01 
1.960000e-02 
9.800000e-02 
5.880000e-02 
3.920000e-02 
1.960000e-02 
3.920000e-02 
1.960000e-02 
0 
7.840000e-02 
1.569000e-01 
1.765000e-01 
1.569000e-01 
1.960000e-02 
1.176000e-01 
9.800000e-02 
9.800000e-02 
1.960000e-02 
9.800000e-02 
1.765000e-01 
3.920000e-02 
1.960000e-02 
1.373000e-01 
1.765000e-01 
3.920000e-02 
7.840000e-02 
1.960000e-02 
1.960000e-02 
5.880000e-02 
1.176000e-01 
7.840000e-02 
1.176000e-01 
7.840000e-02 
9.800000e-02 
1.176000e-01 
2.157000e-01 
7.840000e-02 
3.920000e-02 
9.800000e-02 
1.373000e-01 
7.840000e-02 
1.569000e-01 
1.176000e-01 
1.373000e-01 
7.840000e-02 
2.745000e-01 
1.765000e-01 
4.118000e-01 
1.176000e-01 
1.176000e-01 
2.353000e-01 
1.569000e-01 
7.840000e-02 
1.373000e-01 
1.961000e-01 
1.176000e-01 
1.765000e-01 
7.840000e-02 
1.765000e-01 
1.961000e-01 
1.373000e-01 
1.373000e-01 
5.880000e-02 
7.840000e-02 
1.176000e-01 
9.800000e-02 
1.961000e-01 
7.840000e-02 
9.800000e-02 
1.961000e-01 
9.800000e-02 
9.800000e-02 
1.569000e-01 
1.569000e-01 
1.961000e-01 
5.880000e-02 
1.373000e-01 
2.941000e-01 
1.961000e-01 
2.549000e-01 
1.373000e-01 
2.941000e-01 
2.941000e-01 
1.176000e-01 
1.176000e-01 
2.157000e-01 
9.800000e-02 
1.569000e-01 
3.137000e-01 
1.960000e-02 
2.745000e-01 
1.961000e-01 
2.549000e-01 
2.941000e-01 
1.373000e-01 
1.569000e-01 
1.176000e-01 
0 
5.880000e-02 
0 
1.176000e-01 
1.960000e-02 
3.920000e-02 
1.176000e-01 
1.961000e-01 
7.840000e-02 
1.373000e-01 
1.373000e-01 
1.373000e-01 
1.765000e-01 
1.960000e-02 
2.353000e-01 
1.176000e-01 
5.880000e-02 
9.800000e-02 
5.880000e-02 
7.840000e-02 
3.920000e-02 
2.157000e-01 
4.706000e-01 
7.840000e-02 
5.880000e-02 
1.176000e-01 
7.840000e-02 
7.840000e-02 
1.960000e-02 
7.840000e-02 
1.176000e-01 
1.569000e-01 
1.373000e-01 
1.176000e-01 
3.920000e-02 
1.961000e-01 
9.800000e-02 
3.920000e-02 
2.353000e-01 
1.176000e-01 
7.840000e-02 
1.176000e-01 
1.176000e-01 
3.137000e-01 
1.176000e-01 
5.880000e-02 
1.373000e-01 
7.840000e-02 
7.840000e-02 
1.765000e-01 
5.880000e-02 
1.765000e-01 
1.373000e-01 
3.920000e-02 
2.157000e-01 
7.840000e-02 
1.373000e-01 
2.353000e-01 
1.960000e-02 
2.353000e-01 
2.745000e-01 
2.353000e-01 
1.961000e-01 
1.176000e-01 
9.800000e-02 
7.840000e-02 
3.920000e-02 
1.765000e-01 
2.353000e-01 
1.176000e-01 
1.176000e-01 
7.840000e-02 
9.800000e-02 
1.765000e-01 
3.137000e-01 
7.840000e-02 
1.176000e-01 
2.157000e-01 
3.920000e-02 
2.549000e-01 
2.353000e-01 
3.137000e-01 
1.961000e-01 
1.569000e-01 
3.529000e-01 
2.745000e-01 
3.922000e-01 
1.961000e-01 
3.333000e-01 
1.961000e-01 
3.137000e-01 
9.800000e-02 
3.137000e-01 
2.549000e-01 
2.549000e-01 
2.549000e-01 
5.880000e-02 
2.353000e-01 
2.549000e-01 
2.157000e-01 
3.137000e-01 
3.137000e-01 
2.549000e-01 
1.569000e-01 
1.765000e-01 
1.373000e-01 
1.373000e-01 
1.176000e-01 
1.373000e-01 
1.765000e-01 
5.294000e-01 
4.118000e-01 
2.157000e-01 
1.176000e-01 
7.840000e-02 
1.961000e-01 
1.961000e-01 
7.840000e-02 
1.569000e-01 
3.529000e-01 
1.765000e-01 
1.569000e-01 
1.961000e-01 
2.157000e-01 
2.745000e-01 
3.529000e-01 
1.765000e-01 
2.157000e-01 
1.569000e-01 
1.961000e-01 
1.961000e-01 
1.176000e-01 
3.333000e-01 
2.157000e-01 
2.941000e-01 
5.882000e-01 
1.569000e-01 
1.176000e-01 
5.880000e-02 
1.961000e-01 
2.549000e-01 
1.765000e-01 
2.745000e-01 
2.157000e-01 
2.549000e-01 
2.157000e-01 
4.902000e-01 
4.314000e-01 
3.725000e-01 
1.176000e-01 
2.941000e-01 
2.549000e-01 
2.549000e-01 
4.314000e-01 
1.569000e-01 
2.157000e-01 
3.529000e-01 
3.137000e-01 
2.941000e-01 
5.098000e-01 
4.706000e-01 
5.490000e-01 
4.510000e-01 
5.490000e-01 
5.686000e-01 
4.118000e-01 
3.333000e-01 
3.725000e-01 
2.353000e-01 
1.373000e-01 
3.529000e-01 
4.706000e-01 
3.725000e-01 
2.549000e-01 
3.922000e-01 
2.549000e-01 
2.353000e-01 
3.725000e-01 
2.353000e-01 
2.745000e-01 
3.529000e-01 
9.800000e-02 
2.157000e-01 
9.800000e-02 
4.510000e-01 
1.569000e-01 
1.176000e-01 
2.549000e-01 
3.333000e-01 
2.745000e-01 
2.745000e-01 
3.137000e-01 
4.706000e-01 
1.569000e-01 
2.353000e-01 
2.941000e-01 
2.353000e-01 
9.800000e-02 
2.157000e-01 
1.765000e-01 
1.765000e-01 
2.549000e-01 
3.529000e-01 
3.137000e-01 
