1.290000e-01 
2.742000e-01 
2.258000e-01 
4.355000e-01 
5.968000e-01 
2.419000e-01 
1.613000e-01 
3.226000e-01 
3.065000e-01 
8.060000e-02 
8.060000e-02 
4.677000e-01 
3.226000e-01 
1.935000e-01 
1.610000e-02 
5.645000e-01 
1 
1.290000e-01 
1.935000e-01 
6.935000e-01 
6.613000e-01 
6.450000e-02 
3.065000e-01 
7.097000e-01 
5.484000e-01 
1.935000e-01 
1.129000e-01 
5.161000e-01 
7.097000e-01 
2.097000e-01 
2.581000e-01 
4.032000e-01 
2.258000e-01 
2.903000e-01 
5.484000e-01 
3.065000e-01 
2.097000e-01 
9.680000e-02 
3.065000e-01 
2.742000e-01 
4.032000e-01 
3.065000e-01 
7.581000e-01 
3.065000e-01 
1.129000e-01 
1.129000e-01 
1.613000e-01 
2.903000e-01 
3.548000e-01 
2.742000e-01 
4.516000e-01 
2.742000e-01 
1.935000e-01 
1.290000e-01 
4.032000e-01 
4.032000e-01 
4.839000e-01 
4.032000e-01 
8.060000e-02 
1.774000e-01 
2.097000e-01 
3.387000e-01 
1.613000e-01 
3.065000e-01 
3.065000e-01 
1.290000e-01 
3.226000e-01 
9.194000e-01 
1.452000e-01 
6.450000e-02 
2.097000e-01 
4.839000e-01 
3.710000e-01 
1.290000e-01 
1.935000e-01 
8.226000e-01 
3.548000e-01 
0 
3.548000e-01 
6.290000e-01 
4.032000e-01 
1.613000e-01 
3.065000e-01 
6.774000e-01 
1.290000e-01 
1.613000e-01 
2.903000e-01 
3.871000e-01 
5.968000e-01 
1.452000e-01 
6.450000e-02 
3.548000e-01 
5.000000e-01 
4.516000e-01 
4.840000e-02 
4.516000e-01 
6.452000e-01 
4.839000e-01 
4.194000e-01 
3.871000e-01 
3.387000e-01 
3.226000e-01 
1.452000e-01 
4.355000e-01 
6.774000e-01 
2.742000e-01 
5.806000e-01 
4.677000e-01 
4.516000e-01 
5.323000e-01 
9.680000e-02 
4.839000e-01 
6.452000e-01 
1.774000e-01 
6.613000e-01 
4.194000e-01 
6.129000e-01 
1.452000e-01 
4.840000e-02 
3.548000e-01 
4.194000e-01 
4.355000e-01 
2.419000e-01 
5.000000e-01 
5.161000e-01 
5.161000e-01 
2.581000e-01 
4.677000e-01 
7.258000e-01 
2.258000e-01 
3.065000e-01 
3.710000e-01 
5.000000e-01 
2.419000e-01 
9.680000e-02 
4.032000e-01 
5.968000e-01 
3.226000e-01 
4.677000e-01 
5.484000e-01 
4.355000e-01 
4.032000e-01 
8.060000e-02 
6.935000e-01 
5.000000e-01 
3.710000e-01 
3.548000e-01 
4.839000e-01 
6.935000e-01 
3.226000e-01 
1.452000e-01 
5.161000e-01 
5.806000e-01 
3.710000e-01 
4.677000e-01 
4.677000e-01 
2.903000e-01 
9.680000e-02 
3.226000e-01 
5.000000e-01 
6.613000e-01 
2.097000e-01 
2.097000e-01 
5.323000e-01 
5.806000e-01 
3.871000e-01 
2.258000e-01 
4.194000e-01 
5.323000e-01 
2.419000e-01 
1.774000e-01 
7.419000e-01 
4.355000e-01 
4.355000e-01 
3.871000e-01 
5.323000e-01 
4.839000e-01 
2.742000e-01 
2.903000e-01 
6.129000e-01 
4.032000e-01 
3.226000e-01 
2.742000e-01 
2.581000e-01 
3.548000e-01 
2.742000e-01 
1.774000e-01 
7.742000e-01 
3.548000e-01 
4.032000e-01 
2.419000e-01 
3.226000e-01 
4.677000e-01 
1.452000e-01 
2.258000e-01 
5.484000e-01 
2.903000e-01 
5.968000e-01 
2.097000e-01 
5.323000e-01 
4.839000e-01 
2.581000e-01 
6.450000e-02 
6.935000e-01 
2.581000e-01 
5.000000e-01 
2.581000e-01 
3.710000e-01 
7.742000e-01 
2.742000e-01 
3.226000e-01 
6.129000e-01 
3.710000e-01 
3.226000e-01 
2.419000e-01 
3.710000e-01 
5.323000e-01 
2.742000e-01 
1.290000e-01 
5.645000e-01 
3.065000e-01 
4.032000e-01 
5.000000e-01 
2.742000e-01 
3.226000e-01 
2.903000e-01 
5.645000e-01 
5.000000e-01 
4.677000e-01 
3.548000e-01 
5.484000e-01 
5.161000e-01 
6.452000e-01 
4.516000e-01 
3.387000e-01 
3.871000e-01 
3.065000e-01 
2.419000e-01 
2.581000e-01 
4.194000e-01 
5.806000e-01 
2.258000e-01 
3.710000e-01 
4.677000e-01 
5.645000e-01 
3.065000e-01 
5.968000e-01 
4.677000e-01 
5.484000e-01 
1.452000e-01 
4.839000e-01 
4.032000e-01 
4.677000e-01 
4.032000e-01 
4.840000e-02 
5.484000e-01 
4.032000e-01 
3.548000e-01 
4.677000e-01 
3.548000e-01 
3.387000e-01 
3.065000e-01 
2.097000e-01 
3.226000e-01 
5.000000e-01 
2.097000e-01 
4.516000e-01 
3.387000e-01 
5.000000e-01 
2.097000e-01 
4.194000e-01 
5.000000e-01 
6.613000e-01 
2.419000e-01 
1.129000e-01 
7.419000e-01 
3.871000e-01 
2.581000e-01 
1.613000e-01 
3.710000e-01 
3.871000e-01 
3.871000e-01 
3.065000e-01 
3.548000e-01 
5.000000e-01 
4.516000e-01 
1.290000e-01 
4.032000e-01 
6.129000e-01 
1.935000e-01 
3.710000e-01 
3.871000e-01 
3.387000e-01 
2.419000e-01 
3.548000e-01 
4.516000e-01 
5.000000e-01 
1.613000e-01 
1.613000e-01 
6.290000e-01 
4.677000e-01 
4.677000e-01 
3.871000e-01 
5.161000e-01 
4.355000e-01 
2.258000e-01 
4.194000e-01 
3.065000e-01 
3.548000e-01 
4.194000e-01 
4.677000e-01 
3.226000e-01 
5.161000e-01 
3.710000e-01 
4.194000e-01 
3.387000e-01 
4.516000e-01 
2.903000e-01 
3.871000e-01 
5.323000e-01 
3.710000e-01 
4.032000e-01 
4.677000e-01 
3.548000e-01 
4.839000e-01 
2.581000e-01 
1.613000e-01 
4.032000e-01 
3.710000e-01 
5.161000e-01 
2.742000e-01 
3.548000e-01 
3.871000e-01 
3.710000e-01 
6.935000e-01 
1.290000e-01 
4.032000e-01 
2.581000e-01 
5.484000e-01 
2.258000e-01 
3.226000e-01 
3.226000e-01 
4.355000e-01 
5.645000e-01 
4.677000e-01 
4.032000e-01 
6.452000e-01 
4.355000e-01 
3.548000e-01 
4.677000e-01 
5.806000e-01 
3.548000e-01 
4.194000e-01 
2.903000e-01 
6.290000e-01 
3.387000e-01 
5.806000e-01 
5.323000e-01 
4.355000e-01 
3.065000e-01 
4.839000e-01 
6.129000e-01 
