3.000000e-01 
1.500000e-01 
1.200000e-01 
1.200000e-01 
1.000000e-01 
1.000000e-01 
1.000000e-01 
5.000000e-02 
2.000000e-01 
5.000000e-02 
1.000000e-01 
4.000000e-02 
1.500000e-01 
1.500000e-01 
2.500000e-01 
2.000000e-01 
1.000000e-01 
2.500000e-01 
5.000000e-01 
1.000000e-01 
1.500000e-01 
4.000000e-01 
1.500000e-01 
1.000000e-01 
5.000000e-02 
0 
2.400000e-01 
1.000000e-01 
5.000000e-02 
4.500000e-01 
0 
1.500000e-01 
4.000000e-01 
1.500000e-01 
1.500000e-01 
1.500000e-01 
5.000000e-02 
2.000000e-01 
2.400000e-01 
1.500000e-01 
1.500000e-01 
1.500000e-01 
1.600000e-01 
1.000000e-01 
3.000000e-01 
5.000000e-02 
4.000000e-02 
5.000000e-02 
1.000000e-01 
1.000000e-01 
5.000000e-02 
1.200000e-01 
2.000000e-01 
0 
1.000000e-01 
3.200000e-01 
1.500000e-01 
1.200000e-01 
1.200000e-01 
1.200000e-01 
1.500000e-01 
4.000000e-02 
1.000000e-01 
1.000000e-01 
1.000000e-01 
2.500000e-01 
5.000000e-02 
0 
4.000000e-02 
2.800000e-01 
3.200000e-01 
0 
8.000000e-02 
4.000000e-01 
3.000000e-01 
0 
5.000000e-02 
7.000000e-01 
1.500000e-01 
8.000000e-02 
1.500000e-01 
1.000000e-01 
5.000000e-02 
0 
4.000000e-02 
1.500000e-01 
1.200000e-01 
1.500000e-01 
0 
5.000000e-02 
1.000000e-01 
5.000000e-02 
1.000000e-01 
8.000000e-02 
3.000000e-01 
5.000000e-02 
8.000000e-02 
1.500000e-01 
1.000000e-01 
5.000000e-02 
5.000000e-02 
1.500000e-01 
1.500000e-01 
2.000000e-01 
0 
2.000000e-01 
2.400000e-01 
0 
4.000000e-02 
1.500000e-01 
4.000000e-01 
1.000000e-01 
2.500000e-01 
2.000000e-01 
3.500000e-01 
5.000000e-02 
5.000000e-02 
5.000000e-02 
1.500000e-01 
1.000000e-01 
0 
4.500000e-01 
3.500000e-01 
4.000000e-02 
0 
1.000000e-01 
3.000000e-01 
5.000000e-02 
5.000000e-02 
2.000000e-01 
1.000000e-01 
1.200000e-01 
5.000000e-02 
5.000000e-02 
2.500000e-01 
5.000000e-02 
0 
2.000000e-01 
1.000000e-01 
2.500000e-01 
2.000000e-01 
2.000000e-01 
1.000000e-01 
0 
1.000000e-01 
2.500000e-01 
3.000000e-01 
1.500000e-01 
1.500000e-01 
3.000000e-01 
2.000000e-01 
1.000000e-01 
1.000000e-01 
8.000000e-02 
1.500000e-01 
5.000000e-02 
0 
1.000000e-01 
3.500000e-01 
5.000000e-02 
1.000000e-01 
3.200000e-01 
0 
1.500000e-01 
2.400000e-01 
2.000000e-01 
1.500000e-01 
5.000000e-02 
2.500000e-01 
0 
2.500000e-01 
5.000000e-02 
1.500000e-01 
1.000000e-01 
3.500000e-01 
5.000000e-02 
4.000000e-02 
4.000000e-02 
1.000000e-01 
0 
2.000000e-01 
4.500000e-01 
5.000000e-02 
3.500000e-01 
4.000000e-02 
3.000000e-01 
1.200000e-01 
0 
5.000000e-02 
1.500000e-01 
2.000000e-01 
2.000000e-01 
0 
1.500000e-01 
2.000000e-01 
0 
2.500000e-01 
1.200000e-01 
1.500000e-01 
5.000000e-02 
0 
5.000000e-02 
4.500000e-01 
0 
1.000000e-01 
1.000000e-01 
1.000000e-01 
1.000000e-01 
1.500000e-01 
2.500000e-01 
5.000000e-01 
5.000000e-01 
1.000000e-01 
2.000000e-01 
2.500000e-01 
1.200000e-01 
0 
1.500000e-01 
1.500000e-01 
8.000000e-02 
0 
1.500000e-01 
4.000000e-02 
5.000000e-02 
2.500000e-01 
5.000000e-02 
2.500000e-01 
1.200000e-01 
1.200000e-01 
0 
1.500000e-01 
1.000000e-01 
1.000000e-01 
2.400000e-01 
2.500000e-01 
5.000000e-02 
1.500000e-01 
2.000000e-01 
5.000000e-02 
1.500000e-01 
1.000000e-01 
8.000000e-02 
0 
0 
5.000000e-02 
1.000000e-01 
1.500000e-01 
5.000000e-02 
1.000000e-01 
1.500000e-01 
1.500000e-01 
0 
1.000000e-01 
1.500000e-01 
4.000000e-02 
5.000000e-02 
4.000000e-02 
4.000000e-01 
2.000000e-01 
4.000000e-01 
3.500000e-01 
1.000000e-01 
3.600000e-01 
0 
5.000000e-02 
2.000000e-01 
1.500000e-01 
1.000000e-01 
1.500000e-01 
1.000000e-01 
2.500000e-01 
1.500000e-01 
1.200000e-01 
5.000000e-02 
5.000000e-02 
0 
2.500000e-01 
1.500000e-01 
1.000000e-01 
1.500000e-01 
2.000000e-01 
2.000000e-01 
8.000000e-02 
2.400000e-01 
1.000000e-01 
1.000000e-01 
2.500000e-01 
5.000000e-02 
0 
2.000000e-01 
4.000000e-02 
5.000000e-02 
1.500000e-01 
1.500000e-01 
3.000000e-01 
1.500000e-01 
0 
8.000000e-02 
5.000000e-02 
1.000000e-01 
1.000000e-01 
3.500000e-01 
2.500000e-01 
1.500000e-01 
4.000000e-02 
3.500000e-01 
2.500000e-01 
3.000000e-01 
1.000000e-01 
2.000000e-01 
3.000000e-01 
2.000000e-01 
8.000000e-02 
1.500000e-01 
1.000000e-01 
5.000000e-02 
5.000000e-02 
5.000000e-02 
3.000000e-01 
2.000000e-01 
8.000000e-02 
1.200000e-01 
1.600000e-01 
2.800000e-01 
1.000000e-01 
8.000000e-02 
2.500000e-01 
2.000000e-01 
0 
0 
1.000000e-01 
5.000000e-02 
1.200000e-01 
1.000000e-01 
1.000000e-01 
5.000000e-02 
2.000000e-01 
8.000000e-02 
0 
3.000000e-01 
1.000000e-01 
5.000000e-02 
1.600000e-01 
2.000000e-01 
1.500000e-01 
4.000000e-02 
0 
5.000000e-02 
1.500000e-01 
2.000000e-01 
4.000000e-02 
2.500000e-01 
2.500000e-01 
1.500000e-01 
2.000000e-01 
1.500000e-01 
0 
1.000000e-01 
2.000000e-01 
2.000000e-01 
1.200000e-01 
2.500000e-01 
