5.000000e-01 
7.308000e-01 
3.077000e-01 
5.385000e-01 
7.500000e-01 
3.846000e-01 
5.385000e-01 
5.000000e-01 
4.423000e-01 
2.115000e-01 
4.615000e-01 
4.615000e-01 
6.538000e-01 
3.846000e-01 
3.846000e-01 
2.500000e-01 
3.846000e-01 
2.115000e-01 
3.269000e-01 
5.385000e-01 
5.577000e-01 
2.308000e-01 
7.690000e-02 
4.038000e-01 
1.731000e-01 
7.690000e-02 
3.077000e-01 
3.077000e-01 
4.615000e-01 
1.346000e-01 
1.923000e-01 
1.346000e-01 
3.462000e-01 
5.577000e-01 
3.077000e-01 
2.115000e-01 
2.885000e-01 
2.308000e-01 
1.923000e-01 
3.269000e-01 
1.346000e-01 
7.885000e-01 
4.808000e-01 
3.654000e-01 
1.538000e-01 
3.462000e-01 
1.731000e-01 
2.692000e-01 
1.731000e-01 
6.731000e-01 
1.346000e-01 
2.115000e-01 
4.231000e-01 
6.538000e-01 
2.115000e-01 
5.385000e-01 
7.115000e-01 
6.154000e-01 
2.115000e-01 
1.731000e-01 
2.885000e-01 
4.231000e-01 
3.654000e-01 
2.885000e-01 
4.038000e-01 
4.808000e-01 
3.846000e-01 
4.423000e-01 
4.615000e-01 
3.654000e-01 
2.500000e-01 
3.654000e-01 
4.038000e-01 
4.808000e-01 
5.962000e-01 
6.731000e-01 
5.385000e-01 
2.115000e-01 
2.692000e-01 
3.462000e-01 
1.346000e-01 
6.154000e-01 
3.846000e-01 
2.115000e-01 
4.231000e-01 
3.846000e-01 
3.462000e-01 
4.808000e-01 
3.269000e-01 
5.962000e-01 
5.962000e-01 
2.885000e-01 
3.462000e-01 
4.231000e-01 
1.923000e-01 
2.885000e-01 
4.423000e-01 
3.654000e-01 
3.269000e-01 
7.885000e-01 
2.885000e-01 
4.038000e-01 
2.500000e-01 
1.538000e-01 
4.231000e-01 
5.192000e-01 
3.462000e-01 
2.308000e-01 
4.038000e-01 
2.500000e-01 
3.846000e-01 
3.269000e-01 
4.038000e-01 
1.923000e-01 
2.885000e-01 
5.962000e-01 
9.038000e-01 
4.615000e-01 
5.962000e-01 
2.500000e-01 
6.923000e-01 
6.923000e-01 
3.077000e-01 
3.462000e-01 
4.423000e-01 
6.346000e-01 
2.500000e-01 
1.923000e-01 
3.462000e-01 
4.423000e-01 
6.154000e-01 
4.615000e-01 
2.692000e-01 
5.000000e-01 
5.385000e-01 
1.538000e-01 
1.346000e-01 
6.731000e-01 
4.038000e-01 
6.346000e-01 
4.038000e-01 
5.769000e-01 
2.500000e-01 
3.654000e-01 
6.923000e-01 
5.385000e-01 
4.231000e-01 
4.615000e-01 
5.385000e-01 
1.731000e-01 
2.308000e-01 
2.500000e-01 
4.615000e-01 
4.808000e-01 
4.231000e-01 
2.885000e-01 
5.385000e-01 
1.538000e-01 
8.846000e-01 
7.115000e-01 
4.038000e-01 
6.731000e-01 
4.808000e-01 
8.846000e-01 
5.577000e-01 
3.846000e-01 
6.346000e-01 
6.731000e-01 
4.423000e-01 
5.385000e-01 
3.269000e-01 
6.346000e-01 
8.654000e-01 
4.615000e-01 
1 
4.038000e-01 
4.615000e-01 
8.269000e-01 
4.231000e-01 
4.423000e-01 
4.423000e-01 
3.654000e-01 
3.654000e-01 
3.846000e-01 
5.192000e-01 
4.423000e-01 
6.154000e-01 
6.731000e-01 
5.192000e-01 
4.231000e-01 
2.885000e-01 
3.077000e-01 
6.923000e-01 
6.346000e-01 
2.115000e-01 
6.346000e-01 
5.962000e-01 
1.538000e-01 
2.115000e-01 
3.846000e-01 
3.462000e-01 
2.500000e-01 
2.500000e-01 
8.269000e-01 
6.154000e-01 
2.692000e-01 
5.962000e-01 
3.654000e-01 
5.000000e-01 
5.000000e-01 
5.192000e-01 
6.538000e-01 
2.308000e-01 
3.462000e-01 
4.808000e-01 
6.731000e-01 
5.962000e-01 
1.346000e-01 
4.231000e-01 
3.846000e-01 
3.269000e-01 
5.577000e-01 
5.000000e-01 
8.846000e-01 
5.770000e-02 
4.808000e-01 
3.462000e-01 
8.846000e-01 
4.808000e-01 
4.615000e-01 
2.500000e-01 
3.654000e-01 
3.654000e-01 
4.038000e-01 
5.192000e-01 
4.423000e-01 
1.154000e-01 
4.808000e-01 
2.692000e-01 
9.615000e-01 
1.923000e-01 
2.308000e-01 
3.654000e-01 
3.846000e-01 
2.692000e-01 
1.538000e-01 
1.346000e-01 
3.077000e-01 
3.846000e-01 
2.692000e-01 
4.615000e-01 
6.731000e-01 
5.577000e-01 
4.038000e-01 
2.885000e-01 
4.808000e-01 
3.269000e-01 
5.385000e-01 
5.769000e-01 
5.769000e-01 
2.500000e-01 
2.500000e-01 
3.269000e-01 
9.620000e-02 
7.692000e-01 
6.731000e-01 
4.615000e-01 
4.423000e-01 
4.808000e-01 
5.000000e-01 
4.808000e-01 
4.615000e-01 
3.077000e-01 
7.308000e-01 
6.923000e-01 
5.000000e-01 
3.846000e-01 
5.000000e-01 
3.077000e-01 
2.115000e-01 
4.423000e-01 
4.423000e-01 
5.385000e-01 
6.923000e-01 
4.231000e-01 
4.038000e-01 
5.192000e-01 
1.346000e-01 
3.269000e-01 
2.885000e-01 
3.269000e-01 
3.269000e-01 
3.462000e-01 
4.038000e-01 
3.269000e-01 
4.231000e-01 
3.654000e-01 
3.654000e-01 
2.885000e-01 
1.731000e-01 
3.077000e-01 
5.000000e-01 
2.115000e-01 
7.692000e-01 
3.462000e-01 
6.923000e-01 
3.846000e-01 
3.077000e-01 
3.654000e-01 
2.885000e-01 
4.423000e-01 
5.385000e-01 
3.269000e-01 
4.038000e-01 
6.346000e-01 
5.577000e-01 
5.769000e-01 
2.500000e-01 
2.692000e-01 
8.654000e-01 
6.346000e-01 
4.808000e-01 
4.423000e-01 
6.154000e-01 
3.269000e-01 
1.923000e-01 
5.192000e-01 
2.308000e-01 
5.192000e-01 
7.692000e-01 
3.462000e-01 
4.423000e-01 
5.962000e-01 
8.462000e-01 
3.269000e-01 
5.192000e-01 
1.538000e-01 
7.308000e-01 
1.731000e-01 
5.577000e-01 
1.731000e-01 
6.346000e-01 
3.462000e-01 
3.077000e-01 
1.538000e-01 
3.077000e-01 
6.538000e-01 
2.500000e-01 
3.846000e-01 
6.538000e-01 
6.538000e-01 
6.346000e-01 
4.808000e-01 
4.231000e-01 
3.269000e-01 
3.269000e-01 
4.615000e-01 
5.769000e-01 
4.038000e-01 
1.346000e-01 
2.692000e-01 
6.346000e-01 
