0 
4.815000e-01 
7.410000e-02 
1.852000e-01 
1.852000e-01 
7.410000e-02 
1.481000e-01 
3.700000e-02 
1.852000e-01 
7.410000e-02 
0 
3.700000e-02 
3.700000e-02 
1.852000e-01 
2.593000e-01 
2.222000e-01 
7.410000e-02 
1.481000e-01 
1.111000e-01 
4.815000e-01 
1.852000e-01 
7.410000e-02 
2.593000e-01 
3.700000e-02 
3.700000e-02 
1.852000e-01 
4.444000e-01 
3.704000e-01 
2.222000e-01 
1.111000e-01 
1.111000e-01 
3.700000e-02 
1.111000e-01 
7.410000e-02 
0 
3.700000e-02 
1.481000e-01 
7.410000e-02 
1.111000e-01 
1.852000e-01 
1.852000e-01 
2.593000e-01 
1.481000e-01 
3.700000e-02 
2.593000e-01 
1.852000e-01 
1.481000e-01 
2.593000e-01 
1.111000e-01 
7.410000e-02 
1.111000e-01 
1.481000e-01 
1.111000e-01 
0 
7.410000e-02 
0 
2.593000e-01 
1.481000e-01 
7.410000e-02 
7.410000e-02 
1.481000e-01 
1.111000e-01 
0 
1.852000e-01 
1.852000e-01 
0 
7.410000e-02 
0 
1.111000e-01 
2.222000e-01 
7.410000e-02 
3.333000e-01 
1.481000e-01 
0 
3.333000e-01 
7.410000e-02 
1.852000e-01 
7.410000e-02 
1.111000e-01 
1.111000e-01 
1.481000e-01 
3.700000e-02 
2.593000e-01 
7.410000e-02 
7.410000e-02 
7.410000e-02 
1.111000e-01 
3.704000e-01 
3.700000e-02 
7.410000e-02 
2.593000e-01 
0 
3.700000e-02 
7.410000e-02 
3.704000e-01 
5.185000e-01 
1.852000e-01 
1.481000e-01 
4.815000e-01 
7.410000e-02 
1.111000e-01 
2.593000e-01 
2.963000e-01 
2.593000e-01 
1.481000e-01 
2.593000e-01 
6.667000e-01 
1.481000e-01 
1.852000e-01 
1.852000e-01 
2.222000e-01 
7.778000e-01 
1.111000e-01 
2.963000e-01 
1.481000e-01 
5.556000e-01 
1.111000e-01 
2.222000e-01 
3.333000e-01 
3.704000e-01 
2.963000e-01 
1.481000e-01 
7.778000e-01 
1.852000e-01 
1.852000e-01 
3.700000e-02 
6.667000e-01 
6.296000e-01 
7.410000e-02 
3.704000e-01 
3.700000e-02 
3.333000e-01 
3.333000e-01 
2.593000e-01 
3.333000e-01 
3.333000e-01 
2.593000e-01 
2.222000e-01 
5.926000e-01 
1.852000e-01 
5.185000e-01 
0 
5.556000e-01 
7.037000e-01 
3.704000e-01 
2.593000e-01 
5.556000e-01 
2.963000e-01 
1.852000e-01 
1.481000e-01 
4.444000e-01 
7.037000e-01 
1.481000e-01 
4.444000e-01 
7.037000e-01 
5.185000e-01 
3.333000e-01 
2.963000e-01 
3.700000e-02 
1.481000e-01 
3.700000e-02 
7.410000e-02 
3.700000e-02 
7.410000e-02 
3.700000e-02 
4.074000e-01 
3.700000e-02 
3.333000e-01 
1.111000e-01 
0 
2.222000e-01 
1.481000e-01 
1.852000e-01 
3.333000e-01 
1.481000e-01 
4.074000e-01 
0 
7.410000e-02 
1.481000e-01 
3.700000e-02 
3.700000e-02 
1 
1.852000e-01 
1.111000e-01 
4.074000e-01 
0 
0 
3.700000e-02 
1.852000e-01 
1.481000e-01 
1.852000e-01 
2.593000e-01 
4.815000e-01 
0 
1.111000e-01 
1.111000e-01 
1.481000e-01 
6.667000e-01 
1.481000e-01 
2.593000e-01 
1.852000e-01 
1.852000e-01 
2.963000e-01 
3.700000e-02 
2.222000e-01 
2.222000e-01 
1.481000e-01 
2.963000e-01 
1.111000e-01 
1.852000e-01 
4.074000e-01 
7.410000e-02 
2.222000e-01 
8.148000e-01 
7.410000e-02 
2.593000e-01 
2.222000e-01 
7.410000e-02 
4.074000e-01 
7.410000e-02 
2.222000e-01 
7.407000e-01 
2.593000e-01 
1.852000e-01 
7.037000e-01 
3.704000e-01 
2.593000e-01 
1.852000e-01 
1.481000e-01 
3.704000e-01 
2.963000e-01 
1.111000e-01 
4.074000e-01 
2.593000e-01 
4.074000e-01 
5.185000e-01 
6.296000e-01 
2.963000e-01 
1.481000e-01 
2.593000e-01 
1.111000e-01 
4.444000e-01 
4.444000e-01 
4.074000e-01 
1.111000e-01 
4.815000e-01 
7.037000e-01 
2.963000e-01 
5.556000e-01 
1.481000e-01 
2.593000e-01 
3.333000e-01 
2.963000e-01 
6.667000e-01 
3.704000e-01 
1.481000e-01 
1.111000e-01 
1.481000e-01 
6.296000e-01 
2.963000e-01 
2.963000e-01 
7.410000e-02 
3.333000e-01 
2.963000e-01 
1.111000e-01 
2.222000e-01 
0 
1.852000e-01 
3.333000e-01 
1.852000e-01 
2.593000e-01 
1.852000e-01 
1.481000e-01 
1.111000e-01 
1.481000e-01 
3.700000e-02 
1.852000e-01 
8.148000e-01 
6.296000e-01 
7.410000e-02 
7.410000e-02 
6.296000e-01 
8.519000e-01 
4.074000e-01 
1.852000e-01 
2.593000e-01 
2.222000e-01 
3.333000e-01 
2.593000e-01 
2.593000e-01 
3.704000e-01 
8.519000e-01 
3.700000e-02 
2.222000e-01 
7.410000e-02 
5.185000e-01 
7.410000e-02 
1.852000e-01 
3.333000e-01 
1.111000e-01 
1.852000e-01 
5.185000e-01 
1.481000e-01 
7.778000e-01 
7.778000e-01 
8.889000e-01 
5.556000e-01 
1.852000e-01 
2.222000e-01 
6.667000e-01 
4.444000e-01 
5.926000e-01 
3.333000e-01 
5.185000e-01 
6.296000e-01 
1.852000e-01 
2.963000e-01 
6.667000e-01 
4.444000e-01 
4.074000e-01 
2.222000e-01 
6.296000e-01 
4.074000e-01 
2.222000e-01 
7.407000e-01 
1.111000e-01 
4.815000e-01 
5.556000e-01 
4.444000e-01 
5.185000e-01 
1.481000e-01 
6.667000e-01 
4.074000e-01 
7.407000e-01 
3.333000e-01 
3.333000e-01 
6.296000e-01 
5.185000e-01 
1.481000e-01 
1.481000e-01 
2.593000e-01 
5.556000e-01 
5.926000e-01 
4.444000e-01 
8.148000e-01 
4.074000e-01 
1.852000e-01 
4.074000e-01 
4.074000e-01 
6.296000e-01 
8.519000e-01 
4.074000e-01 
3.704000e-01 
2.222000e-01 
5.556000e-01 
2.222000e-01 
1.111000e-01 
3.333000e-01 
1.852000e-01 
2.222000e-01 
3.333000e-01 
5.556000e-01 
