2.500000e-02 
0 
0 
3.000000e-01 
3.750000e-01 
2.500000e-02 
0 
5.000000e-02 
3.250000e-01 
5.000000e-02 
0 
1.250000e-01 
4.500000e-01 
0 
2.500000e-02 
3.250000e-01 
9.250000e-01 
5.000000e-02 
0 
6.750000e-01 
7.250000e-01 
0 
0 
3.500000e-01 
7.250000e-01 
2.500000e-02 
0 
4.250000e-01 
1 
0 
1.000000e-01 
2.500000e-02 
0 
0 
5.000000e-02 
7.500000e-02 
2.500000e-02 
0 
2.500000e-02 
7.500000e-02 
0 
0 
0 
1.000000e-01 
5.000000e-02 
2.500000e-02 
0 
5.000000e-02 
2.500000e-02 
0 
7.500000e-02 
1.250000e-01 
0 
2.500000e-02 
0 
2.500000e-02 
2.500000e-02 
2.500000e-02 
2.500000e-02 
2.500000e-02 
5.000000e-02 
2.500000e-02 
7.500000e-02 
1.750000e-01 
2.500000e-02 
2.500000e-02 
2.500000e-02 
2.000000e-01 
5.000000e-02 
5.000000e-02 
2.500000e-02 
7.500000e-02 
5.000000e-02 
0 
1.000000e-01 
3.000000e-01 
1.500000e-01 
0 
0 
1.500000e-01 
2.500000e-02 
0 
2.500000e-02 
4.250000e-01 
1.500000e-01 
0 
0 
0 
3.250000e-01 
5.000000e-02 
2.500000e-02 
0 
1.500000e-01 
1.750000e-01 
2.500000e-02 
2.500000e-02 
7.500000e-02 
2.500000e-02 
0 
1.250000e-01 
3.000000e-01 
2.500000e-02 
5.000000e-02 
5.000000e-02 
2.500000e-02 
0 
0 
5.000000e-02 
1.750000e-01 
0 
0 
2.500000e-02 
2.500000e-02 
0 
0 
1.250000e-01 
3.250000e-01 
0 
0 
0 
7.500000e-02 
0 
0 
2.000000e-01 
1.500000e-01 
2.500000e-02 
0 
5.000000e-02 
0 
0 
0 
7.500000e-02 
3.250000e-01 
0 
0 
1.000000e-01 
7.500000e-02 
2.500000e-02 
0 
2.500000e-02 
1.500000e-01 
0 
2.500000e-02 
0 
2.500000e-02 
0 
2.500000e-02 
0 
2.500000e-01 
0 
0 
0 
1.750000e-01 
2.500000e-02 
6.250000e-02 
5.000000e-02 
2.250000e-01 
0 
0 
7.500000e-02 
0 
5.000000e-02 
0 
0 
0 
0 
2.500000e-02 
0 
7.500000e-02 
0 
5.000000e-02 
0 
2.500000e-02 
0 
2.500000e-02 
0 
0 
0 
2.500000e-02 
0 
2.500000e-02 
2.500000e-02 
0 
0 
0 
2.500000e-02 
0 
2.500000e-02 
0 
2.500000e-02 
0 
0 
0 
0 
0 
0 
2.500000e-02 
5.000000e-02 
0 
0 
2.500000e-02 
0 
0 
0 
2.500000e-02 
2.500000e-02 
0 
2.500000e-02 
1.000000e-01 
0 
0 
2.500000e-02 
2.500000e-02 
2.500000e-02 
0 
0 
0 
2.500000e-02 
0 
5.000000e-02 
7.500000e-02 
0 
2.500000e-02 
0 
2.500000e-02 
2.500000e-02 
0 
0 
0 
0 
2.500000e-02 
0 
2.500000e-02 
7.500000e-02 
0 
2.500000e-02 
5.000000e-02 
0 
0 
7.500000e-02 
2.500000e-02 
0 
0 
5.000000e-02 
0 
0 
2.500000e-02 
0 
5.000000e-02 
2.500000e-02 
2.500000e-02 
5.000000e-02 
0 
0 
2.500000e-02 
1.250000e-01 
2.500000e-02 
0 
0 
2.000000e-01 
7.500000e-02 
0 
0 
5.000000e-02 
5.000000e-02 
5.000000e-02 
0 
2.500000e-02 
3.500000e-01 
2.500000e-02 
5.000000e-02 
7.500000e-02 
2.500000e-02 
0 
2.500000e-02 
2.500000e-02 
0 
0 
0 
1.000000e-01 
2.500000e-02 
0 
2.500000e-02 
2.000000e-01 
7.500000e-02 
0 
0 
7.500000e-02 
2.750000e-01 
5.000000e-02 
0 
2.500000e-02 
3.000000e-01 
0 
0 
2.500000e-02 
2.500000e-02 
2.500000e-02 
2.500000e-02 
0 
0 
2.500000e-02 
2.500000e-02 
0 
0 
5.000000e-02 
2.500000e-02 
0 
2.500000e-02 
0 
5.000000e-02 
7.500000e-02 
0 
2.500000e-02 
0 
5.000000e-02 
0 
0 
0 
0 
0 
0 
5.000000e-02 
0 
0 
0 
0 
0 
0 
0 
0 
2.500000e-02 
2.500000e-02 
0 
2.500000e-02 
2.500000e-02 
2.500000e-02 
2.500000e-02 
0 
7.500000e-02 
0 
0 
0 
2.500000e-02 
2.500000e-02 
0 
0 
2.500000e-02 
0 
2.500000e-02 
0 
5.000000e-02 
5.000000e-02 
0 
0 
0 
0 
0 
0 
2.500000e-02 
0 
0 
