0 
5.238000e-01 
1.973000e-01 
3.878000e-01 
3.061000e-01 
1.429000e-01 
1.701000e-01 
3.605000e-01 
3.673000e-01 
2.517000e-01 
1.973000e-01 
2.449000e-01 
2.449000e-01 
2.245000e-01 
5.102000e-01 
4.422000e-01 
1.429000e-01 
2.789000e-01 
6.939000e-01 
3.673000e-01 
3.878000e-01 
3.333000e-01 
4.286000e-01 
5.510000e-01 
3.878000e-01 
4.694000e-01 
7.415000e-01 
6.531000e-01 
3.333000e-01 
3.061000e-01 
2.517000e-01 
5.306000e-01 
2.245000e-01 
4.080000e-02 
3.265000e-01 
1.701000e-01 
1.837000e-01 
2.789000e-01 
5.306000e-01 
2.789000e-01 
3.878000e-01 
5.918000e-01 
4.422000e-01 
1.701000e-01 
3.878000e-01 
2.449000e-01 
5.510000e-01 
4.082000e-01 
9.592000e-01 
5.510000e-01 
1.156000e-01 
4.150000e-01 
5.510000e-01 
5.102000e-01 
3.605000e-01 
3.061000e-01 
3.061000e-01 
2.857000e-01 
5.714000e-01 
4.490000e-01 
6.327000e-01 
2.857000e-01 
4.694000e-01 
5.510000e-01 
2.245000e-01 
3.061000e-01 
3.333000e-01 
3.605000e-01 
2.245000e-01 
3.673000e-01 
5.102000e-01 
5.102000e-01 
3.878000e-01 
7.687000e-01 
4.966000e-01 
3.061000e-01 
3.878000e-01 
4.082000e-01 
4.150000e-01 
2.517000e-01 
2.041000e-01 
3.061000e-01 
4.082000e-01 
3.333000e-01 
4.898000e-01 
2.857000e-01 
7.415000e-01 
3.673000e-01 
4.694000e-01 
3.673000e-01 
3.061000e-01 
4.694000e-01 
3.265000e-01 
2.245000e-01 
1.973000e-01 
4.150000e-01 
2.653000e-01 
3.878000e-01 
3.605000e-01 
3.333000e-01 
5.238000e-01 
2.449000e-01 
1.973000e-01 
4.422000e-01 
1.701000e-01 
4.966000e-01 
4.150000e-01 
2.245000e-01 
3.605000e-01 
1.973000e-01 
5.510000e-01 
3.469000e-01 
2.449000e-01 
2.857000e-01 
2.789000e-01 
3.878000e-01 
3.605000e-01 
4.150000e-01 
8.503000e-01 
4.694000e-01 
1.837000e-01 
2.857000e-01 
3.878000e-01 
6.054000e-01 
5.510000e-01 
3.673000e-01 
4.422000e-01 
4.694000e-01 
5.510000e-01 
3.265000e-01 
3.061000e-01 
6.531000e-01 
3.333000e-01 
3.333000e-01 
4.694000e-01 
3.878000e-01 
4.082000e-01 
4.966000e-01 
3.469000e-01 
3.469000e-01 
2.653000e-01 
4.966000e-01 
6.599000e-01 
4.422000e-01 
3.469000e-01 
5.306000e-01 
5.918000e-01 
2.857000e-01 
4.422000e-01 
4.694000e-01 
5.918000e-01 
2.789000e-01 
4.422000e-01 
2.517000e-01 
5.306000e-01 
3.605000e-01 
3.333000e-01 
2.857000e-01 
4.286000e-01 
3.265000e-01 
3.333000e-01 
5.238000e-01 
4.082000e-01 
1.701000e-01 
2.041000e-01 
1.020000e-01 
2.245000e-01 
8.571000e-01 
2.857000e-01 
4.422000e-01 
3.469000e-01 
4.694000e-01 
2.041000e-01 
2.789000e-01 
4.286000e-01 
4.694000e-01 
4.966000e-01 
1.156000e-01 
4.490000e-01 
1.429000e-01 
6.599000e-01 
4.150000e-01 
4.082000e-01 
3.469000e-01 
5.306000e-01 
4.422000e-01 
2.041000e-01 
4.082000e-01 
3.605000e-01 
3.333000e-01 
6.599000e-01 
3.673000e-01 
3.265000e-01 
5.238000e-01 
5.782000e-01 
2.789000e-01 
5.306000e-01 
6.599000e-01 
6.054000e-01 
9.388000e-01 
2.517000e-01 
3.878000e-01 
5.510000e-01 
3.878000e-01 
6.327000e-01 
3.061000e-01 
5.102000e-01 
3.605000e-01 
1.701000e-01 
4.966000e-01 
9.592000e-01 
3.878000e-01 
2.245000e-01 
3.605000e-01 
6.122000e-01 
5.306000e-01 
3.061000e-01 
4.694000e-01 
6.054000e-01 
5.238000e-01 
6.871000e-01 
2.449000e-01 
3.333000e-01 
2.449000e-01 
3.265000e-01 
3.333000e-01 
3.469000e-01 
4.150000e-01 
2.449000e-01 
3.878000e-01 
6.120000e-02 
4.966000e-01 
5.782000e-01 
5.102000e-01 
4.490000e-01 
4.694000e-01 
2.789000e-01 
2.449000e-01 
6.122000e-01 
3.469000e-01 
3.605000e-01 
3.265000e-01 
4.286000e-01 
3.878000e-01 
6.120000e-02 
4.082000e-01 
3.878000e-01 
5.238000e-01 
2.789000e-01 
5.102000e-01 
8.776000e-01 
2.789000e-01 
3.265000e-01 
4.082000e-01 
4.150000e-01 
4.150000e-01 
4.898000e-01 
3.061000e-01 
5.918000e-01 
4.422000e-01 
3.605000e-01 
3.469000e-01 
6.531000e-01 
3.061000e-01 
2.245000e-01 
3.878000e-01 
5.102000e-01 
8.840000e-02 
3.605000e-01 
6.054000e-01 
2.245000e-01 
6.735000e-01 
5.510000e-01 
7.143000e-01 
4.286000e-01 
3.333000e-01 
2.245000e-01 
2.653000e-01 
4.490000e-01 
6.054000e-01 
2.517000e-01 
4.422000e-01 
3.469000e-01 
5.238000e-01 
5.714000e-01 
3.061000e-01 
2.857000e-01 
5.510000e-01 
4.490000e-01 
3.878000e-01 
4.150000e-01 
3.878000e-01 
3.061000e-01 
3.469000e-01 
5.306000e-01 
4.694000e-01 
4.694000e-01 
4.286000e-01 
4.082000e-01 
6.599000e-01 
4.286000e-01 
3.061000e-01 
3.605000e-01 
4.490000e-01 
3.878000e-01 
5.102000e-01 
3.061000e-01 
4.490000e-01 
7.415000e-01 
3.673000e-01 
4.490000e-01 
3.061000e-01 
4.422000e-01 
4.694000e-01 
4.082000e-01 
2.653000e-01 
5.510000e-01 
4.150000e-01 
2.857000e-01 
4.150000e-01 
4.286000e-01 
6.871000e-01 
4.490000e-01 
8.776000e-01 
5.510000e-01 
5.918000e-01 
5.714000e-01 
3.333000e-01 
4.694000e-01 
4.898000e-01 
6.599000e-01 
3.469000e-01 
2.789000e-01 
6.599000e-01 
4.286000e-01 
5.510000e-01 
3.605000e-01 
3.333000e-01 
4.966000e-01 
4.694000e-01 
5.102000e-01 
6.871000e-01 
3.469000e-01 
4.286000e-01 
3.469000e-01 
5.510000e-01 
5.510000e-01 
3.878000e-01 
4.898000e-01 
4.694000e-01 
6.122000e-01 
5.238000e-01 
4.898000e-01 
3.061000e-01 
3.265000e-01 
2.517000e-01 
6.939000e-01 
2.449000e-01 
3.878000e-01 
8.840000e-02 
1.633000e-01 
3.469000e-01 
