2.609000e-01 
5.507000e-01 
2.609000e-01 
1.594000e-01 
2.899000e-01 
2.899000e-01 
4.493000e-01 
3.188000e-01 
3.623000e-01 
5.797000e-01 
4.203000e-01 
2.464000e-01 
3.188000e-01 
4.203000e-01 
5.797000e-01 
2.319000e-01 
2.464000e-01 
6.377000e-01 
5.072000e-01 
4.058000e-01 
2.174000e-01 
7.101000e-01 
6.232000e-01 
2.029000e-01 
5.797000e-01 
6.812000e-01 
6.377000e-01 
2.609000e-01 
4.783000e-01 
4.493000e-01 
4.493000e-01 
4.203000e-01 
2.174000e-01 
2.319000e-01 
1.014000e-01 
1.014000e-01 
5.217000e-01 
5.362000e-01 
4.493000e-01 
4.928000e-01 
5.942000e-01 
3.768000e-01 
5.072000e-01 
4.348000e-01 
3.333000e-01 
5.072000e-01 
4.638000e-01 
5.362000e-01 
5.362000e-01 
2.319000e-01 
2.464000e-01 
1.884000e-01 
4.203000e-01 
5.942000e-01 
4.928000e-01 
2.319000e-01 
2.754000e-01 
2.899000e-01 
4.493000e-01 
4.928000e-01 
4.203000e-01 
5.217000e-01 
2.609000e-01 
2.754000e-01 
3.623000e-01 
4.058000e-01 
3.043000e-01 
2.029000e-01 
3.768000e-01 
3.913000e-01 
5.797000e-01 
5.072000e-01 
5.072000e-01 
5.942000e-01 
4.058000e-01 
3.478000e-01 
4.783000e-01 
6.087000e-01 
3.768000e-01 
3.333000e-01 
5.797000e-01 
4.638000e-01 
5.217000e-01 
1.449000e-01 
3.188000e-01 
5.942000e-01 
3.333000e-01 
3.188000e-01 
2.464000e-01 
5.797000e-01 
5.507000e-01 
4.638000e-01 
4.493000e-01 
6.087000e-01 
6.377000e-01 
6.377000e-01 
3.768000e-01 
4.493000e-01 
7.101000e-01 
5.217000e-01 
4.348000e-01 
6.957000e-01 
7.971000e-01 
3.768000e-01 
5.072000e-01 
6.377000e-01 
4.783000e-01 
4.928000e-01 
5.507000e-01 
6.377000e-01 
5.652000e-01 
4.638000e-01 
6.377000e-01 
4.928000e-01 
6.667000e-01 
3.768000e-01 
7.101000e-01 
7.101000e-01 
7.826000e-01 
6.232000e-01 
5.797000e-01 
4.348000e-01 
5.797000e-01 
3.623000e-01 
7.391000e-01 
5.217000e-01 
4.638000e-01 
5.942000e-01 
7.391000e-01 
7.536000e-01 
7.536000e-01 
5.507000e-01 
7.391000e-01 
6.957000e-01 
8.841000e-01 
6.522000e-01 
8.406000e-01 
4.928000e-01 
7.391000e-01 
5.217000e-01 
5.362000e-01 
6.957000e-01 
9.565000e-01 
6.232000e-01 
4.203000e-01 
6.522000e-01 
7.391000e-01 
5.507000e-01 
7.101000e-01 
5.217000e-01 
6.522000e-01 
4.203000e-01 
6.377000e-01 
7.826000e-01 
5.362000e-01 
4.638000e-01 
4.348000e-01 
7.246000e-01 
3.913000e-01 
5.362000e-01 
5.652000e-01 
7.246000e-01 
5.797000e-01 
4.783000e-01 
5.217000e-01 
6.377000e-01 
7.971000e-01 
6.232000e-01 
6.812000e-01 
7.681000e-01 
6.232000e-01 
4.493000e-01 
4.638000e-01 
7.101000e-01 
3.478000e-01 
6.087000e-01 
5.507000e-01 
7.971000e-01 
7.391000e-01 
7.101000e-01 
3.913000e-01 
6.667000e-01 
4.638000e-01 
4.928000e-01 
5.942000e-01 
5.362000e-01 
7.826000e-01 
4.928000e-01 
6.522000e-01 
6.957000e-01 
4.783000e-01 
4.348000e-01 
6.812000e-01 
7.391000e-01 
6.812000e-01 
6.087000e-01 
6.812000e-01 
4.638000e-01 
5.652000e-01 
4.348000e-01 
7.681000e-01 
7.681000e-01 
5.507000e-01 
4.783000e-01 
6.232000e-01 
5.507000e-01 
6.667000e-01 
7.826000e-01 
6.232000e-01 
6.522000e-01 
7.101000e-01 
5.217000e-01 
6.377000e-01 
6.232000e-01 
7.391000e-01 
5.797000e-01 
8.116000e-01 
6.812000e-01 
7.391000e-01 
6.522000e-01 
5.507000e-01 
6.957000e-01 
4.058000e-01 
6.087000e-01 
5.362000e-01 
6.232000e-01 
6.087000e-01 
5.507000e-01 
6.522000e-01 
6.957000e-01 
6.232000e-01 
4.783000e-01 
5.217000e-01 
5.797000e-01 
9.275000e-01 
7.826000e-01 
5.652000e-01 
8.551000e-01 
6.957000e-01 
6.812000e-01 
8.986000e-01 
6.957000e-01 
7.391000e-01 
3.913000e-01 
5.797000e-01 
7.681000e-01 
8.696000e-01 
7.536000e-01 
7.101000e-01 
6.377000e-01 
7.101000e-01 
6.667000e-01 
6.812000e-01 
6.377000e-01 
6.957000e-01 
8.261000e-01 
6.522000e-01 
5.942000e-01 
6.087000e-01 
5.652000e-01 
3.478000e-01 
5.797000e-01 
5.072000e-01 
5.507000e-01 
5.652000e-01 
5.942000e-01 
8.841000e-01 
6.957000e-01 
3.913000e-01 
5.362000e-01 
4.783000e-01 
2.899000e-01 
4.928000e-01 
4.928000e-01 
9.710000e-01 
5.942000e-01 
6.812000e-01 
4.928000e-01 
6.377000e-01 
7.536000e-01 
6.812000e-01 
3.913000e-01 
5.942000e-01 
4.928000e-01 
4.638000e-01 
6.087000e-01 
5.507000e-01 
5.942000e-01 
5.652000e-01 
7.536000e-01 
5.797000e-01 
5.217000e-01 
4.348000e-01 
6.232000e-01 
5.942000e-01 
4.638000e-01 
5.652000e-01 
7.826000e-01 
5.797000e-01 
5.217000e-01 
5.942000e-01 
5.507000e-01 
4.638000e-01 
6.377000e-01 
5.362000e-01 
5.652000e-01 
4.203000e-01 
6.232000e-01 
7.971000e-01 
5.797000e-01 
5.652000e-01 
5.072000e-01 
5.217000e-01 
6.377000e-01 
6.087000e-01 
4.928000e-01 
4.928000e-01 
7.391000e-01 
6.377000e-01 
5.652000e-01 
5.652000e-01 
4.928000e-01 
5.652000e-01 
5.072000e-01 
5.507000e-01 
5.072000e-01 
6.087000e-01 
6.957000e-01 
6.087000e-01 
6.232000e-01 
6.957000e-01 
5.797000e-01 
6.667000e-01 
4.783000e-01 
5.797000e-01 
6.087000e-01 
6.812000e-01 
1 
5.942000e-01 
7.246000e-01 
6.957000e-01 
7.246000e-01 
4.493000e-01 
6.522000e-01 
6.812000e-01 
6.812000e-01 
6.232000e-01 
7.101000e-01 
7.681000e-01 
5.507000e-01 
5.507000e-01 
5.652000e-01 
7.971000e-01 
4.783000e-01 
4.928000e-01 
5.652000e-01 
5.942000e-01 
6.522000e-01 
7.971000e-01 
6.522000e-01 
5.797000e-01 
6.522000e-01 
