3.415000e-01 
4.878000e-01 
4.390000e-01 
2.683000e-01 
5.122000e-01 
2.683000e-01 
2.439000e-01 
5.122000e-01 
2.439000e-01 
1.707000e-01 
1.707000e-01 
1.951000e-01 
2.195000e-01 
1.707000e-01 
6.585000e-01 
6.098000e-01 
2.195000e-01 
3.415000e-01 
3.171000e-01 
3.415000e-01 
2.683000e-01 
2.195000e-01 
4.634000e-01 
9.512000e-01 
1.463000e-01 
2.683000e-01 
3.902000e-01 
3.659000e-01 
1.951000e-01 
2.439000e-01 
3.171000e-01 
7.320000e-02 
2.440000e-02 
2.195000e-01 
4.634000e-01 
5.610000e-01 
5.610000e-01 
7.073000e-01 
4.878000e-01 
2.439000e-01 
1.220000e-01 
1.707000e-01 
4.634000e-01 
1 
4.390000e-01 
4.878000e-01 
6.098000e-01 
1.220000e-01 
1.707000e-01 
1.707000e-01 
2.927000e-01 
4.878000e-01 
5.122000e-01 
3.902000e-01 
1.220000e-01 
3.415000e-01 
5.366000e-01 
5.854000e-01 
7.805000e-01 
8.049000e-01 
2.927000e-01 
1.220000e-01 
4.146000e-01 
1.951000e-01 
2.195000e-01 
2.195000e-01 
4.146000e-01 
3.659000e-01 
5.122000e-01 
2.439000e-01 
4.878000e-01 
6.341000e-01 
7.320000e-02 
1.220000e-01 
4.634000e-01 
7.561000e-01 
3.902000e-01 
3.659000e-01 
7.561000e-01 
2.927000e-01 
1.220000e-01 
1.463000e-01 
5.122000e-01 
3.902000e-01 
3.902000e-01 
4.390000e-01 
1.220000e-01 
4.390000e-01 
7.317000e-01 
3.659000e-01 
1.707000e-01 
3.171000e-01 
3.415000e-01 
3.171000e-01 
4.878000e-01 
5.366000e-01 
2.195000e-01 
1.220000e-01 
3.171000e-01 
6.341000e-01 
5.366000e-01 
5.122000e-01 
2.195000e-01 
7.317000e-01 
1.463000e-01 
1.951000e-01 
2.439000e-01 
4.878000e-01 
2.683000e-01 
2.195000e-01 
4.878000e-01 
3.415000e-01 
4.146000e-01 
7.320000e-02 
2.683000e-01 
4.146000e-01 
3.659000e-01 
7.561000e-01 
2.195000e-01 
4.390000e-01 
4.390000e-01 
2.683000e-01 
3.902000e-01 
4.146000e-01 
4.634000e-01 
3.902000e-01 
3.171000e-01 
3.415000e-01 
5.854000e-01 
7.320000e-02 
3.171000e-01 
3.902000e-01 
2.927000e-01 
2.439000e-01 
2.927000e-01 
3.415000e-01 
3.171000e-01 
2.439000e-01 
2.683000e-01 
4.634000e-01 
5.122000e-01 
3.171000e-01 
3.659000e-01 
3.171000e-01 
3.415000e-01 
3.415000e-01 
4.146000e-01 
4.390000e-01 
6.829000e-01 
4.146000e-01 
3.902000e-01 
3.659000e-01 
1.707000e-01 
1.220000e-01 
3.659000e-01 
1.220000e-01 
5.366000e-01 
3.171000e-01 
2.439000e-01 
5.854000e-01 
2.439000e-01 
2.440000e-02 
5.854000e-01 
2.927000e-01 
9.760000e-02 
2.195000e-01 
1.707000e-01 
3.171000e-01 
5.610000e-01 
3.415000e-01 
2.927000e-01 
4.146000e-01 
9.760000e-02 
2.195000e-01 
3.659000e-01 
4.634000e-01 
5.854000e-01 
2.927000e-01 
2.439000e-01 
3.171000e-01 
1.951000e-01 
3.415000e-01 
3.171000e-01 
3.171000e-01 
6.098000e-01 
2.927000e-01 
3.415000e-01 
4.390000e-01 
1.951000e-01 
3.902000e-01 
3.902000e-01 
4.634000e-01 
5.122000e-01 
3.171000e-01 
2.439000e-01 
6.098000e-01 
2.439000e-01 
2.683000e-01 
4.634000e-01 
2.195000e-01 
4.634000e-01 
5.122000e-01 
3.171000e-01 
7.561000e-01 
4.146000e-01 
2.195000e-01 
5.610000e-01 
3.902000e-01 
4.634000e-01 
3.902000e-01 
5.122000e-01 
3.415000e-01 
2.195000e-01 
3.415000e-01 
2.927000e-01 
4.878000e-01 
6.098000e-01 
2.683000e-01 
4.634000e-01 
5.122000e-01 
4.390000e-01 
3.659000e-01 
2.927000e-01 
2.683000e-01 
5.122000e-01 
3.902000e-01 
5.854000e-01 
3.902000e-01 
3.415000e-01 
4.146000e-01 
3.415000e-01 
5.122000e-01 
4.390000e-01 
1.707000e-01 
3.659000e-01 
2.683000e-01 
4.878000e-01 
3.171000e-01 
3.902000e-01 
4.634000e-01 
2.439000e-01 
4.634000e-01 
2.683000e-01 
2.439000e-01 
6.341000e-01 
3.171000e-01 
6.585000e-01 
2.195000e-01 
4.390000e-01 
4.146000e-01 
3.659000e-01 
6.341000e-01 
3.415000e-01 
7.317000e-01 
9.760000e-02 
5.610000e-01 
2.439000e-01 
2.927000e-01 
3.659000e-01 
5.610000e-01 
9.512000e-01 
9.760000e-02 
5.610000e-01 
4.146000e-01 
4.146000e-01 
3.171000e-01 
3.659000e-01 
6.585000e-01 
1.951000e-01 
2.927000e-01 
4.390000e-01 
5.366000e-01 
3.902000e-01 
1.951000e-01 
1.463000e-01 
3.659000e-01 
3.415000e-01 
3.171000e-01 
4.634000e-01 
2.683000e-01 
1.951000e-01 
7.320000e-02 
4.390000e-01 
4.146000e-01 
7.561000e-01 
4.878000e-01 
6.341000e-01 
4.146000e-01 
2.439000e-01 
1.951000e-01 
4.634000e-01 
4.878000e-01 
2.439000e-01 
3.171000e-01 
3.171000e-01 
3.902000e-01 
4.390000e-01 
2.195000e-01 
5.610000e-01 
5.366000e-01 
3.659000e-01 
4.146000e-01 
1.951000e-01 
3.171000e-01 
4.878000e-01 
1.951000e-01 
3.659000e-01 
4.390000e-01 
3.659000e-01 
2.927000e-01 
2.927000e-01 
2.927000e-01 
4.878000e-01 
2.439000e-01 
4.634000e-01 
4.878000e-01 
5.854000e-01 
5.122000e-01 
2.927000e-01 
7.073000e-01 
5.366000e-01 
5.122000e-01 
5.366000e-01 
4.878000e-01 
2.927000e-01 
2.195000e-01 
1.951000e-01 
3.902000e-01 
3.415000e-01 
4.390000e-01 
6.098000e-01 
3.415000e-01 
5.854000e-01 
3.171000e-01 
3.659000e-01 
1.220000e-01 
2.683000e-01 
3.415000e-01 
3.902000e-01 
4.634000e-01 
2.195000e-01 
1.951000e-01 
4.390000e-01 
3.902000e-01 
2.683000e-01 
4.878000e-01 
3.171000e-01 
4.390000e-01 
4.878000e-01 
5.366000e-01 
6.098000e-01 
4.878000e-01 
2.927000e-01 
2.683000e-01 
3.171000e-01 
2.439000e-01 
2.683000e-01 
6.341000e-01 
3.415000e-01 
5.366000e-01 
4.146000e-01 
2.195000e-01 
