1.471000e-01 
2.353000e-01 
3.824000e-01 
2.647000e-01 
2.941000e-01 
3.235000e-01 
7.647000e-01 
5.588000e-01 
5.588000e-01 
1.471000e-01 
1.176000e-01 
3.529000e-01 
8.820000e-02 
1.176000e-01 
5.000000e-01 
5.588000e-01 
4.706000e-01 
3.235000e-01 
3.824000e-01 
5.882000e-01 
2.059000e-01 
2.059000e-01 
4.706000e-01 
3.824000e-01 
1.471000e-01 
2.647000e-01 
3.824000e-01 
5.294000e-01 
5.294000e-01 
2.940000e-02 
8.820000e-02 
2.059000e-01 
2.647000e-01 
2.059000e-01 
5.588000e-01 
4.706000e-01 
5.882000e-01 
1.765000e-01 
2.059000e-01 
1.765000e-01 
1.765000e-01 
2.353000e-01 
5.588000e-01 
8.820000e-02 
1.765000e-01 
2.647000e-01 
3.529000e-01 
2.059000e-01 
8.820000e-02 
1.765000e-01 
3.529000e-01 
1.471000e-01 
2.059000e-01 
1.765000e-01 
1.176000e-01 
4.118000e-01 
5.588000e-01 
4.118000e-01 
6.176000e-01 
1.765000e-01 
8.820000e-02 
1.765000e-01 
1.176000e-01 
3.529000e-01 
2.059000e-01 
2.059000e-01 
2.941000e-01 
7.353000e-01 
3.824000e-01 
2.059000e-01 
1.176000e-01 
3.824000e-01 
1.176000e-01 
1.176000e-01 
4.706000e-01 
3.824000e-01 
3.529000e-01 
2.647000e-01 
3.824000e-01 
3.529000e-01 
4.412000e-01 
2.059000e-01 
5.882000e-01 
2.647000e-01 
8.820000e-02 
2.940000e-02 
3.235000e-01 
5.882000e-01 
3.824000e-01 
3.824000e-01 
2.941000e-01 
0 
2.941000e-01 
3.235000e-01 
3.235000e-01 
2.647000e-01 
2.353000e-01 
5.000000e-01 
5.294000e-01 
2.647000e-01 
2.647000e-01 
3.235000e-01 
4.118000e-01 
3.235000e-01 
8.820000e-02 
2.647000e-01 
4.118000e-01 
2.941000e-01 
5.882000e-01 
1.471000e-01 
3.529000e-01 
3.824000e-01 
4.412000e-01 
3.529000e-01 
5.882000e-01 
2.059000e-01 
5.294000e-01 
5.880000e-02 
2.353000e-01 
2.059000e-01 
2.059000e-01 
4.412000e-01 
7.647000e-01 
5.294000e-01 
5.588000e-01 
2.647000e-01 
3.235000e-01 
2.353000e-01 
5.588000e-01 
2.059000e-01 
2.353000e-01 
8.820000e-02 
4.412000e-01 
2.353000e-01 
2.059000e-01 
3.235000e-01 
1.471000e-01 
2.941000e-01 
2.647000e-01 
3.824000e-01 
5.294000e-01 
2.647000e-01 
4.412000e-01 
5.588000e-01 
2.940000e-02 
4.118000e-01 
4.706000e-01 
2.059000e-01 
5.588000e-01 
5.880000e-02 
4.118000e-01 
1.176000e-01 
2.059000e-01 
2.941000e-01 
3.235000e-01 
3.529000e-01 
5.294000e-01 
2.940000e-02 
3.235000e-01 
7.059000e-01 
3.824000e-01 
3.235000e-01 
4.706000e-01 
2.941000e-01 
4.412000e-01 
2.647000e-01 
3.529000e-01 
5.000000e-01 
1.765000e-01 
2.940000e-02 
7.353000e-01 
5.000000e-01 
6.471000e-01 
2.353000e-01 
3.529000e-01 
5.000000e-01 
2.059000e-01 
2.059000e-01 
2.353000e-01 
1.471000e-01 
2.353000e-01 
1.765000e-01 
1.765000e-01 
5.588000e-01 
4.706000e-01 
4.118000e-01 
5.000000e-01 
3.529000e-01 
1.471000e-01 
2.059000e-01 
2.941000e-01 
5.882000e-01 
4.118000e-01 
1.471000e-01 
3.824000e-01 
1.176000e-01 
1.765000e-01 
2.353000e-01 
4.412000e-01 
5.588000e-01 
2.059000e-01 
3.235000e-01 
7.059000e-01 
2.647000e-01 
3.529000e-01 
3.529000e-01 
3.824000e-01 
5.882000e-01 
2.941000e-01 
2.941000e-01 
3.235000e-01 
4.706000e-01 
4.118000e-01 
2.647000e-01 
1.765000e-01 
4.706000e-01 
2.059000e-01 
1.176000e-01 
4.118000e-01 
2.353000e-01 
3.824000e-01 
3.235000e-01 
5.882000e-01 
4.412000e-01 
3.824000e-01 
3.529000e-01 
6.176000e-01 
2.353000e-01 
2.647000e-01 
3.235000e-01 
5.294000e-01 
3.824000e-01 
4.412000e-01 
4.706000e-01 
3.529000e-01 
2.941000e-01 
3.529000e-01 
1.765000e-01 
2.353000e-01 
1.765000e-01 
2.941000e-01 
1.765000e-01 
4.412000e-01 
2.059000e-01 
5.000000e-01 
3.824000e-01 
4.118000e-01 
8.820000e-02 
3.235000e-01 
2.059000e-01 
5.294000e-01 
2.647000e-01 
3.529000e-01 
2.353000e-01 
2.941000e-01 
8.820000e-02 
2.059000e-01 
1.765000e-01 
2.941000e-01 
7.059000e-01 
4.706000e-01 
1.471000e-01 
1.176000e-01 
3.529000e-01 
2.647000e-01 
4.118000e-01 
2.941000e-01 
2.941000e-01 
1.176000e-01 
1.471000e-01 
6.176000e-01 
7.353000e-01 
4.118000e-01 
2.647000e-01 
1.765000e-01 
3.235000e-01 
1.471000e-01 
8.820000e-02 
1.765000e-01 
3.529000e-01 
2.647000e-01 
8.820000e-02 
2.353000e-01 
2.353000e-01 
2.647000e-01 
2.353000e-01 
2.941000e-01 
3.824000e-01 
2.941000e-01 
1.471000e-01 
4.118000e-01 
5.880000e-02 
2.940000e-02 
2.059000e-01 
6.765000e-01 
5.588000e-01 
3.235000e-01 
1.471000e-01 
3.824000e-01 
1.176000e-01 
1.471000e-01 
1.471000e-01 
1.176000e-01 
3.824000e-01 
3.824000e-01 
5.880000e-02 
1.765000e-01 
2.647000e-01 
1.471000e-01 
2.940000e-02 
1.471000e-01 
8.820000e-02 
2.647000e-01 
2.059000e-01 
0 
1.471000e-01 
1.471000e-01 
2.647000e-01 
1.471000e-01 
1.176000e-01 
2.353000e-01 
1.471000e-01 
1.471000e-01 
5.880000e-02 
8.820000e-02 
1.765000e-01 
3.235000e-01 
2.940000e-02 
2.647000e-01 
2.647000e-01 
1.471000e-01 
2.059000e-01 
2.647000e-01 
5.882000e-01 
4.706000e-01 
5.880000e-02 
4.118000e-01 
2.647000e-01 
2.647000e-01 
1.765000e-01 
3.529000e-01 
1.471000e-01 
1.471000e-01 
4.118000e-01 
2.353000e-01 
2.647000e-01 
2.353000e-01 
2.647000e-01 
1.765000e-01 
1.471000e-01 
2.647000e-01 
6.176000e-01 
3.824000e-01 
1.765000e-01 
5.588000e-01 
3.235000e-01 
2.647000e-01 
2.647000e-01 
2.353000e-01 
2.647000e-01 
1.176000e-01 
3.529000e-01 
