8.930000e-02 
5.360000e-02 
0 
0 
0 
1.790000e-02 
3.570000e-02 
3.570000e-02 
0 
0 
1.071000e-01 
0 
0 
3.570000e-02 
5.360000e-02 
3.570000e-02 
0 
3.570000e-02 
3.570000e-02 
0 
0 
0 
3.570000e-02 
7.140000e-02 
0 
1.790000e-02 
3.570000e-02 
0 
0 
0 
5.360000e-02 
0 
3.393000e-01 
6.250000e-01 
1 
2.500000e-01 
5.360000e-02 
0 
7.140000e-02 
0 
8.930000e-02 
1.790000e-02 
8.930000e-02 
1.790000e-02 
1.790000e-02 
1.790000e-02 
1.790000e-02 
0 
3.570000e-02 
1.429000e-01 
3.571000e-01 
3.570000e-02 
0 
0 
3.036000e-01 
1.964000e-01 
3.570000e-02 
0 
0 
0 
5.360000e-02 
0 
0 
8.930000e-02 
0 
1.071000e-01 
8.571000e-01 
2.321000e-01 
1.790000e-02 
1.790000e-02 
0 
0 
0 
0 
5.360000e-02 
1.790000e-02 
1.790000e-02 
0 
0 
1.790000e-02 
1.790000e-02 
5.360000e-02 
3.214000e-01 
3.570000e-02 
0 
0 
1.250000e-01 
2.143000e-01 
0 
0 
0 
0 
0 
0 
0 
0 
1.429000e-01 
0 
3.570000e-02 
1.071000e-01 
2.679000e-01 
0 
1.790000e-02 
0 
0 
0 
1.790000e-02 
5.360000e-02 
0 
0 
0 
0 
1.786000e-01 
0 
5.360000e-02 
0 
2.321000e-01 
0 
1.790000e-02 
0 
2.500000e-01 
3.570000e-02 
0 
0 
1.607000e-01 
0 
0 
0 
0 
0 
1.790000e-02 
7.140000e-02 
0 
0 
0 
0 
0 
0 
1.790000e-02 
0 
1.790000e-02 
0 
0 
0 
2.143000e-01 
1.790000e-02 
0 
0 
1.786000e-01 
0 
0 
0 
1.790000e-02 
0 
1.790000e-02 
0 
1.790000e-02 
0 
0 
1.607000e-01 
1.790000e-02 
0 
3.571000e-01 
0 
7.140000e-02 
3.570000e-02 
1.790000e-02 
1.607000e-01 
0 
1.071000e-01 
0 
3.570000e-02 
0 
8.930000e-02 
0 
1.964000e-01 
0 
0 
7.140000e-02 
0 
8.930000e-02 
0 
1.790000e-02 
0 
0 
0 
5.360000e-02 
0 
0 
8.930000e-02 
3.570000e-02 
1.790000e-02 
0 
0 
3.570000e-02 
0 
0 
0 
0 
0 
0 
1.071000e-01 
0 
0 
0 
7.140000e-02 
1.790000e-02 
2.321000e-01 
0 
0 
0 
3.570000e-02 
0 
0 
0 
0 
0 
0 
0 
0 
0 
0 
7.140000e-02 
0 
1.250000e-01 
0 
1.964000e-01 
0 
1.071000e-01 
0 
2.321000e-01 
0 
2.679000e-01 
0 
0 
0 
1.429000e-01 
0 
1.790000e-02 
0 
1.786000e-01 
0 
3.570000e-02 
0 
5.360000e-02 
1.790000e-02 
0 
0 
5.360000e-02 
0 
0 
0 
0 
0 
0 
0 
0 
0 
1.790000e-02 
0 
0 
0 
0 
3.570000e-02 
0 
0 
1.790000e-02 
1.250000e-01 
0 
0 
5.360000e-02 
0 
0 
0 
1.607000e-01 
0 
1.790000e-02 
0 
0 
0 
1.790000e-02 
0 
0 
0 
0 
0 
0 
1.790000e-02 
1.790000e-02 
0 
0 
1.790000e-02 
0 
0 
1.790000e-02 
0 
0 
0 
3.570000e-02 
0 
0 
0 
0 
0 
0 
0 
0 
0 
0 
0 
1.790000e-02 
0 
0 
5.360000e-02 
0 
7.140000e-02 
0 
0 
0 
0 
0 
1.071000e-01 
0 
3.570000e-02 
1.790000e-02 
0 
3.570000e-02 
0 
5.360000e-02 
0 
7.140000e-02 
1.790000e-02 
0 
0 
2.143000e-01 
3.570000e-02 
0 
1.790000e-02 
8.930000e-02 
0 
1.790000e-02 
0 
8.930000e-02 
1.790000e-02 
0 
0 
1.786000e-01 
1.790000e-02 
1.790000e-02 
0 
2.321000e-01 
1.250000e-01 
3.570000e-02 
1.790000e-02 
7.140000e-02 
3.570000e-02 
1.250000e-01 
1.790000e-02 
8.930000e-02 
1.790000e-02 
1.607000e-01 
1.790000e-02 
