8.330000e-02 
3.333000e-01 
1.667000e-01 
8.333000e-01 
1.667000e-01 
0 
4.167000e-01 
5.000000e-01 
8.330000e-02 
0 
3.333000e-01 
5.833000e-01 
2.500000e-01 
2.500000e-01 
4.167000e-01 
4.167000e-01 
8.330000e-02 
0 
0 
4.167000e-01 
1.667000e-01 
8.330000e-02 
5.000000e-01 
8.333000e-01 
8.330000e-02 
8.330000e-02 
5.000000e-01 
5.833000e-01 
1.667000e-01 
1.667000e-01 
2.500000e-01 
4.167000e-01 
8.330000e-02 
6.667000e-01 
3.333000e-01 
8.330000e-02 
8.330000e-02 
3.333000e-01 
1.667000e-01 
4.167000e-01 
1.667000e-01 
4.167000e-01 
4.375000e-01 
0 
8.330000e-02 
8.330000e-02 
5.000000e-01 
4.167000e-01 
3.333000e-01 
5.833000e-01 
1.667000e-01 
0 
0 
8.330000e-02 
1.667000e-01 
1.667000e-01 
8.330000e-02 
1.667000e-01 
1.667000e-01 
0 
4.167000e-01 
3.333000e-01 
2.500000e-01 
8.330000e-02 
8.330000e-02 
0 
4.167000e-01 
2.500000e-01 
8.330000e-02 
0 
4.167000e-01 
1.667000e-01 
1.875000e-01 
8.330000e-02 
1.250000e-01 
2.500000e-01 
0 
0 
2.500000e-01 
0 
0 
8.330000e-02 
5.000000e-01 
8.330000e-02 
8.330000e-02 
3.333000e-01 
8.330000e-02 
2.500000e-01 
1.667000e-01 
0 
0 
4.167000e-01 
5.000000e-01 
8.330000e-02 
1.667000e-01 
5.000000e-01 
1.667000e-01 
4.167000e-01 
0 
0 
1.667000e-01 
0 
8.330000e-02 
8.333000e-01 
2.500000e-01 
2.500000e-01 
8.330000e-02 
1.667000e-01 
2.500000e-01 
2.500000e-01 
5.000000e-01 
8.333000e-01 
8.330000e-02 
8.330000e-02 
4.167000e-01 
8.330000e-02 
1.667000e-01 
1.250000e-01 
5.833000e-01 
1 
2.500000e-01 
1.667000e-01 
1.667000e-01 
2.500000e-01 
0 
8.330000e-02 
4.167000e-01 
4.167000e-01 
8.330000e-02 
1.667000e-01 
4.167000e-01 
2.500000e-01 
3.333000e-01 
0 
1.667000e-01 
9.167000e-01 
3.333000e-01 
4.167000e-01 
1.667000e-01 
2.500000e-01 
8.330000e-02 
0 
4.167000e-01 
6.667000e-01 
1.667000e-01 
3.333000e-01 
0 
1.667000e-01 
8.330000e-02 
0 
8.330000e-02 
9.167000e-01 
5.000000e-01 
4.167000e-01 
4.167000e-01 
0 
2.500000e-01 
8.330000e-02 
1.667000e-01 
2.500000e-01 
2.500000e-01 
0 
7.500000e-01 
0 
1.667000e-01 
1.667000e-01 
2.500000e-01 
2.500000e-01 
2.500000e-01 
8.330000e-02 
7.500000e-01 
6.250000e-02 
1.667000e-01 
1.667000e-01 
8.330000e-02 
5.000000e-01 
1.875000e-01 
2.500000e-01 
4.167000e-01 
2.500000e-01 
8.330000e-02 
8.330000e-02 
8.330000e-02 
8.330000e-02 
8.330000e-02 
1.667000e-01 
2.500000e-01 
3.333000e-01 
5.000000e-01 
1.667000e-01 
8.330000e-02 
2.500000e-01 
1.667000e-01 
2.500000e-01 
5.833000e-01 
2.500000e-01 
2.500000e-01 
2.500000e-01 
2.500000e-01 
5.000000e-01 
0 
1.667000e-01 
3.333000e-01 
3.333000e-01 
3.333000e-01 
1.667000e-01 
2.500000e-01 
2.500000e-01 
0 
8.330000e-02 
6.667000e-01 
1.667000e-01 
8.330000e-02 
1.667000e-01 
1.667000e-01 
2.500000e-01 
5.833000e-01 
8.330000e-02 
6.667000e-01 
3.333000e-01 
8.330000e-02 
3.333000e-01 
5.833000e-01 
2.500000e-01 
3.333000e-01 
1.667000e-01 
5.000000e-01 
3.333000e-01 
1.667000e-01 
5.000000e-01 
4.167000e-01 
8.330000e-02 
2.500000e-01 
5.833000e-01 
3.333000e-01 
4.167000e-01 
8.330000e-02 
3.333000e-01 
3.333000e-01 
4.167000e-01 
1.667000e-01 
4.167000e-01 
1.667000e-01 
3.333000e-01 
3.333000e-01 
6.250000e-02 
0 
3.333000e-01 
3.333000e-01 
1.667000e-01 
0 
2.500000e-01 
4.167000e-01 
5.000000e-01 
4.167000e-01 
6.667000e-01 
1.667000e-01 
8.330000e-02 
5.000000e-01 
8.330000e-02 
2.500000e-01 
8.330000e-02 
2.500000e-01 
2.500000e-01 
1.667000e-01 
6.667000e-01 
2.500000e-01 
1.667000e-01 
4.167000e-01 
1.667000e-01 
0 
1.667000e-01 
3.333000e-01 
1.667000e-01 
1.667000e-01 
3.333000e-01 
4.167000e-01 
8.330000e-02 
1.667000e-01 
5.833000e-01 
4.167000e-01 
1.667000e-01 
7.500000e-01 
1.667000e-01 
8.330000e-02 
8.330000e-02 
3.333000e-01 
9.167000e-01 
3.333000e-01 
8.330000e-02 
2.500000e-01 
2.500000e-01 
1.667000e-01 
3.333000e-01 
1.667000e-01 
5.000000e-01 
2.500000e-01 
0 
4.167000e-01 
3.333000e-01 
1.667000e-01 
2.500000e-01 
4.167000e-01 
3.333000e-01 
4.167000e-01 
4.167000e-01 
1.667000e-01 
1.667000e-01 
1.667000e-01 
4.167000e-01 
5.000000e-01 
8.333000e-01 
4.167000e-01 
3.750000e-01 
4.167000e-01 
3.333000e-01 
8.330000e-02 
4.167000e-01 
1.667000e-01 
6.667000e-01 
2.500000e-01 
3.333000e-01 
6.667000e-01 
3.333000e-01 
3.333000e-01 
5.833000e-01 
3.333000e-01 
4.167000e-01 
5.000000e-01 
2.500000e-01 
8.330000e-02 
6.667000e-01 
8.330000e-02 
5.000000e-01 
1.667000e-01 
8.330000e-02 
8.330000e-02 
2.500000e-01 
3.333000e-01 
1.875000e-01 
4.167000e-01 
5.000000e-01 
0 
4.167000e-01 
3.333000e-01 
5.833000e-01 
3.333000e-01 
4.167000e-01 
4.167000e-01 
5.000000e-01 
8.330000e-02 
5.000000e-01 
1.667000e-01 
4.167000e-01 
1.667000e-01 
4.167000e-01 
8.330000e-02 
4.167000e-01 
8.330000e-02 
4.167000e-01 
3.333000e-01 
3.333000e-01 
