1.606000e-01 
1.503000e-01 
3.110000e-02 
6.740000e-02 
4.041000e-01 
3.161000e-01 
3.523000e-01 
9.330000e-02 
1.036000e-01 
1.244000e-01 
1.295000e-01 
2.070000e-02 
1.347000e-01 
3.212000e-01 
3.630000e-02 
2.073000e-01 
2.228000e-01 
1.036000e-01 
1.040000e-02 
5.700000e-02 
4.352000e-01 
2.070000e-02 
1.550000e-02 
2.590000e-02 
1.399000e-01 
9.840000e-02 
2.070000e-02 
2.070000e-02 
1.399000e-01 
1.865000e-01 
3.110000e-02 
1.762000e-01 
9.330000e-02 
5.700000e-02 
4.145000e-01 
9.482000e-01 
3.782000e-01 
4.150000e-02 
1.295000e-01 
2.590000e-02 
2.021000e-01 
6.740000e-02 
4.456000e-01 
7.202000e-01 
3.523000e-01 
6.220000e-02 
1.088000e-01 
3.630000e-02 
2.070000e-02 
5.180000e-02 
5.389000e-01 
9.275000e-01 
1.865000e-01 
4.660000e-02 
5.180000e-02 
4.660000e-02 
2.021000e-01 
7.202000e-01 
3.938000e-01 
6.740000e-02 
2.590000e-02 
1.451000e-01 
3.110000e-02 
1.550000e-02 
3.630000e-02 
2.070000e-02 
1.451000e-01 
1 
6.477000e-01 
5.180000e-02 
6.740000e-02 
3.264000e-01 
9.840000e-02 
2.070000e-02 
7.770000e-02 
6.995000e-01 
4.352000e-01 
3.110000e-02 
6.740000e-02 
2.591000e-01 
9.840000e-02 
0 
2.798000e-01 
8.135000e-01 
5.233000e-01 
1.036000e-01 
8.810000e-02 
1.244000e-01 
5.907000e-01 
7.461000e-01 
1.606000e-01 
5.700000e-02 
1.347000e-01 
7.770000e-02 
3.109000e-01 
3.630000e-02 
2.070000e-02 
2.070000e-02 
8.290000e-02 
5.544000e-01 
2.021000e-01 
7.461000e-01 
2.176000e-01 
2.590000e-02 
2.070000e-02 
5.180000e-02 
4.093000e-01 
6.269000e-01 
1.036000e-01 
6.891000e-01 
1.554000e-01 
5.200000e-03 
2.070000e-02 
3.110000e-02 
1.762000e-01 
6.373000e-01 
6.166000e-01 
8.083000e-01 
1.140000e-01 
3.630000e-02 
5.200000e-03 
1.040000e-02 
1.088000e-01 
5.544000e-01 
2.850000e-01 
7.306000e-01 
6.740000e-02 
2.590000e-02 
4.660000e-02 
1.550000e-02 
4.041000e-01 
7.254000e-01 
2.539000e-01 
3.161000e-01 
1.658000e-01 
2.070000e-02 
2.590000e-02 
4.150000e-02 
2.591000e-01 
4.041000e-01 
1.762000e-01 
5.492000e-01 
6.740000e-02 
1.550000e-02 
2.070000e-02 
4.150000e-02 
3.630000e-02 
6.477000e-01 
3.731000e-01 
6.995000e-01 
6.220000e-02 
5.200000e-03 
3.110000e-02 
4.150000e-02 
2.953000e-01 
2.746000e-01 
2.383000e-01 
2.228000e-01 
8.290000e-01 
2.383000e-01 
2.694000e-01 
6.943000e-01 
2.590000e-02 
4.456000e-01 
5.907000e-01 
1.554000e-01 
8.808000e-01 
5.180000e-02 
3.731000e-01 
9.840000e-02 
1.917000e-01 
2.591000e-01 
6.218000e-01 
9.840000e-02 
4.352000e-01 
2.280000e-01 
3.731000e-01 
5.959000e-01 
2.590000e-02 
6.943000e-01 
5.959000e-01 
4.150000e-02 
5.181000e-01 
5.180000e-02 
2.591000e-01 
5.855000e-01 
1.503000e-01 
2.332000e-01 
5.699000e-01 
4.197000e-01 
3.523000e-01 
3.110000e-02 
2.902000e-01 
4.404000e-01 
7.250000e-02 
6.684000e-01 
5.544000e-01 
8.810000e-02 
9.326000e-01 
1.554000e-01 
3.990000e-01 
5.699000e-01 
4.150000e-02 
2.487000e-01 
7.824000e-01 
3.212000e-01 
3.886000e-01 
7.770000e-02 
4.301000e-01 
3.472000e-01 
4.660000e-02 
4.922000e-01 
5.544000e-01 
7.250000e-02 
2.902000e-01 
9.840000e-02 
2.435000e-01 
4.301000e-01 
2.590000e-02 
4.870000e-01 
6.580000e-01 
4.150000e-02 
1.813000e-01 
6.684000e-01 
1.347000e-01 
5.544000e-01 
2.435000e-01 
6.736000e-01 
1.399000e-01 
9.171000e-01 
5.026000e-01 
8.031000e-01 
3.627000e-01 
6.010000e-01 
5.180000e-02 
5.492000e-01 
4.660000e-02 
5.803000e-01 
1.813000e-01 
8.756000e-01 
5.544000e-01 
8.912000e-01 
1.451000e-01 
1.658000e-01 
3.938000e-01 
6.891000e-01 
7.250000e-02 
2.124000e-01 
1.244000e-01 
2.435000e-01 
2.070000e-02 
6.373000e-01 
2.902000e-01 
2.694000e-01 
1.503000e-01 
2.070000e-02 
5.200000e-03 
1.040000e-02 
1.036000e-01 
1.451000e-01 
3.057000e-01 
7.979000e-01 
7.770000e-02 
1.550000e-02 
4.660000e-02 
3.110000e-02 
2.642000e-01 
6.580000e-01 
2.124000e-01 
8.810000e-02 
0 
9.330000e-02 
2.073000e-01 
4.663000e-01 
5.700000e-02 
7.668000e-01 
5.907000e-01 
1.040000e-02 
1.762000e-01 
0 
2.070000e-02 
7.770000e-02 
5.200000e-03 
1.140000e-01 
3.938000e-01 
6.218000e-01 
7.770000e-02 
5.700000e-02 
2.590000e-02 
3.110000e-02 
2.021000e-01 
3.472000e-01 
1.917000e-01 
1.550000e-02 
2.070000e-02 
1.865000e-01 
3.938000e-01 
4.922000e-01 
9.330000e-02 
5.699000e-01 
6.891000e-01 
4.150000e-02 
5.700000e-02 
1.550000e-02 
2.228000e-01 
5.596000e-01 
1.813000e-01 
1.658000e-01 
7.770000e-02 
1.813000e-01 
1.347000e-01 
6.220000e-02 
1.140000e-01 
4.922000e-01 
5.700000e-02 
3.110000e-02 
1.088000e-01 
4.404000e-01 
2.124000e-01 
3.630000e-02 
2.070000e-02 
2.590000e-02 
4.150000e-02 
3.110000e-02 
3.316000e-01 
4.093000e-01 
8.810000e-02 
2.124000e-01 
4.660000e-02 
1.040000e-02 
3.368000e-01 
7.202000e-01 
8.810000e-02 
1.040000e-02 
2.539000e-01 
4.819000e-01 
6.740000e-02 
6.425000e-01 
4.041000e-01 
7.668000e-01 
1.347000e-01 
2.073000e-01 
3.110000e-02 
5.180000e-02 
6.740000e-02 
7.047000e-01 
2.694000e-01 
7.824000e-01 
7.770000e-02 
0 
3.110000e-02 
6.740000e-02 
2.487000e-01 
5.803000e-01 
1.140000e-01 
6.839000e-01 
2.902000e-01 
8.446000e-01 
4.560000e-01 
8.653000e-01 
4.150000e-02 
6.220000e-02 
