1.200000e-02 
2.048000e-01 
3.610000e-02 
6.020000e-02 
2.048000e-01 
6.020000e-02 
0 
4.820000e-02 
3.133000e-01 
0 
1.200000e-02 
9.640000e-02 
3.494000e-01 
6.020000e-02 
0 
1.205000e-01 
4.096000e-01 
1.200000e-02 
0 
2.410000e-02 
3.855000e-01 
1.928000e-01 
0 
3.012000e-01 
7.349000e-01 
6.020000e-02 
0 
3.253000e-01 
1 
8.430000e-02 
3.610000e-02 
2.410000e-02 
1.205000e-01 
4.820000e-02 
2.410000e-02 
4.337000e-01 
1.200000e-02 
0 
2.410000e-02 
1.200000e-02 
4.820000e-02 
2.410000e-02 
4.820000e-02 
2.410000e-02 
1.200000e-02 
1.200000e-02 
0 
2.410000e-02 
4.820000e-02 
1.200000e-02 
1.205000e-01 
9.640000e-02 
0 
0 
1.200000e-02 
6.020000e-02 
7.230000e-02 
7.230000e-02 
4.820000e-02 
0 
2.410000e-02 
4.820000e-02 
4.820000e-02 
4.820000e-02 
0 
7.230000e-02 
8.430000e-02 
1.566000e-01 
1.325000e-01 
0 
3.610000e-02 
1.205000e-01 
9.640000e-02 
1.200000e-02 
4.820000e-02 
2.410000e-01 
3.610000e-02 
4.820000e-02 
1.200000e-02 
8.430000e-02 
1.200000e-02 
2.410000e-02 
1.200000e-02 
2.892000e-01 
6.020000e-02 
0 
8.430000e-02 
1.200000e-02 
6.020000e-02 
1.325000e-01 
4.820000e-02 
0 
2.530000e-01 
3.610000e-02 
2.410000e-02 
1.084000e-01 
1.928000e-01 
2.410000e-02 
1.200000e-02 
3.133000e-01 
1.566000e-01 
7.230000e-02 
3.610000e-02 
6.020000e-02 
2.410000e-01 
1.200000e-02 
1.200000e-02 
2.169000e-01 
1.566000e-01 
4.820000e-02 
3.610000e-02 
2.410000e-02 
2.410000e-01 
4.820000e-02 
2.410000e-02 
4.096000e-01 
7.230000e-02 
2.410000e-02 
9.640000e-02 
8.430000e-02 
3.373000e-01 
1.566000e-01 
1.200000e-02 
1.928000e-01 
1.325000e-01 
6.020000e-02 
4.820000e-02 
3.610000e-02 
2.892000e-01 
1.446000e-01 
0 
2.289000e-01 
9.640000e-02 
2.410000e-02 
6.020000e-02 
3.610000e-02 
3.494000e-01 
9.640000e-02 
3.610000e-02 
8.430000e-02 
3.610000e-02 
7.230000e-02 
6.020000e-02 
7.230000e-02 
4.699000e-01 
2.169000e-01 
0 
1.446000e-01 
3.012000e-01 
9.640000e-02 
4.820000e-02 
3.610000e-02 
3.614000e-01 
8.430000e-02 
0 
1.566000e-01 
2.048000e-01 
1.200000e-02 
2.169000e-01 
1.200000e-02 
0 
2.048000e-01 
0 
2.410000e-02 
3.610000e-02 
0 
1.446000e-01 
1.200000e-02 
4.820000e-02 
3.610000e-02 
3.610000e-02 
1.200000e-02 
6.020000e-02 
1.200000e-02 
9.640000e-02 
1.200000e-02 
1.200000e-02 
3.610000e-02 
3.610000e-02 
8.430000e-02 
4.820000e-02 
2.410000e-02 
2.410000e-02 
2.410000e-02 
0 
3.494000e-01 
2.410000e-02 
4.820000e-02 
8.430000e-02 
0 
1.446000e-01 
2.410000e-02 
2.410000e-02 
2.289000e-01 
1.200000e-02 
8.430000e-02 
3.610000e-02 
1.200000e-02 
2.410000e-02 
3.610000e-02 
1.200000e-02 
8.430000e-02 
9.640000e-02 
3.610000e-02 
1.807000e-01 
1.200000e-02 
8.430000e-02 
7.230000e-02 
7.230000e-02 
6.020000e-02 
0 
1.200000e-02 
2.410000e-02 
4.820000e-02 
1.200000e-02 
6.020000e-02 
1.200000e-02 
7.230000e-02 
1.200000e-02 
2.410000e-02 
1.325000e-01 
8.430000e-02 
8.430000e-02 
1.687000e-01 
6.020000e-02 
0 
7.230000e-02 
2.651000e-01 
1.200000e-02 
1.687000e-01 
6.020000e-02 
4.820000e-02 
7.230000e-02 
6.020000e-02 
2.410000e-02 
3.610000e-02 
6.020000e-02 
8.430000e-02 
7.230000e-02 
3.610000e-02 
6.020000e-02 
1.446000e-01 
7.230000e-02 
8.430000e-02 
1.325000e-01 
1.205000e-01 
6.020000e-02 
3.610000e-02 
1.084000e-01 
1.325000e-01 
0 
0 
4.820000e-02 
8.430000e-02 
6.020000e-02 
1.325000e-01 
3.373000e-01 
1.205000e-01 
0 
4.699000e-01 
1.200000e-02 
4.820000e-02 
2.410000e-02 
9.640000e-02 
3.735000e-01 
6.020000e-02 
6.020000e-02 
4.096000e-01 
2.048000e-01 
1.084000e-01 
3.133000e-01 
7.230000e-02 
1.200000e-02 
2.651000e-01 
1.200000e-02 
4.820000e-02 
6.020000e-02 
0 
1.200000e-02 
1.807000e-01 
3.373000e-01 
1.205000e-01 
6.020000e-02 
4.819000e-01 
1.084000e-01 
3.610000e-02 
1.200000e-02 
7.230000e-02 
6.265000e-01 
8.430000e-02 
2.410000e-02 
2.169000e-01 
1.807000e-01 
1.687000e-01 
9.640000e-02 
4.820000e-02 
4.820000e-02 
1.446000e-01 
1.200000e-02 
2.410000e-02 
9.640000e-02 
2.410000e-02 
1.807000e-01 
2.410000e-01 
4.820000e-02 
8.430000e-02 
7.230000e-02 
6.020000e-02 
2.410000e-02 
1.084000e-01 
1.205000e-01 
2.048000e-01 
2.410000e-02 
1.205000e-01 
1.566000e-01 
1.687000e-01 
3.610000e-02 
7.230000e-02 
6.020000e-02 
1.928000e-01 
9.640000e-02 
2.410000e-01 
7.230000e-02 
2.410000e-01 
3.610000e-02 
7.230000e-02 
6.020000e-02 
1.205000e-01 
1.084000e-01 
1.687000e-01 
1.084000e-01 
1.084000e-01 
1.325000e-01 
1.084000e-01 
2.410000e-02 
1.205000e-01 
1.566000e-01 
1.084000e-01 
1.446000e-01 
2.410000e-01 
2.410000e-02 
7.230000e-02 
1.084000e-01 
3.012000e-01 
3.610000e-02 
9.640000e-02 
1.446000e-01 
9.640000e-02 
9.640000e-02 
1.807000e-01 
9.640000e-02 
2.169000e-01 
2.410000e-02 
1.446000e-01 
1.200000e-02 
1.566000e-01 
8.430000e-02 
3.373000e-01 
1.200000e-02 
2.048000e-01 
1.205000e-01 
1.205000e-01 
