4.286000e-01 
6.667000e-01 
4.524000e-01 
4.524000e-01 
4.524000e-01 
2.857000e-01 
1.667000e-01 
3.095000e-01 
3.571000e-01 
4.286000e-01 
3.381000e-01 
3.810000e-01 
2.619000e-01 
4.524000e-01 
3.810000e-01 
5.857000e-01 
5.667000e-01 
5.000000e-01 
5.476000e-01 
5.000000e-01 
4.143000e-01 
4.286000e-01 
3.333000e-01 
4.333000e-01 
8.333000e-01 
3.571000e-01 
4.143000e-01 
4.524000e-01 
5.286000e-01 
4.905000e-01 
3.333000e-01 
5.714000e-01 
5.095000e-01 
1.667000e-01 
5.000000e-01 
2.380000e-02 
3.095000e-01 
3.095000e-01 
2.857000e-01 
6.190000e-01 
5.286000e-01 
3.190000e-01 
5.286000e-01 
3.762000e-01 
4.048000e-01 
3.571000e-01 
1.905000e-01 
5.095000e-01 
3.000000e-01 
3.333000e-01 
4.048000e-01 
0 
1.667000e-01 
5.000000e-01 
4.286000e-01 
4.524000e-01 
2.143000e-01 
3.333000e-01 
2.857000e-01 
4.714000e-01 
5.476000e-01 
2.810000e-01 
3.381000e-01 
4.524000e-01 
6.429000e-01 
6.429000e-01 
5.238000e-01 
5.476000e-01 
6.429000e-01 
2.143000e-01 
3.571000e-01 
6.190000e-01 
4.286000e-01 
5.000000e-01 
5.000000e-01 
3.810000e-01 
5.714000e-01 
6.667000e-01 
3.190000e-01 
5.238000e-01 
6.905000e-01 
5.714000e-01 
3.571000e-01 
5.000000e-01 
2.857000e-01 
2.143000e-01 
5.000000e-01 
3.095000e-01 
5.238000e-01 
3.190000e-01 
5.476000e-01 
2.619000e-01 
4.524000e-01 
7.190000e-01 
4.286000e-01 
5.476000e-01 
6.619000e-01 
5.476000e-01 
4.286000e-01 
2.429000e-01 
6.429000e-01 
4.905000e-01 
3.000000e-01 
5.476000e-01 
3.810000e-01 
3.333000e-01 
5.952000e-01 
3.571000e-01 
5.952000e-01 
3.762000e-01 
3.810000e-01 
4.286000e-01 
3.000000e-01 
7.381000e-01 
5.476000e-01 
3.381000e-01 
5.714000e-01 
3.571000e-01 
1.905000e-01 
4.048000e-01 
7.381000e-01 
4.286000e-01 
3.333000e-01 
5.000000e-01 
3.095000e-01 
3.810000e-01 
4.762000e-01 
5.476000e-01 
4.524000e-01 
6.048000e-01 
7.381000e-01 
6.429000e-01 
6.429000e-01 
3.095000e-01 
5.000000e-01 
4.048000e-01 
6.619000e-01 
5.476000e-01 
4.333000e-01 
5.857000e-01 
6.429000e-01 
4.714000e-01 
6.238000e-01 
5.857000e-01 
5.857000e-01 
4.286000e-01 
7.143000e-01 
3.095000e-01 
7.571000e-01 
6.429000e-01 
3.095000e-01 
4.762000e-01 
6.190000e-01 
5.286000e-01 
5.238000e-01 
7.857000e-01 
6.429000e-01 
5.000000e-01 
4.286000e-01 
5.667000e-01 
3.762000e-01 
2.381000e-01 
5.952000e-01 
5.476000e-01 
4.762000e-01 
6.429000e-01 
2.381000e-01 
5.286000e-01 
4.143000e-01 
4.524000e-01 
5.952000e-01 
7.381000e-01 
4.524000e-01 
6.190000e-01 
1.190000e-01 
5.000000e-01 
6.905000e-01 
1.429000e-01 
3.571000e-01 
5.476000e-01 
3.571000e-01 
5.000000e-01 
2.381000e-01 
4.286000e-01 
4.048000e-01 
3.095000e-01 
5.000000e-01 
5.000000e-01 
6.190000e-01 
2.857000e-01 
3.333000e-01 
3.333000e-01 
5.667000e-01 
4.524000e-01 
2.857000e-01 
4.714000e-01 
5.714000e-01 
4.333000e-01 
5.857000e-01 
6.429000e-01 
6.619000e-01 
5.095000e-01 
6.810000e-01 
3.810000e-01 
3.762000e-01 
4.524000e-01 
3.810000e-01 
7.143000e-01 
9.286000e-01 
5.857000e-01 
5.952000e-01 
5.952000e-01 
4.048000e-01 
6.667000e-01 
5.952000e-01 
6.238000e-01 
8.143000e-01 
7.143000e-01 
7.143000e-01 
5.952000e-01 
8.095000e-01 
8.571000e-01 
5.238000e-01 
4.048000e-01 
6.667000e-01 
4.048000e-01 
2.857000e-01 
3.571000e-01 
6.667000e-01 
3.095000e-01 
4.286000e-01 
6.905000e-01 
7.143000e-01 
4.762000e-01 
6.667000e-01 
7.143000e-01 
6.190000e-01 
8.333000e-01 
6.429000e-01 
6.810000e-01 
6.048000e-01 
5.476000e-01 
7.619000e-01 
5.667000e-01 
5.714000e-01 
8.524000e-01 
8.571000e-01 
4.286000e-01 
5.952000e-01 
5.476000e-01 
6.619000e-01 
5.714000e-01 
7.857000e-01 
5.714000e-01 
2.381000e-01 
3.952000e-01 
5.000000e-01 
5.095000e-01 
3.095000e-01 
6.667000e-01 
4.524000e-01 
5.095000e-01 
1.667000e-01 
6.810000e-01 
4.048000e-01 
5.095000e-01 
5.286000e-01 
5.286000e-01 
3.810000e-01 
5.476000e-01 
4.048000e-01 
5.476000e-01 
5.714000e-01 
9.520000e-02 
4.524000e-01 
1.667000e-01 
5.952000e-01 
3.810000e-01 
5.000000e-01 
5.095000e-01 
5.000000e-01 
5.952000e-01 
5.000000e-01 
3.571000e-01 
6.238000e-01 
5.000000e-01 
4.905000e-01 
6.619000e-01 
4.524000e-01 
5.667000e-01 
6.429000e-01 
3.571000e-01 
2.619000e-01 
2.143000e-01 
6.667000e-01 
4.714000e-01 
7.381000e-01 
4.286000e-01 
4.905000e-01 
5.667000e-01 
3.333000e-01 
6.190000e-01 
7.381000e-01 
8.143000e-01 
7.619000e-01 
8.571000e-01 
5.952000e-01 
6.905000e-01 
4.524000e-01 
6.810000e-01 
4.048000e-01 
4.905000e-01 
6.048000e-01 
7.762000e-01 
5.476000e-01 
5.952000e-01 
5.095000e-01 
5.667000e-01 
7.571000e-01 
7.619000e-01 
3.952000e-01 
3.571000e-01 
5.857000e-01 
6.048000e-01 
8.333000e-01 
8.810000e-01 
5.714000e-01 
4.286000e-01 
6.048000e-01 
5.476000e-01 
3.810000e-01 
6.238000e-01 
5.714000e-01 
5.476000e-01 
4.286000e-01 
4.048000e-01 
6.667000e-01 
4.143000e-01 
5.000000e-01 
6.048000e-01 
6.667000e-01 
5.857000e-01 
6.667000e-01 
5.952000e-01 
6.429000e-01 
7.619000e-01 
6.190000e-01 
2.857000e-01 
6.429000e-01 
4.333000e-01 
6.905000e-01 
4.143000e-01 
6.190000e-01 
5.714000e-01 
4.286000e-01 
7.857000e-01 
6.048000e-01 
4.333000e-01 
3.810000e-01 
6.429000e-01 
5.286000e-01 
5.238000e-01 
