1.923000e-01 
4.327000e-01 
5.770000e-02 
4.810000e-02 
5.770000e-02 
1.058000e-01 
1.635000e-01 
4.231000e-01 
2.788000e-01 
3.850000e-02 
9.620000e-02 
3.850000e-02 
3.077000e-01 
2.596000e-01 
9.620000e-02 
4.135000e-01 
4.615000e-01 
9.620000e-02 
2.115000e-01 
4.423000e-01 
3.365000e-01 
1.058000e-01 
1.058000e-01 
4.904000e-01 
4.423000e-01 
1.442000e-01 
4.135000e-01 
4.519000e-01 
5.385000e-01 
2.115000e-01 
1.731000e-01 
9.600000e-03 
1.920000e-02 
0 
1.442000e-01 
1.731000e-01 
6.730000e-02 
1.250000e-01 
3.365000e-01 
2.880000e-02 
1.920000e-02 
1.154000e-01 
3.365000e-01 
2.596000e-01 
2.981000e-01 
2.981000e-01 
2.019000e-01 
5.770000e-02 
9.600000e-03 
4.810000e-02 
3.365000e-01 
3.365000e-01 
3.077000e-01 
2.115000e-01 
2.880000e-02 
1.154000e-01 
2.404000e-01 
1.538000e-01 
2.500000e-01 
3.365000e-01 
5.673000e-01 
0 
2.404000e-01 
2.404000e-01 
9.600000e-03 
9.600000e-03 
2.880000e-02 
2.596000e-01 
7.690000e-02 
9.600000e-03 
2.788000e-01 
4.231000e-01 
3.850000e-02 
1.920000e-02 
9.620000e-02 
4.327000e-01 
2.115000e-01 
1.731000e-01 
2.596000e-01 
2.788000e-01 
8.650000e-02 
9.620000e-02 
2.212000e-01 
7.115000e-01 
3.750000e-01 
6.730000e-02 
5.770000e-02 
5.770000e-02 
1.635000e-01 
3.365000e-01 
1.442000e-01 
4.038000e-01 
4.904000e-01 
0 
8.462000e-01 
4.712000e-01 
5.962000e-01 
6.730000e-02 
1.827000e-01 
4.135000e-01 
3.846000e-01 
4.615000e-01 
5.481000e-01 
2.885000e-01 
5.481000e-01 
3.850000e-02 
2.404000e-01 
5.865000e-01 
4.519000e-01 
4.038000e-01 
7.212000e-01 
2.308000e-01 
4.904000e-01 
7.690000e-02 
1.154000e-01 
5.385000e-01 
2.885000e-01 
6.346000e-01 
6.442000e-01 
3.269000e-01 
6.346000e-01 
9.620000e-02 
2.981000e-01 
4.712000e-01 
4.038000e-01 
4.615000e-01 
2.692000e-01 
2.692000e-01 
4.038000e-01 
1.731000e-01 
2.115000e-01 
2.981000e-01 
4.423000e-01 
2.019000e-01 
5.385000e-01 
2.596000e-01 
5.288000e-01 
5.770000e-02 
2.692000e-01 
5.192000e-01 
4.712000e-01 
2.692000e-01 
7.596000e-01 
3.077000e-01 
3.750000e-01 
9.620000e-02 
2.981000e-01 
5.288000e-01 
3.654000e-01 
4.423000e-01 
3.750000e-01 
2.596000e-01 
2.596000e-01 
0 
3.269000e-01 
3.365000e-01 
4.327000e-01 
3.365000e-01 
3.173000e-01 
3.846000e-01 
5.192000e-01 
4.327000e-01 
3.846000e-01 
1 
2.981000e-01 
3.365000e-01 
5.288000e-01 
6.058000e-01 
2.596000e-01 
5.000000e-01 
2.404000e-01 
5.288000e-01 
3.462000e-01 
1.250000e-01 
3.654000e-01 
3.942000e-01 
4.231000e-01 
6.731000e-01 
2.788000e-01 
8.173000e-01 
4.904000e-01 
3.077000e-01 
3.077000e-01 
2.788000e-01 
5.000000e-01 
3.173000e-01 
3.173000e-01 
7.404000e-01 
6.058000e-01 
2.981000e-01 
4.327000e-01 
3.077000e-01 
2.788000e-01 
2.404000e-01 
2.404000e-01 
4.519000e-01 
5.385000e-01 
2.788000e-01 
8.462000e-01 
4.038000e-01 
3.942000e-01 
3.173000e-01 
1.250000e-01 
5.288000e-01 
3.654000e-01 
1.827000e-01 
1.731000e-01 
3.077000e-01 
2.981000e-01 
4.135000e-01 
2.596000e-01 
6.635000e-01 
1.923000e-01 
1.154000e-01 
3.462000e-01 
1.731000e-01 
2.212000e-01 
2.981000e-01 
1.635000e-01 
3.942000e-01 
2.885000e-01 
4.810000e-02 
4.904000e-01 
4.712000e-01 
6.058000e-01 
3.558000e-01 
4.327000e-01 
4.327000e-01 
5.865000e-01 
3.750000e-01 
4.519000e-01 
3.654000e-01 
4.712000e-01 
2.981000e-01 
4.904000e-01 
3.654000e-01 
3.750000e-01 
2.981000e-01 
4.231000e-01 
3.942000e-01 
7.404000e-01 
4.231000e-01 
4.135000e-01 
3.846000e-01 
4.615000e-01 
3.558000e-01 
5.865000e-01 
4.519000e-01 
5.096000e-01 
3.558000e-01 
3.462000e-01 
1.635000e-01 
3.942000e-01 
3.173000e-01 
4.423000e-01 
5.192000e-01 
6.538000e-01 
1.442000e-01 
1.923000e-01 
5.192000e-01 
9.519000e-01 
4.135000e-01 
4.519000e-01 
4.327000e-01 
2.019000e-01 
1.731000e-01 
2.308000e-01 
6.250000e-01 
5.000000e-01 
3.462000e-01 
5.000000e-01 
4.327000e-01 
3.846000e-01 
2.885000e-01 
4.038000e-01 
8.558000e-01 
6.154000e-01 
2.308000e-01 
2.885000e-01 
4.904000e-01 
5.962000e-01 
1.635000e-01 
4.327000e-01 
5.577000e-01 
6.635000e-01 
3.654000e-01 
5.096000e-01 
3.846000e-01 
3.654000e-01 
8.650000e-02 
3.846000e-01 
7.500000e-01 
3.462000e-01 
2.500000e-01 
2.019000e-01 
4.135000e-01 
3.462000e-01 
4.038000e-01 
2.981000e-01 
6.154000e-01 
4.712000e-01 
2.019000e-01 
3.462000e-01 
3.846000e-01 
4.135000e-01 
3.173000e-01 
2.692000e-01 
4.135000e-01 
4.423000e-01 
4.519000e-01 
3.654000e-01 
2.788000e-01 
5.769000e-01 
4.712000e-01 
3.846000e-01 
2.404000e-01 
3.942000e-01 
4.615000e-01 
2.788000e-01 
3.077000e-01 
5.865000e-01 
3.365000e-01 
4.327000e-01 
3.173000e-01 
2.981000e-01 
3.077000e-01 
3.942000e-01 
6.346000e-01 
5.962000e-01 
3.942000e-01 
7.212000e-01 
3.269000e-01 
5.769000e-01 
2.212000e-01 
3.750000e-01 
2.500000e-01 
3.846000e-01 
2.788000e-01 
4.135000e-01 
4.712000e-01 
5.673000e-01 
3.942000e-01 
5.192000e-01 
1.827000e-01 
4.423000e-01 
3.654000e-01 
4.904000e-01 
4.615000e-01 
6.154000e-01 
2.981000e-01 
4.519000e-01 
2.981000e-01 
2.981000e-01 
3.462000e-01 
4.231000e-01 
4.327000e-01 
3.654000e-01 
5.577000e-01 
7.404000e-01 
5.096000e-01 
5.192000e-01 
4.712000e-01 
