4.167000e-01 
1.944000e-01 
4.722000e-01 
5.278000e-01 
6.389000e-01 
5.278000e-01 
3.056000e-01 
2.778000e-01 
3.889000e-01 
5.833000e-01 
3.611000e-01 
2.222000e-01 
5.556000e-01 
3.889000e-01 
5.278000e-01 
3.333000e-01 
6.389000e-01 
7.500000e-01 
5.556000e-01 
1.944000e-01 
4.722000e-01 
4.722000e-01 
5.278000e-01 
4.167000e-01 
5.000000e-01 
7.500000e-01 
4.722000e-01 
1.667000e-01 
5.000000e-01 
2.778000e-01 
1 
6.667000e-01 
8.333000e-01 
6.944000e-01 
4.444000e-01 
7.222000e-01 
3.611000e-01 
4.167000e-01 
1.667000e-01 
2.778000e-01 
4.722000e-01 
5.556000e-01 
3.611000e-01 
3.889000e-01 
4.167000e-01 
3.333000e-01 
3.889000e-01 
3.889000e-01 
5.833000e-01 
6.111000e-01 
4.722000e-01 
2.778000e-01 
2.778000e-01 
3.333000e-01 
7.500000e-01 
5.556000e-01 
3.889000e-01 
3.056000e-01 
2.778000e-01 
1.667000e-01 
7.222000e-01 
5.278000e-01 
7.500000e-01 
7.778000e-01 
8.889000e-01 
7.778000e-01 
3.611000e-01 
4.167000e-01 
5.000000e-01 
8.889000e-01 
3.611000e-01 
4.444000e-01 
4.167000e-01 
6.944000e-01 
3.611000e-01 
3.333000e-01 
1.667000e-01 
4.722000e-01 
2.500000e-01 
4.444000e-01 
6.944000e-01 
6.389000e-01 
5.278000e-01 
4.167000e-01 
3.889000e-01 
5.833000e-01 
8.333000e-01 
3.056000e-01 
5.833000e-01 
5.000000e-01 
2.778000e-01 
5.833000e-01 
3.333000e-01 
1 
3.889000e-01 
4.167000e-01 
4.722000e-01 
4.722000e-01 
6.111000e-01 
6.389000e-01 
3.056000e-01 
4.167000e-01 
5.556000e-01 
6.111000e-01 
4.167000e-01 
3.611000e-01 
2.222000e-01 
3.056000e-01 
3.611000e-01 
1.944000e-01 
3.333000e-01 
2.222000e-01 
5.278000e-01 
3.056000e-01 
1.667000e-01 
3.611000e-01 
1.944000e-01 
3.333000e-01 
2.500000e-01 
3.333000e-01 
4.444000e-01 
4.722000e-01 
2.778000e-01 
2.778000e-01 
3.333000e-01 
3.056000e-01 
2.778000e-01 
2.500000e-01 
4.444000e-01 
2.500000e-01 
5.278000e-01 
4.444000e-01 
1.667000e-01 
3.333000e-01 
5.000000e-01 
3.333000e-01 
2.500000e-01 
7.222000e-01 
4.167000e-01 
4.444000e-01 
2.778000e-01 
3.611000e-01 
3.056000e-01 
3.333000e-01 
4.167000e-01 
4.444000e-01 
3.056000e-01 
5.000000e-01 
2.778000e-01 
3.611000e-01 
3.611000e-01 
2.500000e-01 
5.000000e-01 
7.222000e-01 
5.278000e-01 
3.333000e-01 
6.944000e-01 
5.000000e-01 
3.333000e-01 
2.222000e-01 
6.111000e-01 
5.000000e-01 
5.556000e-01 
7.222000e-01 
6.389000e-01 
8.056000e-01 
5.000000e-01 
2.500000e-01 
5.000000e-01 
3.889000e-01 
5.000000e-01 
4.167000e-01 
5.833000e-01 
4.722000e-01 
1.944000e-01 
3.333000e-01 
2.778000e-01 
2.500000e-01 
3.889000e-01 
3.056000e-01 
6.111000e-01 
6.667000e-01 
2.500000e-01 
2.500000e-01 
4.722000e-01 
3.611000e-01 
3.611000e-01 
6.111000e-01 
2.222000e-01 
5.833000e-01 
2.778000e-01 
3.056000e-01 
2.222000e-01 
4.722000e-01 
1.667000e-01 
6.389000e-01 
2.778000e-01 
5.556000e-01 
4.444000e-01 
1.667000e-01 
4.722000e-01 
6.944000e-01 
3.333000e-01 
3.333000e-01 
3.056000e-01 
2.778000e-01 
4.722000e-01 
2.500000e-01 
4.722000e-01 
4.167000e-01 
3.889000e-01 
1.667000e-01 
2.778000e-01 
6.111000e-01 
4.444000e-01 
1.667000e-01 
4.167000e-01 
4.167000e-01 
3.056000e-01 
2.222000e-01 
4.167000e-01 
5.278000e-01 
5.833000e-01 
5.556000e-01 
2.500000e-01 
6.111000e-01 
3.611000e-01 
2.778000e-01 
5.833000e-01 
2.500000e-01 
5.556000e-01 
5.278000e-01 
5.278000e-01 
5.278000e-01 
4.167000e-01 
4.722000e-01 
3.333000e-01 
4.444000e-01 
3.333000e-01 
4.722000e-01 
4.444000e-01 
4.444000e-01 
5.556000e-01 
4.722000e-01 
3.889000e-01 
3.611000e-01 
6.667000e-01 
4.722000e-01 
4.722000e-01 
6.389000e-01 
5.278000e-01 
2.778000e-01 
3.611000e-01 
3.056000e-01 
4.722000e-01 
1.667000e-01 
3.889000e-01 
4.167000e-01 
5.556000e-01 
3.056000e-01 
1.667000e-01 
4.167000e-01 
4.722000e-01 
5.556000e-01 
6.111000e-01 
3.333000e-01 
2.778000e-01 
1.389000e-01 
4.722000e-01 
3.056000e-01 
5.560000e-02 
3.611000e-01 
4.722000e-01 
6.389000e-01 
3.056000e-01 
2.778000e-01 
2.500000e-01 
4.167000e-01 
3.889000e-01 
3.889000e-01 
3.611000e-01 
1.944000e-01 
3.889000e-01 
2.500000e-01 
2.500000e-01 
4.722000e-01 
3.611000e-01 
4.722000e-01 
4.444000e-01 
5.833000e-01 
4.722000e-01 
3.056000e-01 
3.056000e-01 
3.889000e-01 
3.333000e-01 
2.778000e-01 
5.000000e-01 
4.722000e-01 
4.722000e-01 
2.222000e-01 
2.222000e-01 
3.333000e-01 
2.222000e-01 
2.500000e-01 
7.222000e-01 
5.278000e-01 
4.722000e-01 
3.056000e-01 
4.167000e-01 
4.444000e-01 
5.000000e-01 
3.889000e-01 
3.889000e-01 
2.778000e-01 
3.056000e-01 
3.611000e-01 
1.944000e-01 
2.222000e-01 
5.278000e-01 
3.056000e-01 
2.778000e-01 
3.333000e-01 
4.167000e-01 
3.611000e-01 
4.722000e-01 
3.611000e-01 
5.000000e-01 
4.167000e-01 
3.333000e-01 
2.500000e-01 
2.778000e-01 
1.944000e-01 
3.333000e-01 
3.889000e-01 
3.889000e-01 
5.000000e-01 
3.889000e-01 
3.611000e-01 
6.389000e-01 
4.444000e-01 
2.222000e-01 
2.222000e-01 
5.278000e-01 
4.444000e-01 
4.722000e-01 
3.889000e-01 
5.556000e-01 
4.722000e-01 
3.889000e-01 
4.444000e-01 
6.389000e-01 
4.722000e-01 
5.000000e-01 
2.778000e-01 
5.000000e-01 
4.722000e-01 
5.000000e-01 
3.611000e-01 
1.667000e-01 
1.944000e-01 
1.667000e-01 
5.556000e-01 
