3.158000e-01 
5.260000e-02 
8.947000e-01 
6.842000e-01 
3.684000e-01 
6.316000e-01 
4.211000e-01 
4.211000e-01 
5.260000e-02 
1.579000e-01 
4.737000e-01 
5.789000e-01 
3.684000e-01 
4.211000e-01 
0 
1.053000e-01 
5.260000e-02 
5.260000e-02 
4.211000e-01 
5.260000e-02 
2.105000e-01 
5.263000e-01 
3.158000e-01 
1.053000e-01 
0 
4.737000e-01 
5.789000e-01 
2.632000e-01 
1.053000e-01 
2.632000e-01 
1.579000e-01 
0 
1.579000e-01 
3.684000e-01 
3.684000e-01 
0 
3.158000e-01 
3.158000e-01 
3.684000e-01 
5.260000e-02 
5.260000e-02 
2.105000e-01 
3.158000e-01 
0 
2.105000e-01 
2.105000e-01 
2.105000e-01 
1.579000e-01 
3.158000e-01 
3.684000e-01 
2.105000e-01 
1.053000e-01 
0 
1.053000e-01 
0 
1.579000e-01 
1.579000e-01 
1.579000e-01 
3.158000e-01 
2.632000e-01 
1.579000e-01 
5.260000e-02 
1.053000e-01 
0 
5.260000e-02 
1.053000e-01 
0 
1.053000e-01 
2.105000e-01 
1.053000e-01 
3.158000e-01 
1.053000e-01 
1.579000e-01 
5.789000e-01 
4.737000e-01 
2.105000e-01 
1.053000e-01 
3.684000e-01 
0 
0 
2.105000e-01 
4.737000e-01 
4.211000e-01 
5.260000e-02 
1.053000e-01 
5.260000e-02 
4.737000e-01 
0 
1.053000e-01 
1.053000e-01 
2.105000e-01 
2.105000e-01 
1.053000e-01 
1.053000e-01 
2.105000e-01 
5.260000e-02 
1.579000e-01 
5.260000e-02 
1.053000e-01 
1.053000e-01 
5.260000e-02 
4.737000e-01 
5.260000e-02 
5.260000e-02 
1.579000e-01 
1.053000e-01 
1.579000e-01 
0 
4.211000e-01 
3.158000e-01 
1.053000e-01 
4.737000e-01 
1.579000e-01 
1.579000e-01 
1.579000e-01 
4.211000e-01 
2.632000e-01 
5.263000e-01 
2.105000e-01 
0 
1.053000e-01 
5.260000e-02 
1.053000e-01 
1.579000e-01 
2.105000e-01 
2.632000e-01 
5.260000e-02 
1.053000e-01 
5.260000e-02 
0 
1.579000e-01 
3.158000e-01 
5.260000e-02 
5.789000e-01 
1.053000e-01 
1.053000e-01 
0 
0 
2.105000e-01 
1.579000e-01 
2.105000e-01 
1.579000e-01 
3.158000e-01 
2.632000e-01 
2.105000e-01 
1.579000e-01 
1.579000e-01 
4.211000e-01 
3.684000e-01 
3.158000e-01 
1.053000e-01 
5.260000e-02 
1.053000e-01 
1.053000e-01 
0 
4.737000e-01 
2.632000e-01 
1.579000e-01 
1.053000e-01 
2.632000e-01 
3.684000e-01 
2.632000e-01 
1.579000e-01 
2.105000e-01 
0 
5.260000e-02 
3.684000e-01 
2.105000e-01 
0 
2.105000e-01 
1.579000e-01 
3.158000e-01 
1.053000e-01 
2.632000e-01 
2.105000e-01 
5.260000e-02 
5.263000e-01 
2.105000e-01 
1.579000e-01 
2.105000e-01 
3.158000e-01 
0 
1.579000e-01 
1.579000e-01 
1.053000e-01 
5.260000e-02 
5.260000e-02 
3.158000e-01 
1.579000e-01 
5.260000e-02 
1.053000e-01 
5.260000e-02 
2.105000e-01 
5.260000e-02 
0 
2.632000e-01 
2.632000e-01 
1.053000e-01 
2.632000e-01 
1.579000e-01 
3.158000e-01 
1.053000e-01 
0 
3.158000e-01 
5.260000e-02 
1.579000e-01 
2.105000e-01 
1.579000e-01 
2.105000e-01 
1.053000e-01 
5.260000e-02 
2.632000e-01 
2.105000e-01 
2.632000e-01 
6.842000e-01 
0 
1.053000e-01 
5.260000e-02 
1.579000e-01 
2.632000e-01 
1.579000e-01 
1.053000e-01 
3.158000e-01 
5.260000e-02 
1.579000e-01 
0 
1.053000e-01 
2.632000e-01 
2.105000e-01 
1.053000e-01 
2.105000e-01 
4.737000e-01 
1.053000e-01 
5.260000e-02 
1.053000e-01 
0 
5.260000e-02 
1.579000e-01 
1.579000e-01 
0 
5.260000e-02 
5.260000e-02 
1.579000e-01 
1.053000e-01 
5.260000e-02 
5.260000e-02 
5.260000e-02 
0 
5.260000e-02 
1.053000e-01 
1.053000e-01 
1.053000e-01 
0 
1.053000e-01 
5.260000e-02 
3.684000e-01 
2.632000e-01 
2.105000e-01 
1.579000e-01 
3.684000e-01 
3.684000e-01 
3.158000e-01 
1.579000e-01 
1.053000e-01 
2.105000e-01 
2.105000e-01 
7.368000e-01 
2.105000e-01 
3.684000e-01 
1 
3.158000e-01 
2.632000e-01 
1.053000e-01 
1.053000e-01 
2.105000e-01 
3.158000e-01 
4.211000e-01 
0 
1.053000e-01 
5.260000e-02 
5.260000e-02 
5.260000e-02 
1.579000e-01 
4.211000e-01 
2.105000e-01 
4.737000e-01 
4.737000e-01 
1.579000e-01 
5.260000e-02 
4.211000e-01 
3.158000e-01 
1.579000e-01 
2.632000e-01 
3.158000e-01 
2.632000e-01 
5.260000e-02 
1.579000e-01 
5.260000e-02 
2.105000e-01 
6.316000e-01 
1.579000e-01 
3.684000e-01 
5.260000e-02 
0 
5.260000e-02 
1.053000e-01 
0 
5.260000e-02 
3.158000e-01 
5.260000e-02 
5.260000e-02 
4.211000e-01 
2.105000e-01 
0 
5.260000e-02 
1.579000e-01 
2.105000e-01 
1.579000e-01 
1.053000e-01 
5.263000e-01 
2.632000e-01 
1.053000e-01 
1.053000e-01 
0 
5.260000e-02 
0 
5.260000e-02 
2.105000e-01 
1.579000e-01 
1.579000e-01 
5.260000e-02 
0 
2.105000e-01 
1.053000e-01 
4.211000e-01 
1.053000e-01 
5.260000e-02 
1.579000e-01 
2.105000e-01 
3.158000e-01 
6.316000e-01 
5.260000e-02 
0 
5.260000e-02 
1.579000e-01 
1.579000e-01 
0 
0 
1.579000e-01 
1.579000e-01 
3.684000e-01 
0 
1.579000e-01 
2.632000e-01 
3.158000e-01 
2.105000e-01 
2.632000e-01 
3.684000e-01 
4.211000e-01 
1.053000e-01 
1.053000e-01 
4.211000e-01 
