4.651000e-01 
1 
2.907000e-01 
5.814000e-01 
3.837000e-01 
3.023000e-01 
2.326000e-01 
3.372000e-01 
3.256000e-01 
3.721000e-01 
5.233000e-01 
5.814000e-01 
4.419000e-01 
4.884000e-01 
2.209000e-01 
2.093000e-01 
2.209000e-01 
3.140000e-01 
3.140000e-01 
2.674000e-01 
3.372000e-01 
4.419000e-01 
2.674000e-01 
2.558000e-01 
2.674000e-01 
2.442000e-01 
3.837000e-01 
3.256000e-01 
4.767000e-01 
4.651000e-01 
4.302000e-01 
2.093000e-01 
3.953000e-01 
5.000000e-01 
3.605000e-01 
1.744000e-01 
4.070000e-01 
2.558000e-01 
3.372000e-01 
2.907000e-01 
3.140000e-01 
3.372000e-01 
3.488000e-01 
3.023000e-01 
2.326000e-01 
3.023000e-01 
3.837000e-01 
2.209000e-01 
2.209000e-01 
3.488000e-01 
4.070000e-01 
1.628000e-01 
2.209000e-01 
2.209000e-01 
3.721000e-01 
3.372000e-01 
1.977000e-01 
1.395000e-01 
2.674000e-01 
2.674000e-01 
4.070000e-01 
4.186000e-01 
2.791000e-01 
3.023000e-01 
4.302000e-01 
2.442000e-01 
3.953000e-01 
1.279000e-01 
2.558000e-01 
2.907000e-01 
2.907000e-01 
2.674000e-01 
4.535000e-01 
3.721000e-01 
2.209000e-01 
3.953000e-01 
3.605000e-01 
4.070000e-01 
3.372000e-01 
3.837000e-01 
4.070000e-01 
1.977000e-01 
3.372000e-01 
3.023000e-01 
1.628000e-01 
3.837000e-01 
3.256000e-01 
2.907000e-01 
2.209000e-01 
3.140000e-01 
3.372000e-01 
3.837000e-01 
2.674000e-01 
3.140000e-01 
1.047000e-01 
2.326000e-01 
3.488000e-01 
2.442000e-01 
4.186000e-01 
1.279000e-01 
2.209000e-01 
3.140000e-01 
1.163000e-01 
3.256000e-01 
2.209000e-01 
1.395000e-01 
2.209000e-01 
1.163000e-01 
2.674000e-01 
3.140000e-01 
3.605000e-01 
2.093000e-01 
4.767000e-01 
1.860000e-01 
5.000000e-01 
2.907000e-01 
2.907000e-01 
2.442000e-01 
2.674000e-01 
2.093000e-01 
2.674000e-01 
2.326000e-01 
2.209000e-01 
1.977000e-01 
4.186000e-01 
2.093000e-01 
1.977000e-01 
1.860000e-01 
3.140000e-01 
3.140000e-01 
2.093000e-01 
2.442000e-01 
2.558000e-01 
2.558000e-01 
3.605000e-01 
1.628000e-01 
2.442000e-01 
3.372000e-01 
3.488000e-01 
2.093000e-01 
2.674000e-01 
3.953000e-01 
2.326000e-01 
2.907000e-01 
2.791000e-01 
3.256000e-01 
3.605000e-01 
3.372000e-01 
4.535000e-01 
3.721000e-01 
2.326000e-01 
2.791000e-01 
3.023000e-01 
2.558000e-01 
2.093000e-01 
2.674000e-01 
3.256000e-01 
4.186000e-01 
1.395000e-01 
2.907000e-01 
3.023000e-01 
1.047000e-01 
1.395000e-01 
1.977000e-01 
4.535000e-01 
1.279000e-01 
2.093000e-01 
5.810000e-02 
2.209000e-01 
1.628000e-01 
2.907000e-01 
2.558000e-01 
2.209000e-01 
3.140000e-01 
2.558000e-01 
2.907000e-01 
3.953000e-01 
1.047000e-01 
1.744000e-01 
1.860000e-01 
9.300000e-02 
1.047000e-01 
8.140000e-02 
1.977000e-01 
1.860000e-01 
1.860000e-01 
2.674000e-01 
1.047000e-01 
1.977000e-01 
2.674000e-01 
9.300000e-02 
1.628000e-01 
3.372000e-01 
3.605000e-01 
2.791000e-01 
2.558000e-01 
1.163000e-01 
2.442000e-01 
3.023000e-01 
2.791000e-01 
1.628000e-01 
1.860000e-01 
2.093000e-01 
3.256000e-01 
1.860000e-01 
1.977000e-01 
1.512000e-01 
1.977000e-01 
3.721000e-01 
1.512000e-01 
1.977000e-01 
2.209000e-01 
2.093000e-01 
3.140000e-01 
1.279000e-01 
1.744000e-01 
2.442000e-01 
1.977000e-01 
2.442000e-01 
2.907000e-01 
2.326000e-01 
3.488000e-01 
2.093000e-01 
2.907000e-01 
1.977000e-01 
1.977000e-01 
2.442000e-01 
2.558000e-01 
2.209000e-01 
2.442000e-01 
2.209000e-01 
1.744000e-01 
3.023000e-01 
1.628000e-01 
1.047000e-01 
2.326000e-01 
2.791000e-01 
2.791000e-01 
3.023000e-01 
1.860000e-01 
2.209000e-01 
8.140000e-02 
1.977000e-01 
1.744000e-01 
2.326000e-01 
2.442000e-01 
8.140000e-02 
2.791000e-01 
1.628000e-01 
2.093000e-01 
1.860000e-01 
2.907000e-01 
2.791000e-01 
3.023000e-01 
4.651000e-01 
3.837000e-01 
5.000000e-01 
1.977000e-01 
3.605000e-01 
4.419000e-01 
5.698000e-01 
4.767000e-01 
2.907000e-01 
4.070000e-01 
2.558000e-01 
3.488000e-01 
3.256000e-01 
2.326000e-01 
2.442000e-01 
2.093000e-01 
1.977000e-01 
2.326000e-01 
3.953000e-01 
3.256000e-01 
3.837000e-01 
3.953000e-01 
2.209000e-01 
3.721000e-01 
3.953000e-01 
5.698000e-01 
2.442000e-01 
2.558000e-01 
3.023000e-01 
2.674000e-01 
2.558000e-01 
4.302000e-01 
3.488000e-01 
2.907000e-01 
7.326000e-01 
5.116000e-01 
5.465000e-01 
2.209000e-01 
3.140000e-01 
5.465000e-01 
2.093000e-01 
2.093000e-01 
4.419000e-01 
3.953000e-01 
3.721000e-01 
4.651000e-01 
3.256000e-01 
2.791000e-01 
2.674000e-01 
3.837000e-01 
2.326000e-01 
3.721000e-01 
4.302000e-01 
3.721000e-01 
2.209000e-01 
3.372000e-01 
3.023000e-01 
3.721000e-01 
2.209000e-01 
4.651000e-01 
5.930000e-01 
4.186000e-01 
4.884000e-01 
6.395000e-01 
4.651000e-01 
3.488000e-01 
4.767000e-01 
3.721000e-01 
3.837000e-01 
3.488000e-01 
3.605000e-01 
2.326000e-01 
5.233000e-01 
4.302000e-01 
2.674000e-01 
3.953000e-01 
2.907000e-01 
4.070000e-01 
1.279000e-01 
2.209000e-01 
3.256000e-01 
2.209000e-01 
3.140000e-01 
2.674000e-01 
3.372000e-01 
2.558000e-01 
3.837000e-01 
3.023000e-01 
3.488000e-01 
1.744000e-01 
3.023000e-01 
2.442000e-01 
7.442000e-01 
3.140000e-01 
3.372000e-01 
1.860000e-01 
4.302000e-01 
3.140000e-01 
4.302000e-01 
4.767000e-01 
1.977000e-01 
3.605000e-01 
4.535000e-01 
2.791000e-01 
4.884000e-01 
1.512000e-01 
2.442000e-01 
1.744000e-01 
