7.018000e-01 
2.807000e-01 
7.544000e-01 
5.439000e-01 
2.281000e-01 
6.491000e-01 
5.088000e-01 
6.140000e-01 
4.737000e-01 
5.439000e-01 
2.456000e-01 
1.579000e-01 
2.281000e-01 
5.439000e-01 
5.439000e-01 
5.088000e-01 
3.684000e-01 
2.632000e-01 
4.211000e-01 
4.737000e-01 
4.211000e-01 
5.088000e-01 
3.509000e-01 
4.737000e-01 
7.018000e-01 
2.456000e-01 
1.053000e-01 
1.404000e-01 
3.860000e-01 
1.930000e-01 
5.263000e-01 
6.140000e-01 
9.474000e-01 
7.018000e-01 
4.737000e-01 
6.316000e-01 
4.035000e-01 
4.386000e-01 
2.105000e-01 
4.561000e-01 
8.070000e-01 
3.333000e-01 
4.561000e-01 
3.684000e-01 
3.684000e-01 
2.105000e-01 
3.158000e-01 
9.123000e-01 
4.211000e-01 
4.211000e-01 
3.333000e-01 
7.719000e-01 
3.158000e-01 
1.053000e-01 
4.561000e-01 
4.386000e-01 
5.789000e-01 
2.281000e-01 
1.930000e-01 
3.333000e-01 
1.930000e-01 
4.561000e-01 
4.737000e-01 
8.947000e-01 
6.491000e-01 
6.491000e-01 
6.842000e-01 
6.316000e-01 
3.684000e-01 
4.912000e-01 
4.561000e-01 
2.632000e-01 
5.263000e-01 
4.912000e-01 
2.456000e-01 
5.263000e-01 
4.737000e-01 
4.912000e-01 
6.316000e-01 
5.439000e-01 
8.772000e-01 
4.737000e-01 
4.386000e-01 
5.439000e-01 
6.667000e-01 
2.632000e-01 
5.439000e-01 
7.895000e-01 
4.035000e-01 
3.684000e-01 
2.105000e-01 
4.035000e-01 
4.737000e-01 
6.140000e-01 
3.509000e-01 
5.789000e-01 
7.544000e-01 
3.158000e-01 
4.386000e-01 
4.211000e-01 
6.842000e-01 
7.018000e-01 
2.456000e-01 
5.088000e-01 
6.842000e-01 
1.930000e-01 
4.912000e-01 
7.544000e-01 
5.614000e-01 
1.404000e-01 
3.333000e-01 
5.965000e-01 
5.789000e-01 
2.982000e-01 
7.368000e-01 
4.386000e-01 
2.807000e-01 
4.912000e-01 
1.930000e-01 
1.404000e-01 
5.088000e-01 
4.737000e-01 
1 
5.263000e-01 
4.561000e-01 
3.158000e-01 
3.333000e-01 
2.982000e-01 
6.842000e-01 
2.281000e-01 
3.860000e-01 
3.509000e-01 
4.211000e-01 
4.737000e-01 
1.754000e-01 
2.807000e-01 
2.982000e-01 
1.228000e-01 
4.035000e-01 
5.789000e-01 
7.544000e-01 
2.982000e-01 
3.158000e-01 
8.770000e-02 
3.509000e-01 
4.737000e-01 
6.842000e-01 
3.509000e-01 
4.737000e-01 
4.737000e-01 
1.228000e-01 
4.035000e-01 
4.035000e-01 
1.228000e-01 
7.368000e-01 
4.386000e-01 
6.667000e-01 
6.491000e-01 
5.439000e-01 
4.737000e-01 
6.491000e-01 
7.368000e-01 
5.789000e-01 
7.368000e-01 
6.667000e-01 
8.246000e-01 
4.035000e-01 
2.632000e-01 
3.333000e-01 
5.263000e-01 
5.965000e-01 
6.140000e-01 
2.281000e-01 
6.842000e-01 
4.912000e-01 
6.491000e-01 
8.421000e-01 
4.035000e-01 
4.035000e-01 
5.965000e-01 
5.965000e-01 
8.246000e-01 
8.421000e-01 
5.439000e-01 
7.368000e-01 
4.211000e-01 
7.719000e-01 
2.982000e-01 
2.807000e-01 
5.439000e-01 
3.684000e-01 
6.316000e-01 
6.140000e-01 
2.982000e-01 
3.684000e-01 
5.614000e-01 
1.404000e-01 
5.088000e-01 
3.333000e-01 
2.456000e-01 
4.912000e-01 
3.860000e-01 
6.667000e-01 
7.895000e-01 
1.053000e-01 
4.211000e-01 
4.561000e-01 
4.035000e-01 
5.088000e-01 
2.105000e-01 
2.982000e-01 
7.544000e-01 
5.088000e-01 
7.368000e-01 
3.860000e-01 
1.404000e-01 
5.614000e-01 
4.386000e-01 
5.088000e-01 
6.316000e-01 
8.770000e-02 
3.509000e-01 
6.316000e-01 
4.912000e-01 
5.789000e-01 
4.386000e-01 
7.193000e-01 
2.807000e-01 
4.211000e-01 
2.281000e-01 
3.509000e-01 
2.632000e-01 
4.912000e-01 
6.667000e-01 
4.737000e-01 
1.930000e-01 
6.491000e-01 
1.930000e-01 
5.439000e-01 
1.930000e-01 
8.070000e-01 
2.281000e-01 
5.439000e-01 
3.860000e-01 
4.737000e-01 
4.211000e-01 
5.789000e-01 
2.105000e-01 
7.193000e-01 
3.158000e-01 
5.965000e-01 
2.456000e-01 
4.912000e-01 
3.509000e-01 
1.754000e-01 
8.770000e-02 
4.912000e-01 
1.930000e-01 
5.789000e-01 
4.737000e-01 
6.491000e-01 
5.263000e-01 
4.386000e-01 
6.491000e-01 
4.386000e-01 
3.860000e-01 
3.509000e-01 
3.509000e-01 
4.912000e-01 
4.386000e-01 
5.439000e-01 
5.263000e-01 
8.070000e-01 
3.860000e-01 
3.333000e-01 
6.842000e-01 
2.105000e-01 
4.561000e-01 
1.404000e-01 
1.579000e-01 
4.211000e-01 
0 
4.386000e-01 
3.684000e-01 
2.105000e-01 
1.930000e-01 
2.281000e-01 
3.333000e-01 
5.439000e-01 
4.211000e-01 
1.754000e-01 
3.509000e-01 
2.456000e-01 
5.614000e-01 
4.737000e-01 
2.807000e-01 
4.737000e-01 
2.281000e-01 
2.632000e-01 
5.789000e-01 
3.333000e-01 
4.912000e-01 
3.860000e-01 
4.737000e-01 
4.561000e-01 
4.211000e-01 
3.860000e-01 
3.684000e-01 
2.281000e-01 
1.754000e-01 
2.281000e-01 
2.105000e-01 
2.807000e-01 
3.684000e-01 
3.860000e-01 
2.456000e-01 
4.035000e-01 
2.456000e-01 
3.158000e-01 
4.561000e-01 
2.807000e-01 
3.333000e-01 
8.770000e-02 
2.807000e-01 
7.368000e-01 
4.211000e-01 
3.860000e-01 
2.456000e-01 
2.281000e-01 
2.105000e-01 
4.386000e-01 
2.807000e-01 
5.263000e-01 
1.930000e-01 
5.263000e-01 
2.632000e-01 
6.667000e-01 
3.860000e-01 
6.842000e-01 
2.456000e-01 
3.860000e-01 
4.912000e-01 
5.614000e-01 
6.140000e-01 
4.211000e-01 
3.684000e-01 
2.632000e-01 
2.807000e-01 
2.456000e-01 
1.930000e-01 
5.439000e-01 
4.386000e-01 
5.439000e-01 
2.632000e-01 
4.737000e-01 
3.333000e-01 
5.088000e-01 
2.105000e-01 
3.509000e-01 
4.561000e-01 
5.789000e-01 
5.614000e-01 
